"Kartagener Syndrome[SEP][CLS]nephroblastoma","0"
"Ocular Hypertension[SEP][CLS]chondrosarcoma","0"
"Primary Diffuse Large B-Cell Lymphoma of the Central Nervous System[SEP][CLS]myeloid and lymphoid neoplasms with eosinophilia and abnormalities of PDGFRA, PDGFRB, and FGFR1","0"
"Appendix Mucinous Cystadenocarcinoma[SEP][CLS]pulmonary valve disease","0"
"Abducens Nerve Disorder[SEP][CLS]meningioma","0"
"Fibromyalgia[SEP][CLS]EWSR1-negative small round cell tumor","0"
"Malignant Neoplasm of Lower Jaw Bone[SEP][CLS]jaw cancer","1"
"Subacute Lymphocytic Thyroiditis[SEP][CLS]functioning pituitary adenoma","0"
"Childhood Brain Stem Astrocytoma[SEP][CLS]uterine cancer","0"
"Ileitis[SEP][CLS]liposarcoma","0"
"Mediastinal Teratoma[SEP][CLS]breast lobular carcinoma","0"
"Holmes-Adie Syndrome[SEP][CLS]neurodegenerative disease","0"
"Achromatopsia[SEP][CLS]intestinal disease","0"
"Extramammary Paget Disease[SEP][CLS]skin carcinoma","1"
"Lymphoid Leukemia[SEP][CLS]myeloid and lymphoid neoplasms with eosinophilia and abnormalities of PDGFRA, PDGFRB, and FGFR1","0"
"Tricuspid Valve Insufficiency[SEP][CLS]ovarian dysfunction","0"
"Deep Fibrous Histiocytoma[SEP][CLS]lacrimal apparatus disease","0"
"Testicular Granulosa Cell Tumor[SEP][CLS]B-cell lymphoma","0"
"Pleomorphic Xanthoastrocytoma[SEP][CLS]low grade glioma","1"
"Cranial Nodular Fasciitis[SEP][CLS]laryngitis","0"
"Breast Apocrine Adenosis[SEP][CLS]eye disease","0"
"Goiter[SEP][CLS]testicular cancer","0"
"Uterine Corpus Myxoid Leiomyosarcoma[SEP][CLS]acute asthma","0"
"Lacrimal System Disorder[SEP][CLS]ectodermal dysplasia","0"
"Chronic Monocytic Leukemia[SEP][CLS]choroid plexus cancer","0"
"Adult Yolk Sac Tumor[SEP][CLS]dental pulp disease","0"
"Lipoadenoma[SEP][CLS]central nervous system sarcoma","0"
"Microcephaly[SEP][CLS]small cell sarcoma","0"
"Juvenile Breast Papillomatosis[SEP][CLS]cervical adenomyoma","0"
"Idiopathic CD4-Positive T-Lymphocytopenia[SEP][CLS]fallopian tube adenocarcinoma","0"
"Adrenal Rest Tumor[SEP][CLS]papilloma","0"
"Familial Hypertrophic Cardiomyopathy[SEP][CLS]hypertrophic cardiomyopathy","1"
"Angiokeratoma of Fordyce[SEP][CLS]postgastrectomy syndrome","0"
"Mongolian Spot[SEP][CLS]hypoglycemia","0"
"Urethral Urothelial Papilloma[SEP][CLS]urethral benign neoplasm","1"
"Perthes Disease[SEP][CLS]urinary tract obstruction","0"
"Small Cell Osteosarcoma[SEP][CLS]granulosa cell tumor","0"
"Macrotrabecular Hepatoblastoma[SEP][CLS]bone benign neoplasm","0"
"Hypogonadotropic Hypogonadism with Anosmia[SEP][CLS]cholestasis","0"
"Anthracosilicosis[SEP][CLS]gastritis","0"
"Lactotroph Pituitary Neuroendocrine Tumor[SEP][CLS]syndrome","0"
"Mixed Cell Adenoma[SEP][CLS]pancreatic cystadenocarcinoma","0"
"Vulvar Alveolar Soft Part Sarcoma[SEP][CLS]central nervous system cancer","0"
"Penile Urethral Malignant Neoplasm[SEP][CLS]bladder urothelial carcinoma","0"
"Protoplasmic Astrocytoma[SEP][CLS]neuroma","0"
"Silicosis[SEP][CLS]pneumoconiosis","1"
"Pemphigus Vulgaris[SEP][CLS]lymphatic system disease","0"
"Vulvar Sebaceous Carcinoma[SEP][CLS]chronic ulcer of skin","0"
"Intraocular Pressure Decreased[SEP][CLS]acute myeloid leukemia","0"
"Anal Canal Neuroendocrine Neoplasm[SEP][CLS]anus benign neoplasm","1"
"Early Gastric Cancer[SEP][CLS]organic acidemia","0"
"Newcastle Disease[SEP][CLS]visceral heterotaxy","0"
"Cutaneous Schwannoma[SEP][CLS]phosphorus metabolism disease","0"
"Gastric Gastrin-Producing Neuroendocrine Tumor[SEP][CLS]scleral disease","0"
"Guillain-Barre Syndrome[SEP][CLS]carcinoma","0"
"Venous Hemangioma[SEP][CLS]skull base chordoma","0"
"Diffuse Large B-Cell Lymphoma Activated B-Cell Type[SEP][CLS]childhood leukemia","0"
"Hepatitis C Infection[SEP][CLS]esophageal disease","0"
"Oral Cavity Disorder[SEP][CLS]placenta disease","0"
"Malignant Frontal Sinus Neoplasm[SEP][CLS]hematologic cancer","0"
"Breast Hypertrophy[SEP][CLS]skin sarcoma","0"
"Multicentric Reticulohistiocytosis[SEP][CLS]ovarian biphasic or triphasic teratoma","0"
"Neuroblastoma[SEP][CLS]sexual dysfunction","0"
"Quadriplegia[SEP][CLS]GM2 gangliosidosis","0"
"Neonatal Candidiasis[SEP][CLS]dermatitis","0"
"Penile Urethral Malignant Neoplasm[SEP][CLS]male urethral cancer","1"
"Toxic Nodular Goiter[SEP][CLS]hyperthyroidism","1"
"Diffuse Cutaneous Mastocytosis[SEP][CLS]mucopolysaccharidosis","0"
"Extragonadal Seminoma[SEP][CLS]cystadenofibroma","0"
"Early Gastric Cancer[SEP][CLS]gastric adenocarcinoma","1"
"Persistent Fetal Circulation[SEP][CLS]pulmonary hypertension","1"
"Tourette Syndrome[SEP][CLS]thymoma","0"
"Intracerebral Cystic Meningioma[SEP][CLS]retinal vein occlusion","0"
"Melanoma[SEP][CLS]spinal cord disease","0"
"Ampulla of Vater Clear Cell Adenocarcinoma[SEP][CLS]bone giant cell tumor","0"
"Adult Choroid Plexus Neoplasm[SEP][CLS]chromosomal deletion syndrome","0"
"Van der Woude Syndrome[SEP][CLS]syndrome","1"
"Ovarian Endometrioid Cystadenofibroma[SEP][CLS]myeloproliferative neoplasm","0"
"Somatostatin-Producing Neuroendocrine Tumor[SEP][CLS]cerebral convexity meningioma","0"
"Bladder Tubulo-Cystic Clear Cell Adenocarcinoma[SEP][CLS]parasitic ectoparasitic infectious disease","0"
"Central Nervous System Immature Teratoma[SEP][CLS]squamous cell carcinoma","0"
"Keratosis[SEP][CLS]spinal canal and spinal cord meningioma","0"
"Meconium Aspiration Syndrome[SEP][CLS]intestinal disease","0"
"Beta Thalassemia Major[SEP][CLS]glucose metabolism disease","0"
"Glycogen-Rich, Clear Cell Breast Carcinoma[SEP][CLS]breast adenocarcinoma","0"
"Relapsing-Remitting Multiple Sclerosis[SEP][CLS]periodontal disease","0"
"Ureteric Orifice[SEP][CLS]epilepsy","0"
"Mediastinal Synovial Sarcoma[SEP][CLS]pancreatic carcinoma","0"
"Acute Myeloid Leukemia without Maturation[SEP][CLS]synostosis","0"
"High Grade Astrocytoma with Piloid Features[SEP][CLS]hyperostosis","0"
"Mixed Tumor of the Salivary Gland[SEP][CLS]endometrial stromal tumor","0"
"Posterior Pituitary Gland Neoplasm[SEP][CLS]pituitary gland benign neoplasm","1"
"Pilomatrical Carcinoma[SEP][CLS]liver benign neoplasm","0"
"Spiradenocarcinoma[SEP][CLS]chronic leukemia","0"
"Plexopathy[SEP][CLS]choriocarcinoma of ovary","0"
"Cribriform Carcinoma[SEP][CLS]encephalitis","0"
"Solid/Trabecular Variant Thyroid Gland Papillary Carcinoma[SEP][CLS]high grade ependymoma","0"
"Pseudohypoparathyroidism[SEP][CLS]epilepsy","0"
"Childhood Medulloblastoma[SEP][CLS]medulloblastoma","1"
"Meckel Diverticulum[SEP][CLS]physical disorder","1"
"Galactokinase Deficiency[SEP][CLS]histone mutated tumor","0"
"Frontal Sinusitis[SEP][CLS]thoracic disease","0"
"Aortic Valve Stenosis[SEP][CLS]kidney sarcoma","0"
"Ovarian Solid Teratoma[SEP][CLS]appendix cancer","0"
"Hyperphosphatemia[SEP][CLS]primary congenital glaucoma","0"
"Dacryocystitis[SEP][CLS]fallopian tube cancer","0"
"Retinal Cell Neoplasm[SEP][CLS]teratoma","0"
"Keratoconjunctivitis[SEP][CLS]eye disease","1"
"Cyclic Neutropenia[SEP][CLS]skull cancer","0"
"Melanotic Schwannoma[SEP][CLS]neurilemmoma","1"
"Richter Syndrome[SEP][CLS]chronic lymphocytic leukemia","1"
"Pica Eating Disorder[SEP][CLS]eating disorder","1"
"Orbit Rhabdomyosarcoma[SEP][CLS]parasitic protozoa infectious disease","0"
"Periampullary Adenocarcinoma[SEP][CLS]ampulla of Vater adenocarcinoma","1"
"Skin Pseudovascular Squamous Cell Carcinoma[SEP][CLS]viral infectious disease","0"
"Mixed Receptive-Expressive Language Disorder[SEP][CLS]uterine ligament adenocarcinoma","0"
"Argininemia[SEP][CLS]neurilemmoma","0"
"Prostate Stromal Sarcoma[SEP][CLS]lymphoma","0"
"Sarcoidosis[SEP][CLS]B-cell lymphoma","0"
"Hyperdiploid B Lymphoblastic Leukemia/Lymphoma[SEP][CLS]vulva adenocarcinoma","0"
"Paget Disease[SEP][CLS]neuropathy","0"
"Thyroid Gland Macrofollicular Adenoma[SEP][CLS]severe combined immunodeficiency","0"
"Ovarian Endometrioid Adenocarcinofibroma[SEP][CLS]diabetes mellitus","0"
"Palmoplantar Pustulosis[SEP][CLS]dermatitis","1"
"Cervical Non-Keratinizing Squamous Cell Carcinoma[SEP][CLS]endometrial adenocarcinoma","0"
"Bronchopneumonia[SEP][CLS]extraocular retinoblastoma","0"
"Fanconi Anemia[SEP][CLS]metal metabolism disorder","0"
"Biphasic Synovial Sarcoma[SEP][CLS]pituitary adenoma","0"
"Glomeruloid Hemangioma[SEP][CLS]blood coagulation disease","0"
"Neonatal Leukemia[SEP][CLS]cerebellar astrocytoma","0"
"Chronic Polyneuropathy[SEP][CLS]upper respiratory tract disease","0"
"Hypertropia[SEP][CLS]strabismus","1"
"Cleft Palate[SEP][CLS]retinal artery occlusion","0"
"Rumination Disorder[SEP][CLS]peripheral T-cell lymphoma","0"
"Thymoma Type B1[SEP][CLS]thymoma type B","1"
"Focal Embolic Glomerulonephritis[SEP][CLS]glomerulonephritis","1"
"Mucin-Rich Endometrial Endometrioid Adenocarcinoma[SEP][CLS]vaginal disease","0"
"Primary Intracranial Sarcoma, DICER1-Mutant[SEP][CLS]brain sarcoma","1"
"Adenomyoma[SEP][CLS]cell type benign neoplasm","1"
"Intracerebral Cystic Meningioma[SEP][CLS]vascular disease","0"
"Intracranial Cavernous Hemangioma[SEP][CLS]synostosis","0"
"Kaolin Pneumoconiosis[SEP][CLS]cystic teratoma","0"
"Gastric Ulcer[SEP][CLS]hypersensitivity reaction type III disease","0"
"Glossitis[SEP][CLS]thyroid gland disease","0"
"Childhood Epithelioid Sarcoma[SEP][CLS]epithelioid sarcoma","1"
"Kartagener Syndrome[SEP][CLS]cerebellopontine angle tumor","0"
"Diabetic Retinopathy[SEP][CLS]low grade glioma","0"
"Ovarian Small Cell Carcinoma[SEP][CLS]liver benign neoplasm","0"
"Mixed Mineral Dust Pneumoconiosis[SEP][CLS]intraocular retinoblastoma","0"
"Orchitis[SEP][CLS]benign teratoma","0"
"Prostate Leiomyosarcoma[SEP][CLS]osteochondrodysplasia","0"
"Mesangial Proliferative Glomerulonephritis[SEP][CLS]choriocarcinoma","0"
"Vaginal Endometrioid Stromal and Related Neoplasms[SEP][CLS]long bone adamantinoma","0"
"Cerebral Hemisphere Lipoma[SEP][CLS]plasma protein metabolism disease","0"
"Infiltrating Bladder Urothelial Carcinoma, Lymphoma-Like Variant[SEP][CLS]invasive bladder transitional cell carcinoma","1"
"Hematologic and Lymphocytic Disorder[SEP][CLS]autoimmune disease","0"
"Tumor of the Follicular Infundibulum[SEP][CLS]osteosarcoma","0"
"Corneal Edema[SEP][CLS]breast squamous cell carcinoma","0"
"Ovarian Cystic Teratoma[SEP][CLS]gastric diffuse adenocarcinoma","0"
"Dissociative Disorder[SEP][CLS]orbit sarcoma","0"
"Vesicoureteral Reflux[SEP][CLS]thyroid gland disease","0"
"Neurogenic Bladder[SEP][CLS]keratosis","0"
"Mucolipidosis[SEP][CLS]glioblastoma","0"
"Adult Brain Stem Mixed Glioma[SEP][CLS]tauopathy","0"
"Parachordoma[SEP][CLS]skin disease","0"
"Pericholangitis[SEP][CLS]adenofibroma","0"
"Chronic Cholangitis[SEP][CLS]fallopian tube cancer","0"
"Biphasic Pulmonary Blastoma[SEP][CLS]kidney disease","0"
"Vulvar Angiokeratoma[SEP][CLS]brain glioma","0"
"Refractory Malignant Testicular Germ Cell Tumor[SEP][CLS]commensal bacterial infectious disease","0"
"Pilocytic Astrocytoma[SEP][CLS]cell type cancer","0"
"Biphasic Synovial Sarcoma[SEP][CLS]brain disease","0"
"Cervical Endometrioid Stromal and Related Neoplasms[SEP][CLS]non-Hodgkin lymphoma","0"
"Canker Sore[SEP][CLS]cerebrum cancer","0"
"Pancreatic ACTH-Producing Neuroendocrine Tumor[SEP][CLS]breast benign neoplasm","0"
"Ovarian Solid Teratoma[SEP][CLS]mature teratoma of the ovary","1"
"Bronchopneumonia[SEP][CLS]pilocytic astrocytoma","0"
"Leprosy[SEP][CLS]primary bacterial infectious disease","1"
"Intrahepatic Bile Duct Intraductal Papillary Neoplasm[SEP][CLS]retinal disease","0"
"Interstitial Myositis[SEP][CLS]chronic conjunctivitis","0"
"Limb-Girdle Muscular Dystrophy[SEP][CLS]viral infectious disease","0"
"Subacute Thyroiditis[SEP][CLS]autosomal dominant intellectual developmental disorder","0"
"Breast Myoepithelial Tumor[SEP][CLS]pleomorphic rhabdomyosarcoma","0"
"Irritant Contact Dermatitis[SEP][CLS]pituitary adenoma","0"
"Anemia[SEP][CLS]subependymal glioma","0"
"Trichomonas Infection[SEP][CLS]monocytic leukemia","0"
"Corneal Disorder[SEP][CLS]eye disease","1"
"Xanthogranulomatous Cholecystitis[SEP][CLS]mouth disease","0"
"Posteroinferior Myocardial Infarction by ECG Finding[SEP][CLS]uremia","0"
"Functioning Pituitary Neuroendocrine Tumor[SEP][CLS]primary hyperoxaluria","0"
"Cryptococcosis[SEP][CLS]sweat gland benign neoplasm","0"
"Alpha Thalassemia[SEP][CLS]islet cell tumor","0"
"Cervical Atypical Polypoid Adenomyoma[SEP][CLS]leiomyosarcoma","0"
"Glucose Metabolism Disorder[SEP][CLS]male urethral cancer","0"
"Malignant Soft Palate Neoplasm[SEP][CLS]primary bacterial infectious disease","0"
"Senile Cataract[SEP][CLS]bladder squamous cell carcinoma","0"
"Acute Salpingitis[SEP][CLS]mediastinal neurilemmoma","0"
"Adult Brain Stem Astrocytoma[SEP][CLS]cholangiocarcinoma","0"
"Breast Myoepitheliosis[SEP][CLS]lymphoma","0"
"Penile Verrucous Carcinoma[SEP][CLS]epilepsy","0"
"Corneal Disorder[SEP][CLS]skin disease","0"
"Nasal Cavity and Paranasal Sinus Lethal Midline Granuloma[SEP][CLS]ovarian dysfunction","0"
"Tuberculous Empyema[SEP][CLS]invasive bladder transitional cell carcinoma","0"
"Achenbach Syndrome[SEP][CLS]infancy electroclinical syndrome","0"
"Arteriovenous Malformation/Hemangioma[SEP][CLS]parathyroid gland disease","0"
"Hepatolenticular Degeneration[SEP][CLS]spinal cord ependymoma","0"
"Eosinophilic Meningitis[SEP][CLS]breast benign neoplasm","0"
"Osteomalacia[SEP][CLS]bone osteosarcoma","0"
"Subependymoma[SEP][CLS]acute myeloid leukemia","0"
"Lip Disorder[SEP][CLS]mixed glioma","0"
"Hypothyroidism[SEP][CLS]cystitis","0"
"Ethmoid Sinus Adenoid Cystic Carcinoma[SEP][CLS]oophoritis","0"
"Adrenal Gland Ganglioneuroblastoma[SEP][CLS]nose disease","0"
"Congenital Infundibular Stenosis[SEP][CLS]myocardial infarction","0"
"Melanomatosis[SEP][CLS]personality disorder","0"
"Vitamin B1 Deficiency[SEP][CLS]ciliary body cancer","0"
"Coagulation Disorder[SEP][CLS]breast mucinous carcinoma","0"
"Benign Vaginal Mixed Epithelial and Mesenchymal Neoplasm[SEP][CLS]arthritis","0"
"Angular Cheilitis[SEP][CLS]breast carcinoma","0"
"Alopecia[SEP][CLS]hypotrichosis","1"
"Anal Margin Paget Disease[SEP][CLS]color blindness","0"
"Breast Fibrocystic Change, Non-Proliferative Type[SEP][CLS]neurofibroma","0"
"Apocrine Adenoma[SEP][CLS]childhood brain stem neoplasm","0"
"46,XY Gonadal Dysgenesis[SEP][CLS]acanthoma","0"
"Epithelioid Hemangioma[SEP][CLS]embryonal rhabdomyosarcoma","0"
"Primary Hyperoxaluria[SEP][CLS]skin disease","0"
"Transient Hypogammaglobulinemia of Infancy[SEP][CLS]fallopian tube benign neoplasm","0"
"Burning Mouth Syndrome[SEP][CLS]calcium metabolism disease","0"
"Skin Pseudovascular Squamous Cell Carcinoma[SEP][CLS]intestinal disease","0"
"Asynchronous Multifocal Osteosarcoma[SEP][CLS]syndrome","0"
"Granulomatous Endometritis[SEP][CLS]GM2 gangliosidosis","0"
"Corneal Abscess[SEP][CLS]neurodegenerative disease","0"
"Ovarian Clear Cell Cystadenocarcinoma[SEP][CLS]immune system disease","0"
"Cervical Endometriosis[SEP][CLS]male urethral cancer","0"
"Ovarian Mixed Germ Cell Tumor[SEP][CLS]lymphoid leukemia","0"
"Chronic Tic Disorder[SEP][CLS]liposarcoma","0"
"Acanthosis Nigricans[SEP][CLS]rhabdomyosarcoma","0"
"Anorexia Nervosa[SEP][CLS]ovary epithelial cancer","0"
"Gonadoblastoma[SEP][CLS]prostate cancer","0"
"Amyloidosis[SEP][CLS]cerebellum cancer","0"
"AV Block Second Degree Mobitz Type II[SEP][CLS]cranial nerve disease","0"
"Mature Ovarian Teratoma[SEP][CLS]hypopharynx cancer","0"
"Hyperdiploid B Lymphoblastic Leukemia/Lymphoma[SEP][CLS]B-lymphoblastic leukemia/lymphoma","1"
"External Ear Disorder[SEP][CLS]glossopharyngeal nerve neoplasm","0"
"Primary Lateral Sclerosis[SEP][CLS]invasive bladder transitional cell carcinoma","0"
"Posteroinferior Myocardial Infarction by ECG Finding[SEP][CLS]breast disease","0"
"Ischemic Neuropathy[SEP][CLS]syndactyly","0"
"Vulvar Melanoma[SEP][CLS]vulva cancer","1"
"Ovarian Clear Cell Adenofibroma[SEP][CLS]ovarian benign neoplasm","1"
"Eccrine Neoplasm[SEP][CLS]blood protein disease","0"
"Jervell and Lange Nielsen Syndrome[SEP][CLS]melanoma","0"
"Cerebral Atherosclerosis[SEP][CLS]leukodystrophy","0"
"Schizophreniform Disorder[SEP][CLS]benign ependymoma","0"
"Pancreatic Mucinous Ductal Ectasia[SEP][CLS]corneal endothelial dystrophy","0"
"Ectopic Pregnancy[SEP][CLS]colonic benign neoplasm","0"
"Pineoblastoma[SEP][CLS]intracranial structure hemangioma","0"
"Epiglottitis[SEP][CLS]pharynx cancer","0"
"Hypertrichosis[SEP][CLS]strabismus","0"
"Breast Central Papilloma[SEP][CLS]lymphatic system disease","0"
"Adult Pleomorphic Rhabdomyosarcoma[SEP][CLS]acute leukemia","0"
"Hemopericardium[SEP][CLS]plasma protein metabolism disease","0"
"Scleritis[SEP][CLS]hypogonadotropic hypogonadism","0"
"Thyroid Carcinoma Arising in Struma Ovarii[SEP][CLS]breast carcinoma in situ","0"
"Farber Lipogranulomatosis[SEP][CLS]syphilis","0"
"Primary Hyperoxaluria Type III[SEP][CLS]malignant exocrine pancreas neoplasm","0"
"Vaginal Leiomyosarcoma[SEP][CLS]ventricular septal defect","0"
"Stress Polycythemia[SEP][CLS]spinal canal and spinal cord meningioma","0"
"Acute Salpingitis[SEP][CLS]orbit rhabdomyosarcoma","0"
"Soft Tissue Chondroma[SEP][CLS]cholecystitis","0"
"Croup[SEP][CLS]gastrointestinal allergy","0"
"Lipoadenoma[SEP][CLS]adenoma","1"
"Arteriosclerosis[SEP][CLS]mixed type thymoma","0"
"Malignant Spermatic Cord Neoplasm[SEP][CLS]blood coagulation disease","0"
"Nephritis[SEP][CLS]bone development disease","0"
"Ovarian Fetiform Teratoma[SEP][CLS]glomerulonephritis","0"
"Adiposis Dolorosa[SEP][CLS]primary systemic mycosis","0"
"Alkaptonuria[SEP][CLS]neurodegenerative disease","0"
"Collagenous Colitis[SEP][CLS]microscopic colitis","1"
"Panniculitis[SEP][CLS]herpes simplex","0"
"Hereditary Clear Cell Renal Cell Carcinoma[SEP][CLS]hypothyroidism","0"
"Trigonitis[SEP][CLS]intestinal disease","0"
"Persistent Fetal Circulation[SEP][CLS]gonadal dysgenesis","0"
"Bladder Tubulo-Cystic Clear Cell Adenocarcinoma[SEP][CLS]bladder clear cell adenocarcinoma","1"
"Vesicoureteral Reflux[SEP][CLS]cranial nerve disease","0"
"Malignant Melanotic Psammomatous Peripheral Nerve Sheath Tumor[SEP][CLS]keratosis","0"
"Malignant Neoplasm[SEP][CLS]B cell deficiency","0"
"Ovarian Yolk Sac Tumor, Hepatoid Pattern[SEP][CLS]EEC syndrome","0"
"Hypoplastic Right Heart Syndrome[SEP][CLS]congenital heart disease","1"
"Extranodal Marginal Zone Lymphoma of Mucosa-Associated Lymphoid Tissue[SEP][CLS]diffuse large B-cell lymphoma","0"
"Thyroid Gland Oncocytic Adenoma[SEP][CLS]leukocyte disease","0"
"Oculopharyngeal Muscular Dystrophy[SEP][CLS]colonic disease","0"
"Prostate Disorder[SEP][CLS]male reproductive system disease","1"
"Cardiac Sarcoma[SEP][CLS]urinary bladder cancer","0"
"Balanitis Xerotica Obliterans[SEP][CLS]skin disease","0"
"Combined Lung Large Cell Neuroendocrine Carcinoma[SEP][CLS]pulmonary large cell neuroendocrine carcinoma","1"
"Multidrug-Resistant Tuberculosis[SEP][CLS]cholangitis","0"
"Mediastinal Synovial Sarcoma[SEP][CLS]chondrosarcoma","0"
"Granuloma Inguinale[SEP][CLS]primary bacterial infectious disease","1"
"Meningeal Sarcomatosis[SEP][CLS]gastrointestinal system disease","0"
"Malignant Synovial Neoplasm[SEP][CLS]connective tissue cancer","1"
"Juvenile Pilocytic Astrocytoma[SEP][CLS]acute orbital inflammation","0"
"Cervical Poorly Differentiated Adenosquamous Carcinoma[SEP][CLS]urea cycle disorder","0"
"Malignant Hypopharyngeal Neoplasm[SEP][CLS]urinary bladder cancer","0"
"Salivary Cyst[SEP][CLS]salivary gland disease","1"
"Invasive Bladder Microcystic Urothelial Carcinoma[SEP][CLS]central nervous system benign neoplasm","0"
"Idiopathic Crescentic Glomerulonephritis[SEP][CLS]central nervous system benign neoplasm","0"
"Postpartum Depression[SEP][CLS]melancholic depression","1"
"Short Bowel Syndrome[SEP][CLS]hemangioma","0"
"Fallopian Tube Serous Cystadenofibroma[SEP][CLS]osteosarcoma","0"
"Proliferative Fasciitis[SEP][CLS]breast benign neoplasm","0"
"CHARGE Syndrome[SEP][CLS]testicular disease","0"
"Melanoacanthoma[SEP][CLS]type 2 diabetes mellitus","0"
"Pancreatic Mucinous Ductal Ectasia[SEP][CLS]sarcoidosis","0"
"Rete Testis Neoplasm[SEP][CLS]glossopharyngeal nerve disease","0"
"Clivus Chordoma[SEP][CLS]well-differentiated liposarcoma","0"
"Ovarian Seromucinous Carcinoma[SEP][CLS]ovarian carcinoma","1"
"Blepharoconjunctivitis[SEP][CLS]bone osteosarcoma","0"
"Benign Teratoma[SEP][CLS]malignant pleural mesothelioma","0"
"Mycobacterium Avium Infection[SEP][CLS]acute myeloid leukemia","0"
"Breast Flat Ductal Epithelial Atypia[SEP][CLS]fallopian tube benign neoplasm","0"
"Glaucoma[SEP][CLS]lymphatic system disease","0"
"Panhypopituitarism[SEP][CLS]maxillary sinus benign neoplasm","0"
"Pilocytic Astrocytoma[SEP][CLS]parasitic protozoa infectious disease","0"
"46,XY Gonadal Dysgenesis[SEP][CLS]skin disease","0"
"Testicular Non-Seminomatous Germ Cell Tumor[SEP][CLS]glomerulonephritis","0"
"Gastrointestinal Stromal Tumor[SEP][CLS]kidney disease","0"
"Pineal Region Mature Teratoma[SEP][CLS]cholestasis","0"
"Extrahepatic Bile Duct Signet Ring Cell Carcinoma[SEP][CLS]sarcoma","0"
"Lymphomatoid Granulomatosis[SEP][CLS]agnosia","0"
"Uveitis[SEP][CLS]uveal disease","1"
"Long QT Syndrome[SEP][CLS]pituitary adenoma","0"
"Atherosclerosis[SEP][CLS]physical disorder","0"
"Ovarian Germ Cell Tumor[SEP][CLS]endocrine gland cancer","0"
"Pancreatic Vipoma[SEP][CLS]focal dystonia","0"
"Uterine Corpus Lipoleiomyoma[SEP][CLS]vulva carcinoma","0"
"Stomatitis[SEP][CLS]cervical squamous cell carcinoma","0"
"Adult Central Nervous System Embryonal Carcinoma[SEP][CLS]disease of anatomical entity","0"
"Paranasal Sinus Disorder[SEP][CLS]nose disease","1"
"Acquired Hemangioma[SEP][CLS]ovarian primitive germ cell tumor","0"
"Morbid Obesity[SEP][CLS]obesity","1"
"Meniere Disease[SEP][CLS]eye lymphoma","0"
"Intravascular Nodular Fasciitis[SEP][CLS]thyroid gland papillary carcinoma","0"
"Burkitt Lymphoma[SEP][CLS]hemangioma","0"
"Primary Sclerosing Cholangitis[SEP][CLS]endocrine organ benign neoplasm","0"
"Periosteal Chondroma[SEP][CLS]chromophil adenoma of the kidney","0"
"Childhood Central Nervous System Germ Cell Tumor[SEP][CLS]gonadal disease","0"
"Junctional Epidermolysis Bullosa[SEP][CLS]vein disease","0"
"Lens Disorder[SEP][CLS]leiomyoma","0"
"Cardiac Malignant Peripheral Nerve Sheath Tumor[SEP][CLS]sigmoid neoplasm","0"
"Invasive Bladder Lipid-Rich Urothelial Carcinoma[SEP][CLS]esophageal carcinoma","0"
"Alcoholic Gastritis[SEP][CLS]syndrome","0"
"Essential Thrombocythemia[SEP][CLS]prion disease","0"
"Hypertensive Retinopathy[SEP][CLS]hypertension","0"
"Spinal Muscular Atrophy Type 3[SEP][CLS]breast fibrocystic disease","0"
"Atypical Polypoid Adenomyoma[SEP][CLS]motor neuron disease","0"
"Scirrhous Adenocarcinoma[SEP][CLS]hypoglycemia","0"
"Nicotine Dependence[SEP][CLS]plasma protein metabolism disease","0"
"Fibroosseous Pseudotumor of Digits[SEP][CLS]open-angle glaucoma","0"
"Superficial Multifocal Basal Cell Carcinoma[SEP][CLS]central nervous system benign neoplasm","0"
"Chronic Lymphoproliferative Disorder of NK-Cells[SEP][CLS]uveitis","0"
"Vulvar Leiomyoma[SEP][CLS]brain stem glioma","0"
"Hypertrophic Cardiomyopathy[SEP][CLS]liver benign neoplasm","0"
"Breast Intraductal Proliferative Lesion[SEP][CLS]syndrome","0"
"Skin Adamantinoid Basal Cell Carcinoma[SEP][CLS]myocarditis","0"
"Medulloepithelioma Not Otherwise Specified[SEP][CLS]peripheral nervous system disease","0"
"Ciliary Body Disorder[SEP][CLS]bone resorption disease","0"
"Verrucous Carcinoma[SEP][CLS]vulvar sarcoma","0"
"Occult Lung Small Cell Carcinoma[SEP][CLS]cervical squamous cell carcinoma","0"
"Malignant Olfactory Nerve Neoplasm[SEP][CLS]cell type benign neoplasm","0"
"Venezuelan Equine Fever[SEP][CLS]IDH-mutant anaplastic astrocytoma","0"
"Craniofacial Dysostosis[SEP][CLS]benign perivascular tumor","0"
"Benign Vaginal Mixed Tumor[SEP][CLS]arthropathy","0"
"Maple Syrup Urine Disease[SEP][CLS]pancreatitis","0"
"Breast Liposarcoma[SEP][CLS]breast sarcoma","1"
"Status Epilepticus[SEP][CLS]epilepsy","1"
"Extrahepatic Bile Duct Papillary Adenoma[SEP][CLS]ovarian dysfunction","0"
"Panuveitis[SEP][CLS]gastric teratoma","0"
"Nasal Cavity Disorder[SEP][CLS]bilirubin metabolic disorder","0"
"Progressive Supranuclear Palsy[SEP][CLS]inflammatory bowel disease","0"
"Endomyocardial Fibrosis[SEP][CLS]ovarian biphasic or triphasic teratoma","0"
"Trichinosis[SEP][CLS]parasitic helminthiasis infectious disease","1"
"Pericholangitis[SEP][CLS]benign ependymoma","0"
"Rete Testis Neoplasm[SEP][CLS]male reproductive organ cancer","1"
"Multinodular and Vacuolated Neuronal Tumor[SEP][CLS]infective endocarditis","0"
"Acute Hemorrhagic Encephalitis[SEP][CLS]brain disease","0"
"Ovarian Small Cell Carcinoma, Hypercalcemic Type[SEP][CLS]ovarian small cell carcinoma","1"
"Hemoglobinuria[SEP][CLS]tongue disease","0"
"Mucopolysaccharidosis[SEP][CLS]germ cell cancer","0"
"Benign Mucous Membrane Pemphigoid[SEP][CLS]spinal cancer","0"
"Adult Central Nervous System Solitary Fibrous Tumor, Grade 3[SEP][CLS]centronuclear myopathy","0"
"Poland Syndrome[SEP][CLS]lymphoid leukemia","0"
"Megacolon[SEP][CLS]second-degree atrioventricular block","0"
"Childhood Embryonal Tumor with Multilayered Rosettes, C19MC-Altered[SEP][CLS]pneumoconiosis","0"
"Juvenile Xanthogranuloma[SEP][CLS]neurofibromatosis","0"
"Dermatosis Papulosa Nigra[SEP][CLS]glomerulonephritis","0"
"Ophthalmoplegia[SEP][CLS]vulva cancer","0"
"Skin Atrophy[SEP][CLS]gastrointestinal system cancer","0"
"Occult Lung Adenocarcinoma[SEP][CLS]plasmacytoma","0"
"Lung Lymphangioleiomyomatosis[SEP][CLS]polycythemia","0"
"Hepatoblastoma[SEP][CLS]myopia","0"
"Cervical Mucinous Adenocarcinoma, Signet Ring Cell-Type[SEP][CLS]cervical mucinous adenocarcinoma","1"
"Ovarian Monodermal Teratoma[SEP][CLS]medulloblastoma","0"
"Cryptophthalmia[SEP][CLS]brain disease","0"
"Ovarian Clear Cell Adenofibroma[SEP][CLS]skin benign neoplasm","0"
"Thrombophlebitis[SEP][CLS]endodermal sinus tumor","0"
"Vulvar Squamous Papillomatosis[SEP][CLS]breast adenocarcinoma","0"
"Bizarre Leiomyoma[SEP][CLS]clivus meningioma","0"
"Ascariasis[SEP][CLS]lymphadenitis","0"
"Plantar Verrucous Carcinoma[SEP][CLS]acute proliferative glomerulonephritis","0"
"Urethral Obstruction[SEP][CLS]thrombophilia","0"
"Androgen Insensitivity Syndrome[SEP][CLS]medulloblastoma","0"
"Malignant Testicular Germ Cell Tumor[SEP][CLS]supraglottis squamous cell carcinoma","0"
"Thyroid Carcinoma Arising in Struma Ovarii[SEP][CLS]parasitic helminthiasis infectious disease","0"
"Testicular Yolk Sac Tumor, Macrocystic Pattern[SEP][CLS]subglottis squamous cell carcinoma","0"
"Infective Arthritis[SEP][CLS]bone inflammation disease","0"
"Yolk Sac Tumor[SEP][CLS]renal tubular transport disease","0"
"Aleukemic Monocytic Leukemia Cutis[SEP][CLS]breast squamous cell carcinoma","0"
"Dermatophytosis of Groin and Perianal Area[SEP][CLS]B-lymphoblastic leukemia/lymphoma","0"
"Laryngeal Adenoid Cystic Carcinoma[SEP][CLS]bronchial disease","0"
"Interstitial Myositis[SEP][CLS]lymphoma","0"
"Hereditary Melanoma[SEP][CLS]melanoma","1"
"Trabecular Adenocarcinoma[SEP][CLS]goiter","0"
"Pediculosis[SEP][CLS]autosomal dominant intellectual developmental disorder","0"
"Burkitt Lymphoma[SEP][CLS]endocrine system disease","0"
"Endometrial Endometrioid Adenocarcinoma, Secretory Variant[SEP][CLS]calcinosis","0"
"Fallopian Tube Disorder[SEP][CLS]skin benign neoplasm","0"
"Rapidly Progressive Glomerulonephritis[SEP][CLS]mineral metabolism disease","0"
"Skin Acantholytic Squamous Cell Carcinoma[SEP][CLS]pseudosarcomatous fibromatosis","0"
"Lymphocyte-Rich Classic Hodgkin Lymphoma[SEP][CLS]parasitic helminthiasis infectious disease","0"
"Gastric Leiomyosarcoma[SEP][CLS]anaplastic oligodendroglioma","0"
"Gonadotropin-Dependent Precocious Puberty[SEP][CLS]hyperparathyroidism","0"
"Breast Hemangiopericytoma[SEP][CLS]papilloma","0"
"Cerebral Malaria[SEP][CLS]mature T-cell and NK-cell lymphoma","0"
"Differentiating Neuroblastoma[SEP][CLS]esophageal disease","0"
"Cardiovascular Disorder[SEP][CLS]brain angioma","0"
"Eccrine Neoplasm[SEP][CLS]histiocytic and dendritic cell cancer","0"
"Stevens-Johnson Syndrome[SEP][CLS]male reproductive organ benign neoplasm","0"
"Non-Neoplastic Reproductive System Disorder[SEP][CLS]prostate adenocarcinoma","0"
"Diffuse Lipomatosis[SEP][CLS]kidney sarcoma","0"
"Ovarian Stromal Hyperthecosis[SEP][CLS]teeth hard tissue disease","0"
"Keratopathy[SEP][CLS]corneal disease","1"
"Pleural Disorder[SEP][CLS]embryonal testis carcinoma","0"
"Endomyocardial Fibrosis[SEP][CLS]restrictive cardiomyopathy","1"
"Childhood Meningioma[SEP][CLS]breast carcinoma","0"
"Porphyria Cutanea Tarda[SEP][CLS]sebaceous gland neoplasm","0"
"Acute Myocarditis[SEP][CLS]peripheral nerve sheath neoplasm","0"
"Metanephric Adenofibroma[SEP][CLS]male reproductive organ benign neoplasm","0"
"Acatalasemia[SEP][CLS]peroxisomal disease","1"
"Remnant Hyperlipidemia[SEP][CLS]myeloid and lymphoid neoplasms with eosinophilia and abnormalities of PDGFRA, PDGFRB, and FGFR1","0"
"Transitional Cell Papilloma[SEP][CLS]skin disease","0"
"Clear Cell Adenoma[SEP][CLS]ovarian benign neoplasm","0"
"Variegate Porphyria[SEP][CLS]malignant astrocytoma","0"
"Angiomyolipoma[SEP][CLS]kidney disease","0"
"CREST Syndrome[SEP][CLS]lysosomal storage disease","0"
"Testicular Monophasic Choriocarcinoma[SEP][CLS]choriocarcinoma of the testis","1"
"Pediculosis Pubis[SEP][CLS]breast cancer","0"
"Tracheitis[SEP][CLS]sensory system disease","0"
"T-Cell Prolymphocytic Leukemia[SEP][CLS]connective tissue cancer","0"
"Vulvar Squamous Papilloma[SEP][CLS]esophagitis","0"
"Aagenaes Syndrome[SEP][CLS]salivary gland disease","0"
"Double Cortex Syndrome[SEP][CLS]angiosarcoma","0"
"Malignant Ovarian Epithelial Tumor[SEP][CLS]B-cell lymphoma","0"
"Cervical Villoglandular Adenocarcinoma[SEP][CLS]tibial neuropathy","0"
"Beta Thalassemia Major[SEP][CLS]encephalitis","0"
"Neuropathy, Hereditary Sensory and Autonomic, Type I[SEP][CLS]well-differentiated liposarcoma","0"
"Thymoma Type B2[SEP][CLS]disease by infectious agent","0"
"Vulvar Granular Cell Tumor[SEP][CLS]glioblastoma","0"
"Occult Lung Adenocarcinoma[SEP][CLS]ovary epithelial cancer","0"
"Lateral Wall of the Bladder[SEP][CLS]somatoform disorder","0"
"Esophageal Melanoma[SEP][CLS]adolescence-adult electroclinical syndrome","0"
"Gestational Choriocarcinoma[SEP][CLS]meningioma","0"
"Premature Ejaculation[SEP][CLS]osteochondrodysplasia","0"
"Hidradenitis[SEP][CLS]sweat gland disease","1"
"Dedifferentiated Chondrosarcoma[SEP][CLS]neonatal jaundice","0"
"Cellular Ependymoma[SEP][CLS]metal metabolism disorder","0"
"Ankylosis[SEP][CLS]malignant astrocytoma","0"
"Female Breast Carcinoma[SEP][CLS]breast carcinoma","1"
"Pyomyositis[SEP][CLS]myositis","1"
"Silent Myocardial Infarction[SEP][CLS]mononeuropathy","0"
"Ataxia with Isolated Vitamin E Deficiency[SEP][CLS]vitamin metabolic disorder","1"
"Asbestos-Related Lung Carcinoma[SEP][CLS]mesenchymal cell neoplasm","0"
"Lactating Adenoma[SEP][CLS]acute leukemia","0"
"Spinal Cord Ependymoma, MYCN Amplified[SEP][CLS]lymphatic system disease","0"
"Pulmonary Embolism[SEP][CLS]colon cancer","0"
"Anovulation[SEP][CLS]myeloid neoplasm","0"
"Periocular Meningioma[SEP][CLS]myeloid neoplasm","0"
"Subependymoma[SEP][CLS]extraosseous Ewing sarcoma","0"
"Periodontitis[SEP][CLS]hemangiopericytoma","0"
"Large Cell Medulloblastoma[SEP][CLS]peripheral osteosarcoma","0"
"Penile Fibromatosis[SEP][CLS]skin disease","0"
"Skin Angiosarcoma[SEP][CLS]cervical adenocarcinoma","0"
"Choriocarcinoma[SEP][CLS]lung disease","0"
"Breast Large Cell Neuroendocrine Carcinoma[SEP][CLS]breast carcinoma","1"
"AIDS Phobia[SEP][CLS]bladder carcinoma","0"
"Hypersplenism[SEP][CLS]leukocyte disease","0"
"Fibroblastic Osteosarcoma[SEP][CLS]adult brain stem glioma","0"
"Thymic Large Cell Neuroendocrine Carcinoma[SEP][CLS]skin cancer","0"
"Cervical Adenomyoma, Mesonephric-Type[SEP][CLS]papilloma","0"
"Endometrioid Stromal Sarcoma of the Vagina[SEP][CLS]viral infectious disease","0"
"Cellular Congenital Mesoblastic Nephroma[SEP][CLS]opportunistic bacterial infectious disease","0"
"Microcystic Meningioma[SEP][CLS]pneumoconiosis","0"
"Conventional Angiosarcoma[SEP][CLS]multifocal osteogenic sarcoma","0"
"Notochordal Tumor[SEP][CLS]bone cancer","1"
"Colon Leiomyoma[SEP][CLS]sensory system disease","0"
"Testicular Atrophy[SEP][CLS]acute megakaryocytic leukemia","0"
"Cerebellar Pilocytic Astrocytoma[SEP][CLS]embryonal rhabdomyosarcoma","0"
"Non-Hodgkin Lymphoma[SEP][CLS]hair follicle neoplasm","0"
"Chronic Monocytic Leukemia[SEP][CLS]adult pineal parenchymal tumor","0"
"Sarcomatoid Renal Cell Carcinoma[SEP][CLS]auditory system disease","0"
"Luminal B Breast Carcinoma[SEP][CLS]agammaglobulinemia","0"
"Bilateral Retinoblastoma[SEP][CLS]cervical adenosquamous carcinoma","0"
"Small Cell Intermediate Cell Carcinoma[SEP][CLS]hidradenoma","0"
"Ovarian Malignant Mesothelioma[SEP][CLS]ovarian cancer","1"
"Childhood Parosteal Osteosarcoma[SEP][CLS]supraglottis squamous cell carcinoma","0"
"Acute Myeloid Leukemia with t(6;9)(p22.3;q34.1); DEK-NUP214[SEP][CLS]acute myeloid leukemia","1"
"Pulmonary Hypertension[SEP][CLS]renal agenesis","0"
"Scarlet Fever[SEP][CLS]steroid inherited metabolic disorder","0"
"Hiatal Hernia[SEP][CLS]testicular disease","0"
"Choroid Plexus Neoplasm[SEP][CLS]long QT syndrome","0"
"Cardiac Granular Cell Tumor[SEP][CLS]cardiovascular organ benign neoplasm","1"
"Subacute Glomerulonephritis[SEP][CLS]hypopharynx cancer","0"
"Cervical Adenomyoma, Endocervical-Type[SEP][CLS]vulva squamous cell carcinoma","0"
"Exanthem[SEP][CLS]breast metaplastic carcinoma","0"
"Thyroid Gland Oncocytic Carcinoma[SEP][CLS]thyroid gland follicular carcinoma","1"
"Liver Rhabdomyosarcoma[SEP][CLS]liver sarcoma","1"
"Macular Dystrophy, Retinal, 1[SEP][CLS]intestinal disease","0"
"Central Pontine Myelinolysis[SEP][CLS]duodenum disease","0"
"Tracheal Stenosis[SEP][CLS]tongue disease","0"
"Secondary Hypertension[SEP][CLS]osteosclerosis","0"
"Vitamin K Deficiency[SEP][CLS]nutritional deficiency disease","1"
"Acanthoma[SEP][CLS]gastrointestinal system benign neoplasm","0"
"Uterine Ligament Neoplasm[SEP][CLS]central nervous system benign neoplasm","0"
"Myocardial Infarction[SEP][CLS]hematologic cancer","0"
"Pneumonia[SEP][CLS]melancholic depression","0"
"Spina Bifida[SEP][CLS]neural tube defect","1"
"Endometrial Disorder[SEP][CLS]subglottis squamous cell carcinoma","0"
"Moyamoya Disease[SEP][CLS]adenofibroma","0"
"Adenocarcinoma[SEP][CLS]lipid storage disease","0"
"Galactosemia[SEP][CLS]depressive disorder","0"
"Childhood Central Nervous System Immature Teratoma[SEP][CLS]neutropenia","0"
"Ovarian Cystic Teratoma[SEP][CLS]retinal artery occlusion","0"
"Perthes Disease[SEP][CLS]endocrine system disease","0"
"Fibromyalgia[SEP][CLS]congenital heart disease","0"
"Spinal Multifocal Clear Cell Meningioma[SEP][CLS]acute biphenotypic leukemia","0"
"Adult Malignant Peripheral Nerve Sheath Tumor[SEP][CLS]myocarditis","0"
"Erythroleukemia[SEP][CLS]eye disease","0"
"Melanoma[SEP][CLS]cerebellum cancer","0"
"Potocki-Lupski Syndrome[SEP][CLS]heart sarcoma","0"
"Narcissistic Personality Disorder[SEP][CLS]lung disease","0"
"Endometrial Serous Adenocarcinoma[SEP][CLS]hyperostosis","0"
"C5 Deficiency[SEP][CLS]esophagitis","0"
"Elephantiasis[SEP][CLS]hydrocephalus","0"
"Vitamin B6 Deficiency[SEP][CLS]neurodegenerative disease","0"
"Skull Neoplasm[SEP][CLS]bone cancer","1"
"Transvestic Fetishism[SEP][CLS]colonic benign neoplasm","0"
"Werdnig-Hoffmann Disease[SEP][CLS]meningioma","0"
"Hereditary Spastic Paraplegia[SEP][CLS]thyroid sarcoma","0"
"Familial Dysautonomia[SEP][CLS]acanthoma","0"
"Ureterocele[SEP][CLS]carbohydrate metabolic disorder","0"
"Thymus Disorder[SEP][CLS]viral infectious disease","0"
"Acute Hemorrhagic Leukoencephalitis[SEP][CLS]blood platelet disease","0"
"Leiomyoma[SEP][CLS]high grade ependymoma","0"
"Diffuse Leptomeningeal Glioneuronal Tumor[SEP][CLS]thyroid gland disease","0"
"Cervical Endometrioid Stromal and Related Neoplasms[SEP][CLS]synovial sarcoma","0"
"Ileitis[SEP][CLS]Crohn's disease","1"
"Alzheimer's Disease[SEP][CLS]acute biphenotypic leukemia","0"
"Conjunctival Disorder[SEP][CLS]cerebellopontine angle tumor","0"
"Cervical Large Cell Neuroendocrine Carcinoma[SEP][CLS]bullous skin disease","0"
"Intravascular Large B-Cell Lymphoma[SEP][CLS]rectum sarcoma","0"
"Mediastinal Granular Cell Tumor[SEP][CLS]ovarian benign neoplasm","0"
"Unstable Angina[SEP][CLS]low grade glioma","0"
"Adult Papillary Meningioma[SEP][CLS]rhabdoid meningioma","1"
"Hypoplastic Left Heart Syndrome[SEP][CLS]meningioma","0"
"Thymic Lymphoepithelial Carcinoma[SEP][CLS]cheilitis","0"
"Dermatitis[SEP][CLS]microcytic anemia","0"
"Cervical Small Cell Neuroendocrine Carcinoma[SEP][CLS]myeloid neoplasm","0"
"Oligoastrocytoma[SEP][CLS]skin disease","0"
"Childhood Testicular Embryonal Carcinoma[SEP][CLS]central nervous system germ cell tumor","0"
"Glycine Encephalopathy[SEP][CLS]amino acid metabolic disorder","1"
"Adult Acute Lymphoblastic Leukemia[SEP][CLS]hair follicle neoplasm","0"
"Blind Loop Syndrome[SEP][CLS]pancreatic carcinoma","0"
"Obsessive Compulsive Disorder[SEP][CLS]chondrosarcoma","0"
"Invasive Bladder Micropapillary Urothelial Carcinoma[SEP][CLS]agnosia","0"
"Fucosidosis[SEP][CLS]optic nerve astrocytoma","0"
"Cardiac Leiomyosarcoma[SEP][CLS]hemoglobinopathy","0"
"Apical Myocardial Infarction by ECG Finding[SEP][CLS]blepharitis","0"
"Spinocerebellar Ataxia Type 3[SEP][CLS]diffuse glomerulonephritis","0"
"Lysosomal Storage Disease[SEP][CLS]collagen disease","0"
"Subglottic Verrucous Carcinoma[SEP][CLS]neurofibroma","0"
"Potocki-Lupski Syndrome[SEP][CLS]testicular disease","0"
"Syringocystadenoma Papilliferum[SEP][CLS]bile duct disease","0"
"Tall Cell Variant Thyroid Gland Papillary Carcinoma[SEP][CLS]essential hypertension","0"
"Testicular Granulosa Cell Tumor[SEP][CLS]granulosa cell tumor","1"
"Intradural Extramedullary Cauda Equina Astrocytoma[SEP][CLS]acute myeloid leukemia","0"
"Lactating Adenoma[SEP][CLS]gastritis","0"
"Canker Sore[SEP][CLS]epilepsy","0"
"Neuronitis[SEP][CLS]syndrome","0"
"Krukenberg Tumor[SEP][CLS]endometrial stromal tumor","0"
"Intraventricular Brain Neoplasm[SEP][CLS]pituitary carcinoma","0"
"Cerebellar Pilocytic Astrocytoma[SEP][CLS]appendix cancer","0"
"Microcystic Meningioma[SEP][CLS]low grade glioma","0"
"Childhood Testicular Mixed Embryonal Carcinoma and Teratoma[SEP][CLS]retinal degeneration","0"
"Childhood Visual Pathway Glioma[SEP][CLS]lung cancer","0"
"Breast Liposarcoma[SEP][CLS]leiomyosarcoma","0"
"Megaesophagus[SEP][CLS]esophageal disease","1"
"Angle Closure Glaucoma[SEP][CLS]urinary system disease","0"
"Biphasic Mesothelioma[SEP][CLS]endodermal sinus tumor","0"
"Oral Cavity Hairy Leukoplakia[SEP][CLS]mouth disease","1"
"Malignant Eccrine Neoplasm[SEP][CLS]pulmonary fibrosis","0"
"Gastric Immature Teratoma[SEP][CLS]malignant gastric germ cell tumor","1"
"Hyperuricemia[SEP][CLS]thymoma","0"
"Multiple Skull Base Meningiomas[SEP][CLS]neurilemmoma","0"
"Thymus Disorder[SEP][CLS]adrenal cortical hypofunction","0"
"Tuberculous Empyema[SEP][CLS]gastritis","0"
"Hepatoid Adenocarcinoma[SEP][CLS]adenocarcinoma","1"
"Hypertrophic Cardiomyopathy[SEP][CLS]intrinsic cardiomyopathy","1"
"Autonomic Neuropathy[SEP][CLS]thymoma","0"
"Hyperglycemia[SEP][CLS]syndrome","0"
"Aspartylglycosaminuria[SEP][CLS]cerebellopontine angle tumor","0"
"Central Nervous System Neuroblastoma[SEP][CLS]thyroid gland disease","0"
"Cervical Small Cell Neuroendocrine Carcinoma[SEP][CLS]renal hypertension","0"
"MCD Diffuse Large B-Cell Lymphoma[SEP][CLS]breast carcinoma","0"
"Complete Androgen Insensitivity Syndrome[SEP][CLS]focal epilepsy","0"
"Interdigitating Dendritic Cell Sarcoma[SEP][CLS]physical disorder","0"
"Cancerphobia[SEP][CLS]brain disease","0"
"Calcification[SEP][CLS]intestinal cancer","0"
"Malignant Peripheral Nerve Sheath Tumor[SEP][CLS]peripheral nerve sheath neoplasm","1"
"Central Nervous System Leukemia[SEP][CLS]retinoblastoma","0"
"Pure Red Cell Aplasia[SEP][CLS]amino acid metabolic disorder","0"
"Glycogen Storage Disease Type I[SEP][CLS]glycogen storage disease","1"
"Bagassosis[SEP][CLS]artery disease","0"
"Beta Thalassemia[SEP][CLS]lung disease","0"
"Gestational Diabetes[SEP][CLS]breast metaplastic carcinoma","0"
"Ceruminous Adenocarcinoma[SEP][CLS]neonatal period electroclinical syndrome","0"
"Alzheimer's Disease[SEP][CLS]central nervous system sarcoma","0"
"Periventricular Leukomalacia[SEP][CLS]choroid disease","0"
"Cranial Nerve IV Palsy[SEP][CLS]laryngeal benign neoplasm","0"
"Mental Retardation[SEP][CLS]pancreatic intraductal papillary-colloid carcinoma","0"
"Acute Myeloid Leukemia with t(8;21)(q22; q22.1); RUNX1-RUNX1T1[SEP][CLS]opportunistic mycosis","0"
"Glioblastoma, IDH-Wildtype[SEP][CLS]glioblastoma","1"
"Cranial Nerve III Palsy[SEP][CLS]iris disease","0"
"Uterine Disorder[SEP][CLS]hematologic cancer","0"
"Plague[SEP][CLS]male infertility","0"
"Granular Cell Tumor of the Sellar Region[SEP][CLS]testicular yolk sac tumor","0"
"Periosteal Chondrosarcoma[SEP][CLS]secondary Parkinson disease","0"
"Skin Acantholytic Squamous Cell Carcinoma[SEP][CLS]skin squamous cell carcinoma","1"
"Conventional Leiomyosarcoma[SEP][CLS]gastrointestinal system disease","0"
"Carcinoma Arising in Nasal Papillomatosis[SEP][CLS]sex cord-gonadal stromal tumor","0"
"Systemic Mastocytosis with an Associated Myeloid Neoplasm[SEP][CLS]progressive myoclonus epilepsy","0"
"Breast Ductal Adenoma[SEP][CLS]thyroid gland papillary carcinoma","0"
"Retrograde Amnesia[SEP][CLS]immune system disease","0"
"Diffuse Midline Glioma, H3 K27M-Mutant[SEP][CLS]lung disease","0"
"Ophthalmia Neonatorum[SEP][CLS]bacterial conjunctivitis","1"
"Dacryocystitis[SEP][CLS]thyroid gland disease","0"
"Fibrous Histiocytoma[SEP][CLS]cervical adenitis","0"
"Nonanaplastic Kidney Wilms Tumor[SEP][CLS]nephroblastoma","1"
"Migraine With Aura[SEP][CLS]migraine","1"
"Verrucous Papilloma[SEP][CLS]papilloma","1"
"Chronic Toxic Polyneuropathy[SEP][CLS]chronic polyneuropathy","1"
"Teratoma[SEP][CLS]germ cell and embryonal cancer","1"
"Uterine Corpus Atypical Polypoid Adenomyoma[SEP][CLS]carbohydrate metabolic disorder","0"
"Blastomycosis[SEP][CLS]primary systemic mycosis","1"
"Dental Agenesis[SEP][CLS]testicular germ cell cancer","0"
"Barakat Syndrome[SEP][CLS]intestinal benign neoplasm","0"
"Tanycytic Ependymoma[SEP][CLS]viral infectious disease","0"
"Childhood Acute Myeloid Leukemia[SEP][CLS]eye disease","0"
"Follicular Helper T-Cell Lymphoma, Angioimmunoblastic-Type[SEP][CLS]lymphadenitis","0"
"Tangier Disease[SEP][CLS]vaginal adenoma","0"
"Mitral Valve Insufficiency[SEP][CLS]mitral valve disease","1"
"Miller Fisher Syndrome[SEP][CLS]cerebral convexity meningioma","0"
"Anal Canal Cloacogenic Carcinoma[SEP][CLS]acanthoma","0"
"Vulvar Paget Disease[SEP][CLS]muscle benign neoplasm","0"
"Mastocytosis[SEP][CLS]ovarian cystadenoma","0"
"Galactocele[SEP][CLS]substance-related disorder","0"
"Cervical Large Cell Neuroendocrine Carcinoma[SEP][CLS]pyelitis","0"
"Conjunctival Vascular Disorder[SEP][CLS]synovial sarcoma","0"
"Lung Acinar Adenocarcinoma[SEP][CLS]ovarian benign neoplasm","0"
"Specific Phobia[SEP][CLS]hemangioma","0"
"Adult Fibrosarcoma[SEP][CLS]vaginal benign neoplasm","0"
"Digestive System Neuroendocrine Neoplasm[SEP][CLS]tracheal disease","0"
"Hypodiploid B Lymphoblastic Leukemia/Lymphoma[SEP][CLS]urethra adenocarcinoma","0"
"Avoidant Personality Disorder[SEP][CLS]testicular disease","0"
"Primary Sclerosing Cholangitis[SEP][CLS]sclerosing cholangitis","1"
"Pancreatic ACTH-Producing Neuroendocrine Tumor[SEP][CLS]islet cell tumor","1"
"Laryngitis[SEP][CLS]systemic mastocytosis","0"
"Cerebellopontine Angle Embryonal Tumor, Not Otherwise Specified[SEP][CLS]cerebellopontine angle tumor","1"
"Argininemia[SEP][CLS]thyroid gland carcinoma","0"
"Bacillary Angiomatosis[SEP][CLS]superficial mycosis","0"
"Familial Polycythemia[SEP][CLS]tooth disease","0"
"Laryngeal Disorder[SEP][CLS]upper respiratory tract disease","1"
"Adult Cystic Nephroma[SEP][CLS]urethra cancer","0"
"Cervicomedullary Junction Neoplasm[SEP][CLS]disease by infectious agent","0"
"Undescended Testes[SEP][CLS]ovarian cancer","0"
"Chondroblastic Osteosarcoma[SEP][CLS]syndrome","0"
"Sideroblastic Anemia[SEP][CLS]syndrome","0"
"Hyperlipoproteinemia, Type II[SEP][CLS]lung disease","0"
"Scleroderma[SEP][CLS]jaw cancer","0"
"Endometrioid Stromal Sarcoma of the Cervix[SEP][CLS]leiomyoma","0"
"Adult Epithelioid Sarcoma[SEP][CLS]sleep apnea","0"
"Uterine Ligament Papillary Cystadenoma Associated with von Hippel-Lindau Disease[SEP][CLS]lipid-rich carcinoma","0"
"Hunter Syndrome[SEP][CLS]malignant olfactory nerve neoplasm","0"
"Brain Glioblastoma[SEP][CLS]thymic carcinoma","0"
"Chronic Eosinophilic Leukemia, Not Otherwise Specified[SEP][CLS]cognitive disorder","0"
"Plasma Cell Leukemia[SEP][CLS]Bartholin's gland disease","0"
"Composite Lymphoma[SEP][CLS]kidney disease","0"
"Cervical Endometrioid Adenocarcinoma[SEP][CLS]specific developmental disorder","0"
"Rete Testis Neoplasm[SEP][CLS]skin squamous cell carcinoma","0"
"Gastric Leiomyoma[SEP][CLS]skull base meningioma","0"
"Adult Xanthogranuloma[SEP][CLS]retinoblastoma","0"
"Pancreatic Intraductal Papillary-Mucinous Neoplasm with an Associated Invasive Carcinoma[SEP][CLS]inherited metabolic disorder","0"
"Arrhythmogenic Right Ventricular Dysplasia[SEP][CLS]prostate sarcoma","0"
"Benign Mucous Membrane Pemphigoid[SEP][CLS]myocardial infarction","0"
"Pancreatic Mucinous-Cystic Neoplasm with an Associated Invasive Carcinoma[SEP][CLS]endocrine organ benign neoplasm","0"
"Fallopian Tube Adenosarcoma[SEP][CLS]brain meningioma","0"
"Skin Appendage Neoplasm[SEP][CLS]physical disorder","0"
"Bladder Diffuse Clear Cell Adenocarcinoma[SEP][CLS]bronchial disease","0"
"Vitamin C Deficiency[SEP][CLS]lung squamous cell carcinoma","0"
"Meningeal Sarcomatosis[SEP][CLS]malignant olfactory nerve neoplasm","0"
"Hairy Cell Leukemia Variant[SEP][CLS]pancreas disease","0"
"Balantidiasis[SEP][CLS]splenic disease","0"
"Malignant Mixed Epithelial and Stromal Tumor of the Kidney[SEP][CLS]cervical squamous cell carcinoma","0"
"Chronic Frontal Sinusitis[SEP][CLS]frontal sinusitis","1"
"Thyroid Gland Oncocytic Carcinoma[SEP][CLS]angiosarcoma","0"
"Retrograde Amnesia[SEP][CLS]IDH-mutant anaplastic astrocytoma","0"
"Infective Arthritis[SEP][CLS]non-proliferative fibrocystic change of the breast","0"
"Pica Eating Disorder[SEP][CLS]peripheral nerve schwannoma","0"
"Alpha Thalassemia[SEP][CLS]intestinal disease","0"
"Kearns-Sayre Syndrome[SEP][CLS]neuroblastoma","0"
"Dyschromatosis Universalis Hereditaria[SEP][CLS]primary hyperoxaluria","0"
"Mevalonate Kinase Deficiency[SEP][CLS]cerebral degeneration","0"
"Acute Salpingitis[SEP][CLS]pulmonary blastoma","0"
"Sick Euthyroid Syndrome[SEP][CLS]dermatitis","0"
"Lecithin Acyltransferase Deficiency[SEP][CLS]nasal cavity benign neoplasm","0"
"Pancreatic Insufficiency[SEP][CLS]urethral disease","0"
"Early Yaws[SEP][CLS]dermatitis","0"
"Bladder Mucinous Adenocarcinoma[SEP][CLS]bladder adenocarcinoma","1"
"Paronychia[SEP][CLS]ovarian benign neoplasm","0"
"Sympathetic Schwannoma[SEP][CLS]pancreatic adenocarcinoma","0"
"Extraskeletal Ewing Sarcoma/Peripheral Primitive Neuroectodermal Tumor[SEP][CLS]ichthyosis","0"
"Acrodermatitis[SEP][CLS]dermatitis","1"
"Lacrimal Mucocele[SEP][CLS]ganglioneuroblastoma","0"
"Serous Surface Papilloma[SEP][CLS]language disorder","0"
"African Trypanosomiasis[SEP][CLS]hemangiopericytic tumor","0"
"Type 1 Renal Papillary Adenoma[SEP][CLS]viral infectious disease","0"
"Nonspecific Interstitial Pneumonia[SEP][CLS]adenocarcinoma","0"
"Type II Acrocephalopolysyndactyly[SEP][CLS]gingival disease","0"
"Medulloepithelioma Not Otherwise Specified[SEP][CLS]lung carcinoma","0"
"Somatotroph Pituitary Neuroendocrine Tumor[SEP][CLS]adenoma","0"
"Intestinal Neuroendocrine Neoplasm[SEP][CLS]kidney disease","0"
"Clear Cell Meningioma[SEP][CLS]meningioma","1"
"Cushing Disease[SEP][CLS]parasitic protozoa infectious disease","0"
"Restrictive Cardiomyopathy[SEP][CLS]intrinsic cardiomyopathy","1"
"Status Asthmaticus[SEP][CLS]glioblastoma","0"
"Parathyroid Gland Water-Clear Cell Adenoma[SEP][CLS]breast metaplastic carcinoma","0"
"Acute Myeloid Leukemia with t(8;21)(q22; q22.1); RUNX1-RUNX1T1[SEP][CLS]mononeuropathy","0"
"Fredrickson Type IV Lipidemia[SEP][CLS]familial hyperlipidemia","1"
"Bladder Verrucous Carcinoma[SEP][CLS]female reproductive system disease","0"
"Urinary Tract Obstruction[SEP][CLS]urinary system disease","1"
"Ectrodactyly-Ectodermal Dysplasia-Cleft Syndrome[SEP][CLS]primary hyperoxaluria","0"
"Acute Hemorrhagic Leukoencephalitis[SEP][CLS]autosomal dominant cerebellar ataxia","0"
"Malignant Uterine Corpus Mixed Epithelial and Mesenchymal Neoplasm[SEP][CLS]cerebrum cancer","0"
"Early Yaws[SEP][CLS]malignant exocrine pancreas neoplasm","0"
"Cervical Mullerian Papilloma[SEP][CLS]hemoglobinopathy","0"
"Granulocytic Sarcoma[SEP][CLS]meningioma","0"
"Bruxism[SEP][CLS]disease of anatomical entity","0"
"Extrahepatic Bile Duct Clear Cell Adenocarcinoma[SEP][CLS]urinary tract papillary transitional cell benign neoplasm","0"
"Normocytic Anemia[SEP][CLS]mature teratoma of the ovary","0"
"Mixed Mineral Dust Pneumoconiosis[SEP][CLS]pneumoconiosis","1"
"Rete Ovarii Cystadenoma[SEP][CLS]oral cavity cancer","0"
"Lacrimal Duct Obstruction[SEP][CLS]hematologic cancer","0"
"Gastric Leiomyosarcoma[SEP][CLS]hemangioma","0"
"HELLP Syndrome[SEP][CLS]severe pre-eclampsia","1"
"Plague[SEP][CLS]primary immunodeficiency disease","0"
"Eclampsia[SEP][CLS]fallopian tube carcinoma","0"
"Prostatitis[SEP][CLS]cranial nerve malignant neoplasm","0"
"Colon Lymphangioma[SEP][CLS]bladder disease","0"
"Cervical Leukoplakia[SEP][CLS]nasal cavity disease","0"
"Color Blindness[SEP][CLS]skin sarcoma","0"
"Choroid Melanoma[SEP][CLS]congenital heart disease","0"
"Liver Sarcoma[SEP][CLS]medulloblastoma","0"
"Macular Dystrophy, Retinal, 1[SEP][CLS]thyroid gland disease","0"
"Primary Hypertrophic Osteoarthropathy[SEP][CLS]lymphadenitis","0"
"Echolalia[SEP][CLS]malignant mediastinal neurogenic neoplasm","0"
"Bilateral Retinoblastoma[SEP][CLS]cranial nerve palsy","0"
"Prostate Angiosarcoma[SEP][CLS]testis seminoma","0"
"Nephrocalcinosis[SEP][CLS]kidney disease","1"
"Ovarian Germ Cell Tumor[SEP][CLS]chronic salpingitis","0"
"Retinopathy of Prematurity[SEP][CLS]retinal disease","1"
"Papilledema[SEP][CLS]familial periodic paralysis","0"
"Polymorphous Low Grade Neuroepithelial Tumor of the Young[SEP][CLS]glomangioma","0"
"Childhood Renal Cell Carcinoma[SEP][CLS]retinoblastoma","0"
"Spindle Cell Rhabdomyosarcoma[SEP][CLS]bladder adenocarcinoma","0"
"Breast Squamous Cell Carcinoma, Acantholytic Variant[SEP][CLS]endometrial adenocarcinoma","0"
"Antibiotic-Associated Colitis[SEP][CLS]lipid metabolism disorder","0"
"Gallbladder Mucinous Adenocarcinoma[SEP][CLS]vitamin metabolic disorder","0"
"Supratentorial Ependymoma ZFTA Fusion-Positive[SEP][CLS]paranasal sinus cancer","0"
"Pseudogout[SEP][CLS]breast benign neoplasm","0"
"Plantar Fibromatosis[SEP][CLS]urea cycle disorder","0"
"Pineocytoma[SEP][CLS]brain cancer","0"
"Tinea Versicolor[SEP][CLS]male reproductive organ benign neoplasm","0"
"C5 Deficiency[SEP][CLS]complement deficiency","1"
"Adult Meningeal Melanoma[SEP][CLS]laryngitis","0"
"Breast Rhabdomyosarcoma[SEP][CLS]breast sarcoma","1"
"Femoral Neuropathy[SEP][CLS]adenomyoma of uterine corpus","0"
"Tertiary Syphilis[SEP][CLS]hypersensitivity reaction type IV disease","0"
"Chest Wall Parachordoma[SEP][CLS]parachordoma","1"
"Gastroparesis[SEP][CLS]primary bacterial infectious disease","0"
"Esophageal Leiomyosarcoma[SEP][CLS]amino acid metabolic disorder","0"
"Bladder Obstruction[SEP][CLS]congenital heart disease","0"
"Lung Small Cell Carcinoma[SEP][CLS]parasitic ectoparasitic infectious disease","0"
"Pleomorphic Lipoma[SEP][CLS]bladder clear cell adenocarcinoma","0"
"Hypoglossal Nerve Disorder[SEP][CLS]myotonic disease","0"
"Myelodysplastic/Myeloproliferative Neoplasm[SEP][CLS]choroid plexus cancer","0"
"Primary Diffuse Large B-Cell Lymphoma of the Central Nervous System[SEP][CLS]artery disease","0"
"Acatalasemia[SEP][CLS]metal metabolism disorder","0"
"Myocarditis[SEP][CLS]degeneration of macula and posterior pole","0"
"Ovarian Teratoma[SEP][CLS]neurofibromatosis","0"
"Intravascular Large B-Cell Lymphoma[SEP][CLS]cerebellum cancer","0"
"Mediastinal Lipomatosis[SEP][CLS]gastrointestinal system disease","0"
"Urethral Urothelial Papilloma[SEP][CLS]deep keratitis","0"
"CIC-Rearranged Sarcoma[SEP][CLS]motor neuron disease","0"
"Post-Streptococcal Glomerulonephritis[SEP][CLS]diffuse astrocytoma","0"
"Aseptic Meningitis[SEP][CLS]GM2 gangliosidosis","0"
"Macular Edema[SEP][CLS]cell type benign neoplasm","0"
"Panniculitis[SEP][CLS]skin disease","1"
"Fabry Disease[SEP][CLS]bladder clear cell adenocarcinoma","0"
"Dependent Personality Disorder[SEP][CLS]polyneuropathy","0"
"Malignant Jejunal Neoplasm[SEP][CLS]leukemia","0"
"Lung Sarcomatoid Carcinoma[SEP][CLS]basal cell carcinoma","0"
"Pyloric Stenosis[SEP][CLS]gastric outlet obstruction","1"
"Kidney Vascular Disorder[SEP][CLS]skin hemangioma","0"
"Avoidant Personality Disorder[SEP][CLS]personality disorder","1"
"Testicular Choriocarcinoma[SEP][CLS]pancreatic cystadenoma","0"
"Subacute Lymphocytic Thyroiditis[SEP][CLS]cranial nerve malignant neoplasm","0"
"Hepatitis A Infection[SEP][CLS]uterine ligament adenocarcinoma","0"
"Supratentorial Ependymoma YAP1 Fusion-Positive[SEP][CLS]acute lymphoblastic leukemia","0"
"Human Papillomavirus-Independent Cervical Adenocarcinoma, Clear Cell-Type[SEP][CLS]cervical adenocarcinoma","1"
"Nonspecific Interstitial Pneumonia[SEP][CLS]idiopathic interstitial pneumonia","1"
"CREST Syndrome[SEP][CLS]malignant mediastinal neurogenic neoplasm","0"
"Ciliary Body Melanoma[SEP][CLS]lacrimal gland adenocarcinoma","0"
"Breast Leiomyoma[SEP][CLS]bladder benign neoplasm","0"
"Erythematosquamous Dermatosis[SEP][CLS]splenic manifestation of leukemia","0"
"Transient Retinal Arterial Occlusion[SEP][CLS]idiopathic interstitial pneumonia","0"
"Chronic Ethmoidal Sinusitis[SEP][CLS]muscle cancer","0"
"Diphyllobothriasis[SEP][CLS]bladder disease","0"
"X-Linked Centronuclear Myopathy[SEP][CLS]plasmacytoma","0"
"Type 2 Diabetes Mellitus[SEP][CLS]myositis","0"
"Spina Bifida[SEP][CLS]kidney benign neoplasm","0"
"Spinal Cord Ependymoma, MYCN Amplified[SEP][CLS]spinal cord ependymoma","1"
"Hypoparathyroidism[SEP][CLS]skin cancer","0"
"Photokeratitis[SEP][CLS]endocrine system disease","0"
"Histiocytic Sarcoma[SEP][CLS]ventricular septal defect","0"
"Mixed Embryonal Carcinoma and Teratoma[SEP][CLS]thymoma","0"
"Childhood Multilocular Cystic Renal Neoplasm[SEP][CLS]posterior pituitary gland neoplasm","0"
"Ovarian Endometrioid Cystadenoma[SEP][CLS]extrapulmonary tuberculosis","0"
"Bruxism[SEP][CLS]carcinoma","0"
"Clear Cell Adenoma[SEP][CLS]prostate carcinoma","0"
"Tetralogy of Fallot[SEP][CLS]congenital heart disease","1"
"Skull Base Neoplasm[SEP][CLS]cervical squamous cell carcinoma","0"
"Transient Hypogammaglobulinemia[SEP][CLS]agammaglobulinemia","1"
"Retroperitoneal Germ Cell Tumor[SEP][CLS]ovarian cancer","0"
"Breast Tubular Carcinoma[SEP][CLS]thyroid gland carcinoma","0"
"Cervical Atypical Polypoid Adenomyoma[SEP][CLS]uterine adnexa cancer","0"
"Liver Sarcoma[SEP][CLS]renal cell carcinoma","0"
"Giant Papillary Conjunctivitis[SEP][CLS]cranial nerve malignant neoplasm","0"
"Transient Tic Disorder[SEP][CLS]specific developmental disorder","0"
"Ascariasis[SEP][CLS]acute myeloid leukemia","0"
"Telangiectatic Glomangioma[SEP][CLS]mediastinal neurilemmoma","0"
"Optic Neuritis[SEP][CLS]optic nerve disease","1"
"Hyperhomocysteinemia[SEP][CLS]physical disorder","0"
"Partial Retinal Vein Occlusion[SEP][CLS]organic acidemia","0"
"Epididymal Neoplasm[SEP][CLS]testicular cancer","1"
"Paralytic Ileus[SEP][CLS]intestinal obstruction","1"
"Lipoadenoma[SEP][CLS]chromosomal deletion syndrome","0"
"Mediastinal Lipomatosis[SEP][CLS]brain meningioma","0"
"Glossopharyngeal Nerve Neoplasm[SEP][CLS]lung carcinoma","0"
"Chronic Neutrophilic Leukemia[SEP][CLS]brain disease","0"
"Hypertropia[SEP][CLS]plasma protein metabolism disease","0"
"Lipoatrophic Diabetes Mellitus[SEP][CLS]type 2 diabetes mellitus","1"
"Neuritis[SEP][CLS]laryngeal benign neoplasm","0"
"Patent Foramen Ovale[SEP][CLS]thyroid gland carcinoma","0"
"Vulvar Glandular Neoplasm[SEP][CLS]uterine disease","0"
"Freeman-Sheldon Syndrome[SEP][CLS]arteriosclerotic cardiovascular disease","0"
"Childhood Testicular Embryonal Carcinoma[SEP][CLS]uterine benign neoplasm","0"
"Ectopic Thymus[SEP][CLS]thymus gland disease","1"
"Sphenoorbital Meningioma[SEP][CLS]gastric diffuse adenocarcinoma","0"
"Hemolytic Disease of the Newborn[SEP][CLS]adrenal adenoma","0"
"Pyelitis[SEP][CLS]myelofibrosis","0"
"Dental Fluorosis[SEP][CLS]papillary adenocarcinoma","0"
"Cranial Nerve IX Palsy[SEP][CLS]extraskeletal myxoid chondrosarcoma","0"
"Scleroderma[SEP][CLS]rheumatic disease","1"
"Molluscum Contagiosum Virus Infection[SEP][CLS]central nervous system germinoma","0"
"Postpartum Depression[SEP][CLS]oral cavity cancer","0"
"Congenital Combined Immunodeficiency[SEP][CLS]personality disorder","0"
"Microcystic Meningioma[SEP][CLS]renal cell carcinoma","0"
"Dubin-Johnson Syndrome[SEP][CLS]acanthoma","0"
"Varicose Vein[SEP][CLS]vein disease","1"
"Cauda Equina Neoplasm[SEP][CLS]B-cell lymphoma","0"
"Sacral Intraspinal Meningioma[SEP][CLS]connective tissue cancer","0"
"Schizophrenia[SEP][CLS]foramen magnum meningioma","0"
"Astrocytoma, IDH-Mutant, Grade 3[SEP][CLS]lacrimal apparatus disease","0"
"Galactokinase Deficiency[SEP][CLS]prostate carcinoma","0"
"Hypertropia[SEP][CLS]lung adenocarcinoma","0"
"Cholestasis[SEP][CLS]skin squamous cell carcinoma","0"
"Ethmoid Sinus Adenoid Cystic Carcinoma[SEP][CLS]breast benign neoplasm","0"
"Sebaceous Carcinoma[SEP][CLS]anus adenocarcinoma","0"
"Kidney Disorder[SEP][CLS]spinal cancer","0"
"Gingival Recession[SEP][CLS]gingival disease","1"
"Mixed Phenotype Acute Leukemia, B/Myeloid[SEP][CLS]cervical adenocarcinoma","0"
"Malignant Type AB Thymoma[SEP][CLS]kidney cancer","0"
"Vulvar Glandular Neoplasm[SEP][CLS]breast benign neoplasm","0"
"Breast Periductal Myoepitheliosis[SEP][CLS]vaginal cancer","0"
"Diffuse Idiopathic Skeletal Hyperostosis[SEP][CLS]calcinosis","1"
"Localized Osteosarcoma[SEP][CLS]osteosarcoma","1"
"Hypochromic Anemia[SEP][CLS]lipid metabolism disorder","0"
"Chronic Toxic Polyneuropathy[SEP][CLS]bladder disease","0"
"Hidradenitis[SEP][CLS]inherited metabolic disorder","0"
"Anomia[SEP][CLS]connective tissue cancer","0"
"Malignant Hard Palate Neoplasm[SEP][CLS]muscle cancer","0"
"Binocular Vision Disorder[SEP][CLS]hematopoietic system disease","0"
"1p36 Deletion Syndrome[SEP][CLS]keratosis","0"
"Rhabdoid Tumor[SEP][CLS]malignant peripheral nerve sheath tumor","0"
"Byssinosis[SEP][CLS]cardiovascular organ benign neoplasm","0"
"Infantile Refsum Disease[SEP][CLS]herpes simplex","0"
"Vulvar Keratinizing Squamous Cell Carcinoma[SEP][CLS]renal cell carcinoma","0"
"Mature B-Cell Neoplasm[SEP][CLS]B-cell lymphoma","1"
"Testicular Seminoma, Pseudoglandular Variant[SEP][CLS]renal adenoma","0"
"Dome of the Bladder[SEP][CLS]lung disease","0"
"Central Nervous System Germinoma[SEP][CLS]psychosexual disorder","0"
"Cervicocranial Syndrome[SEP][CLS]primary bacterial infectious disease","0"
"Hair Disorder[SEP][CLS]rectum sarcoma","0"
"Sarcoidosis[SEP][CLS]endocrine system disease","0"
"Histiocytoma[SEP][CLS]cervical benign neoplasm","0"
"Seminal Vesicle Neoplasm[SEP][CLS]adenocarcinoma","0"
"Posterior Fossa Ependymoma, Group A (PFA)[SEP][CLS]struma ovarii","0"
"Pressure Sore[SEP][CLS]primary bacterial infectious disease","0"
"Glycogen Storage Disease Type I[SEP][CLS]cranial nerve malignant neoplasm","0"
"Atypical Teratoid/Rhabdoid Tumor[SEP][CLS]pancreatic carcinoma","0"
"Breast Myoepitheliosis[SEP][CLS]tibial neuropathy","0"
"Pancreatic Insufficiency[SEP][CLS]pancreas disease","1"
"Mixed Phenotype Acute Leukemia with BCR-ABL1 Fusion[SEP][CLS]personality disorder","0"
"Type 1 Renal Papillary Adenoma[SEP][CLS]B cell deficiency","0"
"Vaginal Yolk Sac Tumor[SEP][CLS]cervical squamous cell carcinoma","0"
"Adult Brain Stem Gliosarcoma[SEP][CLS]adult brain stem glioma","1"
"Astrocytoma, IDH-Mutant, Grade 4[SEP][CLS]autonomic nervous system disease","0"
"Non-Communicating Hydrocephalus[SEP][CLS]paraphilia disorder","0"
"Cholangitis[SEP][CLS]viral infectious disease","0"
"Keratoconjunctivitis[SEP][CLS]congenital nervous system abnormality","0"
"Acute Myeloid Leukemia[SEP][CLS]meningioma","0"
"Eclampsia[SEP][CLS]liver disease","0"
"Urea Cycle Metabolism Disorder[SEP][CLS]glossopharyngeal nerve disease","0"
"Minimally Invasive Lung Adenocarcinoma[SEP][CLS]thyroid gland disease","0"
"Extracranial Neuroblastoma[SEP][CLS]primary bacterial infectious disease","0"
"Primary Diffuse Large B-Cell Lymphoma of the Central Nervous System[SEP][CLS]cervix carcinoma","0"
"Spinal Meningioma[SEP][CLS]parachordoma","0"
"Rett Syndrome[SEP][CLS]synostosis","0"
"Hallermann Syndrome[SEP][CLS]adult brain stem glioma","0"
"Rubella Infection[SEP][CLS]neurofibroma","0"
"Malignant Postcricoid Neoplasm[SEP][CLS]sarcoma","0"
"Penile Paget Disease[SEP][CLS]leukemia","0"
"Telangiectatic Osteosarcoma[SEP][CLS]conventional osteosarcoma","1"
"Melanoma[SEP][CLS]paraphilia disorder","0"
"Marshall Syndrome[SEP][CLS]hypersensitivity reaction type IV disease","0"
"Gingival Polyp[SEP][CLS]gingival overgrowth","1"
"Breast Cyst[SEP][CLS]thymoma","0"
"Vagus Nerve Disorder[SEP][CLS]leukemia","0"
"Anal Glands Adenocarcinoma[SEP][CLS]supraglottis neoplasm","0"
"Volkmann's Ischemic Contracture[SEP][CLS]myocardial infarction","0"
"Late Yaws[SEP][CLS]skin benign neoplasm","0"
"Nipple Carcinoma[SEP][CLS]skin squamous cell carcinoma","0"
"Pyromania[SEP][CLS]centronuclear myopathy","0"
"Retinoblastoma[SEP][CLS]cystitis","0"
"Anal Glands Adenocarcinoma[SEP][CLS]anus adenocarcinoma","1"
"Anal Canal Paget Disease[SEP][CLS]thymoma type B","0"
"Small Intestinal Neoplasm[SEP][CLS]skin carcinoma","0"
"Protein Energy Malnutrition[SEP][CLS]external ear disease","0"
"Pleural Solitary Fibrous Tumor[SEP][CLS]reproductive system disease","0"
"Herpetic Gastritis[SEP][CLS]viral gastritis","1"
"Epidermolysis Bullosa Dystrophica[SEP][CLS]optic nerve astrocytoma","0"
"46,XY Gonadal Dysgenesis[SEP][CLS]viral infectious disease","0"
"Uterine Corpus Leiomyoma[SEP][CLS]chronic salpingitis","0"
"Narcolepsy[SEP][CLS]sleep disorder","1"
"Acute Myeloid Leukemia with NPM1 Mutation[SEP][CLS]motor neuron disease","0"
"Kartagener Syndrome[SEP][CLS]leukemia","0"
"Emery-Dreifuss Muscular Dystrophy[SEP][CLS]malignant pineal area germ cell neoplasm","0"
"Meningothelial Cell Neoplasm[SEP][CLS]cauda equina neoplasm","0"
"Fasciitis[SEP][CLS]ovary adenocarcinoma","0"
"Breast Melanoma[SEP][CLS]physical disorder","0"
"Mixed Mineral Dust Pneumoconiosis[SEP][CLS]vaginal carcinosarcoma","0"
"Van der Woude Syndrome[SEP][CLS]nervous system disease","0"
"Miliaria[SEP][CLS]hypothyroidism","0"
"Testicular Yolk Sac Tumor, Microcystic Pattern[SEP][CLS]peripheral nerve schwannoma","0"
"Cardiac Malignant Peripheral Nerve Sheath Tumor[SEP][CLS]female urethral cancer","0"
"Dacryoadenitis[SEP][CLS]embryonal tumor with multilayered rosettes, C19MC-altered","0"
"B Lymphoblastic Leukemia/Lymphoma[SEP][CLS]cholangitis","0"
"Adult Central Nervous System Solitary Fibrous Tumor, Grade 3[SEP][CLS]central nervous system teratoma","0"
"Medulloblastoma, SHH-Activated, TP53-Mutant[SEP][CLS]medulloblastoma SHH activated","1"
"Vitiligo[SEP][CLS]pervasive developmental disorder","0"
"Lung Hilum Neoplasm[SEP][CLS]lung benign neoplasm","1"
"Skin Follicular Basal Cell Carcinoma[SEP][CLS]chromophil adenoma of the kidney","0"
"Biphasic Mesothelioma[SEP][CLS]aortic valve disease","0"
"Dermatographism[SEP][CLS]thyroid gland papillary carcinoma","0"
"Parachordoma[SEP][CLS]substance abuse","0"
"Chronic Ethmoidal Sinusitis[SEP][CLS]ovarian cancer","0"
"Urticaria Pigmentosa/Maculopapular Cutaneous Mastocytosis[SEP][CLS]cerebral convexity meningioma","0"
"Osteochondrosis[SEP][CLS]pancreatic carcinoma","0"
"Oculomotor Nerve Disorder[SEP][CLS]cranial nerve disease","1"
"Cytochrome-C Oxidase Deficiency[SEP][CLS]mitochondrial metabolism disease","1"
"Acute Myeloid Leukemia with CEBPA Mutation[SEP][CLS]urethral benign neoplasm","0"
"Colon Neuroendocrine Neoplasm[SEP][CLS]carcinosarcoma","0"
"Cranial Nerve Disorder[SEP][CLS]differentiated thyroid gland carcinoma","0"
"Peripheral Motor Neuropathy[SEP][CLS]aplastic anemia","0"
"Testicular Atrophy[SEP][CLS]invasive bladder transitional cell carcinoma","0"
"Wernicke-Korsakoff Syndrome[SEP][CLS]gastritis","0"
"Extrahepatic Bile Duct Papillary Adenoma[SEP][CLS]cerebrum cancer","0"
"Adult Xanthogranuloma[SEP][CLS]parasitic protozoa infectious disease","0"
"Malignant Adult Hemangiopericytoma[SEP][CLS]syndrome","0"
"Choledochal Cyst[SEP][CLS]skin disease","0"
"Glycogen Storage Disease Type I[SEP][CLS]subependymal glioma","0"
"Urethral Obstruction[SEP][CLS]acute myeloid leukemia","0"
"Stomatitis[SEP][CLS]breast metaplastic carcinoma","0"
"Breast Inflammatory Carcinoma[SEP][CLS]urea cycle disorder","0"
"Bone Leiomyosarcoma[SEP][CLS]meningioma","0"
"Childhood Oligodendroglioma[SEP][CLS]nodular ganglioneuroblastoma","0"
"Broad Ligament Endometrioid Adenocarcinoma[SEP][CLS]ovarian endodermal sinus tumor","0"
"Kawasaki Disease[SEP][CLS]cerebral convexity meningioma","0"
"Fallopian Tube Serous Adenocarcinoma[SEP][CLS]connective tissue disease","0"
"Leiomyomatosis[SEP][CLS]spinal canal and spinal cord meningioma","0"
"Rothmund-Thomson Syndrome[SEP][CLS]congenital mesoblastic nephroma","0"
"Schizophreniform Disorder[SEP][CLS]gastrointestinal system benign neoplasm","0"
"Ovarian Cystic Teratoma[SEP][CLS]germ cell cancer","0"
"Aseptic Meningitis[SEP][CLS]low grade glioma","0"
"Leukostasis[SEP][CLS]cavernous hemangioma","0"
"Chronic Lymphocytic Leukemia/Small Lymphocytic Lymphoma with Unmutated Immunoglobulin Heavy Chain Variable-Region Gene[SEP][CLS]oophoritis","0"
"Castleman Disease[SEP][CLS]cerebrum cancer","0"
"Orbit Embryonal Rhabdomyosarcoma[SEP][CLS]colonic disease","0"
"Proliferative Glomerulonephritis[SEP][CLS]leukemia","0"
"Refsum Disease[SEP][CLS]ovarian benign neoplasm","0"
"Malignant Childhood Hemangiopericytoma[SEP][CLS]vascular disease","0"
"Blepharospasm[SEP][CLS]focal dystonia","1"
"Retinal Dystrophy[SEP][CLS]encephalitis","0"
"Respiratory Syncytial Virus Infection[SEP][CLS]acute myeloid leukemia","0"
"Pancreatic Mucinous-Cystic Neoplasm with an Associated Invasive Carcinoma[SEP][CLS]mucinous cystadenocarcinoma of pancreas","1"
"Lung Lymphangioleiomyomatosis[SEP][CLS]lung disease","1"
"Childhood Extraskeletal Myxoid Chondrosarcoma[SEP][CLS]colitis","0"
"Small Cell Intermediate Cell Carcinoma[SEP][CLS]vulvar benign neoplasm","0"
"Necrotizing Gastritis[SEP][CLS]gastritis","1"
"Membranoproliferative Glomerulonephritis[SEP][CLS]pancreatic cystadenocarcinoma","0"
"Trophoblastic Tumor[SEP][CLS]infective endocarditis","0"
"Chondroid Syringoma[SEP][CLS]frontal sinusitis","0"
"Small Cell Osteosarcoma[SEP][CLS]conventional osteosarcoma","1"
"Choriocarcinoma[SEP][CLS]kidney disease","0"
"Idiopathic Granulomatous Myositis[SEP][CLS]syndrome","0"
"Malignant Postcricoid Neoplasm[SEP][CLS]breast cancer","0"
"Spiradenocarcinoma[SEP][CLS]vulvar squamous tumor","0"
"Anaplastic Oligodendroglioma, IDH-Mutant and 1p/19q-Codeleted[SEP][CLS]skin melanoma","0"
"Childhood Ovarian Choriocarcinoma[SEP][CLS]choriocarcinoma of ovary","1"
"Refractory T Lymphoblastic Leukemia/Lymphoma[SEP][CLS]parasitic helminthiasis infectious disease","0"
"Sick Sinus Syndrome[SEP][CLS]teeth hard tissue disease","0"
"Breast Hemangioma[SEP][CLS]neuropathy","0"
"Rete Ovarii Neoplasm[SEP][CLS]plasma cell neoplasm","0"
"Anal Canal Neuroendocrine Neoplasm[SEP][CLS]vascular disease","0"
"Acute Cystitis[SEP][CLS]germ cell cancer","0"
"Beta Thalassemia[SEP][CLS]heart valve disease","0"
"Acute Interstitial Pneumonia[SEP][CLS]tongue disease","0"
"Axonal Neuropathy[SEP][CLS]neuropathy","1"
"Ovarian Clear Cell Cystadenofibroma[SEP][CLS]ovarian benign neoplasm","0"
"Extrahepatic Bile Duct Carcinoma[SEP][CLS]pyelitis","0"
"Wolman Disease[SEP][CLS]lysosomal acid lipase deficiency","1"
"Childhood Acute Lymphoblastic Leukemia[SEP][CLS]physical disorder","0"
"Fibrolamellar Carcinoma[SEP][CLS]leiomyoma","0"
"Intracranial Cavernous Hemangioma[SEP][CLS]bone sarcoma","0"
"Chronic Atrophic Gastritis[SEP][CLS]central nervous system embryonal tumor","0"
"Acute Chest Syndrome[SEP][CLS]lung disease","1"
"Chronic Tic Disorder[SEP][CLS]disease of anatomical entity","0"
"Chondroid Chordoma[SEP][CLS]cervical squamous cell carcinoma","0"
"Rhabdoid Tumor of the Kidney[SEP][CLS]thymoma","0"
"Encephalitis[SEP][CLS]brain disease","1"
"Gastrin-Producing Neuroendocrine Tumor[SEP][CLS]sebaceous gland disease","0"
"Transitional Cell Papilloma[SEP][CLS]syndactyly","0"
"Adult Central Nervous System Embryonal Carcinoma[SEP][CLS]kidney sarcoma","0"
"Combined Lung Large Cell Neuroendocrine Carcinoma[SEP][CLS]sigmoid neoplasm","0"
"Breast Tubular Carcinoma[SEP][CLS]thymic carcinoma","0"
"Acneiform Dermatitis[SEP][CLS]breast carcinoma","0"
"Cellular Ependymoma[SEP][CLS]benign ependymoma","1"
"Paroxysmal Nocturnal Hemoglobinuria[SEP][CLS]autoimmune disease of cardiovascular system","0"
"Desbuquois Dysplasia[SEP][CLS]bone cancer","0"
"Complete Androgen Insensitivity Syndrome[SEP][CLS]skin disease","0"
"Childhood Cerebral Astrocytoma[SEP][CLS]brain ischemia","0"
"Hepatitis C Infection[SEP][CLS]neuropathy","0"
"Endometrioid Stromal Sarcoma of the Cervix[SEP][CLS]malignant choroid melanoma","0"
"Ependymoma[SEP][CLS]leiomyosarcoma","0"
"Malignant Cutaneous Granular Cell Tumor[SEP][CLS]chromosomal deletion syndrome","0"
"Mastocytosis[SEP][CLS]vulva squamous cell carcinoma","0"
"Protein Energy Malnutrition[SEP][CLS]nervous system disease","0"
"Gnathostomiasis[SEP][CLS]autosomal dominant distal hereditary motor neuronopathy","0"
"Thyroid Gland Papillary and Follicular Carcinoma[SEP][CLS]thyroid gland papillary carcinoma","1"
"Breast Sclerosing Adenosis[SEP][CLS]rectum squamous cell carcinoma","0"
"Renal Failure[SEP][CLS]severe combined immunodeficiency","0"
"Potassium Deficiency Disorder[SEP][CLS]mineral metabolism disease","1"
"Thalamic Disease[SEP][CLS]struma ovarii","0"
"Ectopia Lentis[SEP][CLS]stomatitis","0"
"Pericarditis[SEP][CLS]thyroid gland follicular carcinoma","0"
"Granulomatous Colitis[SEP][CLS]disorder of sexual development","0"
"Peritoneal Mesothelial Neoplasm[SEP][CLS]hemoglobinuria","0"
"Esophageal Disorder[SEP][CLS]male urethral cancer","0"
"Breast Hemangioma[SEP][CLS]coccidiosis","0"
"Adult Epithelioid Sarcoma[SEP][CLS]pervasive developmental disorder","0"
"Glycogen Storage Disease[SEP][CLS]gastrointestinal system benign neoplasm","0"
"Venous Hemangioma[SEP][CLS]retinal cancer","0"
"Metachromatic Leukodystrophy[SEP][CLS]cell type benign neoplasm","0"
"Lissencephaly[SEP][CLS]cerebellar astrocytoma","0"
"Meningeal Melanocytosis[SEP][CLS]testicular yolk sac tumor","0"
"Retinal Cell Neoplasm[SEP][CLS]pancreas disease","0"
"Blepharospasm[SEP][CLS]thymic carcinoma","0"
"Asymmetric Motor Neuropathy[SEP][CLS]nephroblastoma","0"
"Eccrine Neoplasm[SEP][CLS]cervical cancer","0"
"Oncocytic Adenoma[SEP][CLS]stomach disease","0"
"Achenbach Syndrome[SEP][CLS]primary bacterial infectious disease","0"
"Kernicterus[SEP][CLS]brain disease","1"
"Subacute Sclerosing Panencephalitis[SEP][CLS]sweat gland disease","0"
"HIV Infection[SEP][CLS]extrapulmonary tuberculosis","0"
"Acute Pyelonephritis[SEP][CLS]female reproductive system disease","0"
"C3 Deficiency[SEP][CLS]microglandular adenosis","0"
"Focal Segmental Glomerulosclerosis[SEP][CLS]amnestic disorder","0"
"Nonanaplastic Kidney Wilms Tumor[SEP][CLS]brain disease","0"
"Breast Scirrhous Carcinoma[SEP][CLS]rectum cancer","0"
"Supravalvular Aortic Stenosis[SEP][CLS]ovarian endodermal sinus tumor","0"
"Sebaceous Adenoma[SEP][CLS]opportunistic mycosis","0"
"Microcephaly[SEP][CLS]pituitary infarct","0"
"Nephritis[SEP][CLS]heart conduction disease","0"
"Otitis Media[SEP][CLS]vaginal benign neoplasm","0"
"Childhood Meningeal Melanoma[SEP][CLS]meningeal melanoma","1"
"Juvenile Xanthogranuloma[SEP][CLS]disease of anatomical entity","0"
"Periampullary Adenocarcinoma[SEP][CLS]biliary tract disease","0"
"Bile Duct Disorder[SEP][CLS]ovarian disease","0"
"Sensorineural Hearing Loss[SEP][CLS]cerebral ventricle cancer","0"
"Rabies[SEP][CLS]leiomyosarcoma","0"
"Tetralogy of Fallot[SEP][CLS]lysosomal storage disease","0"
"Diffuse Midline Glioma, H3 K27M-Mutant[SEP][CLS]histone mutated tumor","1"
"Bone Paget Disease[SEP][CLS]carcinoma","0"
"Breast Fibrocystic Change, Non-Proliferative Type[SEP][CLS]splenic disease","0"
"Primary Lymphedema[SEP][CLS]vaginal disease","0"
"Venous Insufficiency[SEP][CLS]congenital heart disease","0"
"Asperger Syndrome[SEP][CLS]stomach cancer","0"
"Herpetic Whitlow[SEP][CLS]herpes simplex","1"
"Thoracic Outlet Syndrome[SEP][CLS]autoimmune disease of skin and connective tissue","0"
"Salpingitis Isthmica Nodosa[SEP][CLS]anal squamous cell carcinoma","0"
"Intrahepatic Bile Duct Intraductal Papillary Neoplasm[SEP][CLS]biliary papillomatosis","1"
"Renal Osteodystrophy[SEP][CLS]lysosomal storage disease","0"
"Clivus Chordoma[SEP][CLS]sphenoid sinusitis","0"
"Chromophobe Renal Cell Carcinoma[SEP][CLS]laryngitis","0"
"Diffuse Pulmonary Fibrosis[SEP][CLS]pulmonary fibrosis","1"
"Appendix Mucinous Cystadenocarcinoma[SEP][CLS]appendix adenocarcinoma","1"
"Plexiform Neurofibroma[SEP][CLS]mixed cell type cancer","0"
"Chondroid Syringoma[SEP][CLS]bladder clear cell adenocarcinoma","0"
"Mucinous Adenofibroma[SEP][CLS]female reproductive system disease","0"
"Chronic Polyneuropathy[SEP][CLS]acute proliferative glomerulonephritis","0"
"Central Nervous System Extraskeletal Osteosarcoma[SEP][CLS]acute myeloid leukemia","0"
"Kidney Leiomyosarcoma[SEP][CLS]syndrome","0"
"Dedifferentiated Chondrosarcoma[SEP][CLS]pulmonary large cell neuroendocrine carcinoma","0"
"Histiocytosis[SEP][CLS]glycogen-rich carcinoma","0"
"Chronic Polyneuropathy[SEP][CLS]hypersensitivity reaction type III disease","0"
"Pilar Sheath Acanthoma[SEP][CLS]lymphatic system cancer","0"
"Erectile Dysfunction[SEP][CLS]ovarian papillary neoplasm","0"
"Large Cell Acanthoma[SEP][CLS]meningioma","0"
"Extrahepatic Bile Duct Embryonal Rhabdomyosarcoma[SEP][CLS]bile duct rhabdomyosarcoma","1"
"Communicating Hydrocephalus[SEP][CLS]ovarian endodermal sinus tumor","0"
"Adenomyoma[SEP][CLS]eccrine sweat gland neoplasm","0"
"Malignant Labia Majora Neoplasm[SEP][CLS]neural tube defect","0"
"Invasive Bladder Lymphoepithelioma-Like Carcinoma[SEP][CLS]meningioma","0"
"Thyroid Gland Disorder[SEP][CLS]viral infectious disease","0"
"Brenner Tumor[SEP][CLS]meningitis","0"
"Myoepithelial Tumor[SEP][CLS]bile duct disease","0"
"Mature Teratoma[SEP][CLS]teratoma","1"
"Cerebral Neoplasm[SEP][CLS]skin disease","0"
"Duodenal Obstruction[SEP][CLS]neurilemmoma","0"
"Malignant Cardiac Germ Cell Tumor[SEP][CLS]heart cancer","1"
"Caries[SEP][CLS]lung disease","0"
"Papillary Craniopharyngioma[SEP][CLS]mucinous cystadenocarcinoma of pancreas","0"
"Ampulla of Vater Clear Cell Adenocarcinoma[SEP][CLS]parasitic protozoa infectious disease","0"
"Non-Hodgkin Lymphoma[SEP][CLS]amino acid metabolic disorder","0"
"Uterine Corpus Dissecting Leiomyoma[SEP][CLS]uterine fibroid","1"
"Impulse-Control Disorder[SEP][CLS]cervical adenocarcinoma","0"
"Subacute Thyroiditis[SEP][CLS]endometrial adenocarcinoma","0"
"Childhood Osteosarcoma[SEP][CLS]autosomal dominant distal hereditary motor neuronopathy","0"
"Gastrin-Producing Neuroendocrine Tumor[SEP][CLS]gastric adenocarcinoma","0"
"Pancreatic Somatostatinoma[SEP][CLS]lung small cell carcinoma","0"
"Spinal Cord Disorder[SEP][CLS]focal epilepsy","0"
"Skull Base Meningioma[SEP][CLS]spinal cord disease","0"
"Methemoglobinemia[SEP][CLS]hemoglobinopathy","1"
"Pancreatic Intraductal Papillary-Mucinous Neoplasm, High Grade[SEP][CLS]trachea carcinoma","0"
"Choroid Melanoma[SEP][CLS]malignant astrocytoma","0"
"Pneumoconiosis[SEP][CLS]pineal gland cancer","0"
"Early Yaws[SEP][CLS]central nervous system immature teratoma","0"
"Fuchs Endothelial Dystrophy[SEP][CLS]Bartholin's gland carcinoma","0"
"Vulvar Non-Keratinizing Squamous Cell Carcinoma[SEP][CLS]skin hemangioma","0"
"Endometrial Endometrioid Adenocarcinoma with Spindled Epithelial Cells[SEP][CLS]endometrial adenocarcinoma","1"
"Kidney Hemangiopericytoma[SEP][CLS]acquired polycythemia","0"
"Breast Secretory Carcinoma[SEP][CLS]connective tissue cancer","0"
"Transient Arthropathy[SEP][CLS]anemia","0"
"Small Intestinal L-Cell Glucagon-Like Peptide-Producing Neuroendocrine Tumor[SEP][CLS]mesenchymal cell neoplasm","0"
"Myxoid Glioneuronal Tumor[SEP][CLS]meninges sarcoma","0"
"Childhood Medulloblastoma[SEP][CLS]mature teratoma of the ovary","0"
"Chronic Obstructive Pulmonary Disease[SEP][CLS]obstructive lung disease","1"
"Deep Leiomyoma[SEP][CLS]leiomyoma","1"
"Scleroderma[SEP][CLS]sleep disorder","0"
"Tendonitis[SEP][CLS]ovarian dysfunction","0"
"Epithelial Synovial Sarcoma[SEP][CLS]vasculitis","0"
"Acromegaly[SEP][CLS]malignant fibrous histiocytoma","0"
"Gallbladder Disorder[SEP][CLS]male infertility","0"
"Telangiectatic Osteosarcoma[SEP][CLS]anal squamous cell carcinoma","0"
"Speech Disorder[SEP][CLS]bone resorption disease","0"
"Pineal Region Germinoma[SEP][CLS]bone inflammation disease","0"
"Retinal Detachment[SEP][CLS]bile duct adenocarcinoma","0"
"Acute Myeloid Leukemia with KMT2A Rearrangement[SEP][CLS]acute myeloid leukemia","1"
"Childhood Malignant Mesenchymoma[SEP][CLS]selective immunoglobulin deficiency disease","0"
"Gallbladder Stone[SEP][CLS]acquired polycythemia","0"
"Bile Duct Perforation[SEP][CLS]conventional osteosarcoma","0"
"Benign Granular Cell Tumor[SEP][CLS]disease by infectious agent","0"
"Malignant Mixed Epithelial and Stromal Tumor of the Kidney[SEP][CLS]syndrome","0"
"Muscular Dystrophy[SEP][CLS]nutritional deficiency disease","0"
"Acromegaly[SEP][CLS]lymphoma","0"
"Pityriasis Rubra Pilaris[SEP][CLS]cell type benign neoplasm","0"
"Benign Vaginal Mixed Tumor[SEP][CLS]splenic disease","0"
"Vulvar Apocrine Adenocarcinoma[SEP][CLS]retinal macular dystrophy","0"
"Digestive System Neuroendocrine Neoplasm[SEP][CLS]peripheral nerve sheath neoplasm","0"
"Bone Osteosarcoma[SEP][CLS]osteochondrodysplasia","0"
"Signet Ring Cell Carcinoma[SEP][CLS]plasma cell neoplasm","0"
"Peripheral Sensory Neuropathy[SEP][CLS]sebaceous gland disease","0"
"Testicular Yolk Sac Tumor, Polyvesicular Vitelline Pattern[SEP][CLS]gastrointestinal system benign neoplasm","0"
"Cystitis Cystica[SEP][CLS]epidermolysis bullosa","0"
"Iritis[SEP][CLS]heart disease","0"
"Male Orgasmic Disorder[SEP][CLS]spinal cord ependymoma","0"
"Somatostatin-Producing Neuroendocrine Tumor[SEP][CLS]dermis tumor","0"
"Myasthenia Gravis[SEP][CLS]cervix carcinoma","0"
"Vaginal Yolk Sac Tumor[SEP][CLS]chromophil adenoma of the kidney","0"
"Lung Large Cell Carcinoma with Rhabdoid Phenotype[SEP][CLS]breast adenocarcinoma","0"
"Non-Functioning Pituitary Neuroendocrine Tumor[SEP][CLS]extrinsic allergic alveolitis","0"
"Obstructive Nephropathy[SEP][CLS]epilepsy","0"
"Sexual Masochism[SEP][CLS]primary immunodeficiency disease","0"
"Benign Ovarian Sex Cord-Stromal Tumor[SEP][CLS]vaginal disease","0"
"Spindle Cell Rhabdomyosarcoma[SEP][CLS]embryonal rhabdomyosarcoma","1"
"Quadriplegia[SEP][CLS]acute biphenotypic leukemia","0"
"Mental Retardation[SEP][CLS]bladder adenocarcinoma","0"
"Listeriosis[SEP][CLS]Hodgkin's lymphoma","0"
"Polyhydramnios[SEP][CLS]basal cell carcinoma","0"
"Ovarian Primitive Germ Cell Tumor[SEP][CLS]metal metabolism disorder","0"
"GM1 Gangliosidosis[SEP][CLS]congenital heart disease","0"
"Visual Epilepsy[SEP][CLS]ovarian dysfunction","0"
"Primary Carnitine Deficiency[SEP][CLS]hypopituitarism","0"
"Neuroaxonal Dystrophy[SEP][CLS]invasive bladder transitional cell carcinoma","0"
"Giant Cell Glioblastoma[SEP][CLS]choriocarcinoma","0"
"Sialadenitis[SEP][CLS]ciliopathy","0"
"Multilocular Cystic Renal Neoplasm of Low Malignant Potential[SEP][CLS]stomatitis","0"
"Orbit Embryonal Rhabdomyosarcoma[SEP][CLS]salivary gland disease","0"
"Conduct Disorder[SEP][CLS]cervical squamous cell carcinoma","0"
"Hyperlipoproteinemia, Type II[SEP][CLS]vaginal discharge","0"
"Histiocytic Sarcoma[SEP][CLS]breast carcinoma","0"
"Vulvar Keratinizing Squamous Cell Carcinoma[SEP][CLS]vulva squamous cell carcinoma","1"
"Optic Nerve Sheath Meningioma[SEP][CLS]optic nerve neoplasm","1"
"Skin Vascular Disorder[SEP][CLS]thyroiditis","0"
"Sideroblastic Anemia[SEP][CLS]central nervous system benign neoplasm","0"
"Thyroid Carcinoma Arising in Struma Ovarii[SEP][CLS]struma ovarii","1"
"Female Orgasmic Disorder[SEP][CLS]ocular melanoma","0"
"Breast Medullary Carcinoma[SEP][CLS]ovarian benign neoplasm","0"
"Childhood Parosteal Osteosarcoma[SEP][CLS]intrahepatic cholestasis","0"
"Giant Cell Tumor of Bone[SEP][CLS]meningioma","0"
"Lung Non-Small Cell Carcinoma[SEP][CLS]dermatitis","0"
"Drug Induced Lupus Erythematosus[SEP][CLS]penis squamous cell carcinoma","0"
"Childhood Ovarian Teratoma[SEP][CLS]pancreatic cystadenoma","0"
"Adult Brain Ependymoma[SEP][CLS]optic nerve disease","0"
"Bronchopneumonia[SEP][CLS]mucinous cystadenocarcinoma of pancreas","0"
"Pilocytic Astrocytoma[SEP][CLS]pneumoconiosis","0"
"Adult Medulloblastoma[SEP][CLS]medulloblastoma","1"
"Pseudohermaphroditism[SEP][CLS]cervix carcinoma","0"
"Malignant Testicular Germ Cell Tumor[SEP][CLS]autonomic nervous system neoplasm","0"
"Eosinophilic Gastroenteritis[SEP][CLS]ovary sarcoma","0"
"Meningeal Melanomatosis[SEP][CLS]vascular disease","0"
"Sarcomatoid Transitional Cell Carcinoma[SEP][CLS]stromal dystrophy","0"
"Bladder Papillary Urothelial Carcinoma[SEP][CLS]synostosis","0"
"Erythema Infectiosum[SEP][CLS]lysosomal storage disease","0"
"Rectal Rhabdomyosarcoma[SEP][CLS]tricuspid valve disease","0"
"Retinoblastoma[SEP][CLS]retinal edema","0"
"Coccidiosis[SEP][CLS]microglandular adenosis","0"
"Intrahepatic Cholangiocarcinoma[SEP][CLS]medulloblastoma non-WNT/non-SHH","0"
"Sturge-Weber Syndrome[SEP][CLS]cranial nerve disease","0"
"Hypogonadotropic Hypogonadism with Anosmia[SEP][CLS]basal cell carcinoma","0"
"Polyarteritis Nodosa[SEP][CLS]skin benign neoplasm","0"
"Biphasic Synovial Sarcoma[SEP][CLS]synovial sarcoma","1"
"Diffuse Large B-Cell Lymphoma Activated B-Cell Type[SEP][CLS]esophagus adenocarcinoma","0"
"Mevalonate Kinase Deficiency[SEP][CLS]hemangioblastoma","0"
"Immunodeficiency[SEP][CLS]hair disease","0"
"Breast Intraductal Myoepitheliosis[SEP][CLS]neuroendocrine tumor","0"
"Sebaceous Gland Neoplasm[SEP][CLS]rectal disease","0"
"Lung Non-Small Cell Carcinoma[SEP][CLS]lung carcinoma","1"
"Retinal Cell Neoplasm[SEP][CLS]retinal cancer","1"
"Granuloma Annulare[SEP][CLS]nutritional deficiency disease","0"
"Pancreatic Somatostatinoma[SEP][CLS]islet cell tumor","1"
"Orbit Embryonal Rhabdomyosarcoma[SEP][CLS]mesenchymal cell neoplasm","0"
"Primary Peritoneal Serous Adenocarcinoma[SEP][CLS]meninges sarcoma","0"
"Acute Periodontitis[SEP][CLS]periodontitis","1"
"Mucocele of the Appendix[SEP][CLS]complex regional pain syndrome","0"
"Candidiasis[SEP][CLS]breast cancer","0"
"Invasive Bladder Plasmacytoid Urothelial Carcinoma[SEP][CLS]conjunctivitis","0"
"Pemphigoid Gestationis[SEP][CLS]connective tissue disease","0"
"Diffuse Pediatric-Type High Grade Glioma, H3-Wildtype and IDH-Wildtype[SEP][CLS]orofacial cleft","0"
"Sezary Syndrome[SEP][CLS]pituitary adenoma","0"
"Childhood Mesenchymal Chondrosarcoma[SEP][CLS]gastritis","0"
"Malignant Leptomeningeal Neoplasm[SEP][CLS]parasitic helminthiasis infectious disease","0"
"Diffuse Astrocytoma, MYBL1-Altered[SEP][CLS]endometrial adenocarcinoma","0"
"Creutzfeldt-Jakob Disease[SEP][CLS]strabismus","0"
"Fibrolamellar Carcinoma[SEP][CLS]substance dependence","0"
"Neurotoxicity Syndrome[SEP][CLS]skull base meningioma","0"
"Cervical Keratinizing Squamous Cell Carcinoma[SEP][CLS]blood platelet disease","0"
"Ebola Hemorrhagic Fever[SEP][CLS]bladder carcinoma","0"
"Paroxysmal Nocturnal Hemoglobinuria[SEP][CLS]hemoglobinuria","1"
"Junctional Epidermolysis Bullosa[SEP][CLS]lysosomal storage disease","0"
"Extrahepatic Bile Duct Carcinoma[SEP][CLS]acute porphyria","0"
"Chronic Laryngitis[SEP][CLS]hypersensitivity reaction type IV disease","0"
"Thymoma Type A[SEP][CLS]uterine cancer","0"
"Testicular Polyembryoma[SEP][CLS]testicular malignant germ cell cancer","1"
"Mucin-Producing Intrahepatic Cholangiocarcinoma[SEP][CLS]epithelioid sarcoma","0"
"Oculopharyngeal Muscular Dystrophy[SEP][CLS]muscular dystrophy","1"
"Narcolepsy[SEP][CLS]vulvar sarcoma","0"
"Partial Retinal Vein Occlusion[SEP][CLS]retinal vein occlusion","1"
"Type 2 Diabetes Mellitus[SEP][CLS]bladder adenocarcinoma","0"
"Citrullinemia[SEP][CLS]urea cycle disorder","1"
"Placental Site Trophoblastic Tumor[SEP][CLS]sex cord-gonadal stromal tumor","0"
"Thrombotic Thrombocytopenic Purpura[SEP][CLS]neuropathy","0"
"Childhood Kidney Neoplasm[SEP][CLS]splenic disease","0"
"Urethral Urothelial Papilloma[SEP][CLS]esophageal cancer","0"
"Leber Hereditary Optic Atrophy[SEP][CLS]optic nerve disease","1"
"Fallopian Tube Papillary Adenocarcinoma[SEP][CLS]fallopian tube adenocarcinoma","1"
"Alcoholic Cirrhosis[SEP][CLS]delusional disorder","0"
"Coronary Vasospasm[SEP][CLS]coronary artery disease","1"
"Congenital Pure Red Cell Aplasia[SEP][CLS]synovial sarcoma","0"
"Gastric Leiomyoma[SEP][CLS]viral infectious disease","0"
"Partial Retinal Arterial Occlusion[SEP][CLS]hepatocellular carcinoma","0"
"Adult Spinal Cord Ependymoma[SEP][CLS]spinal cord ependymoma","1"
"Interstitial Myocarditis[SEP][CLS]apocrine sweat gland neoplasm","0"
"Giant Cell Glioblastoma[SEP][CLS]subglottis cancer","0"
"Adenosarcoma[SEP][CLS]acquired polycythemia","0"
"Diffuse Idiopathic Skeletal Hyperostosis[SEP][CLS]lacrimal gland adenocarcinoma","0"
"Bowel Obstruction[SEP][CLS]anterior cranial fossa meningioma","0"
"Pancreatic Insufficiency[SEP][CLS]dermatophytosis","0"
"Ethmoid Sinus Neoplasm[SEP][CLS]paranasal sinus benign neoplasm","1"
"Spindle Cell Hemangioma[SEP][CLS]cystitis","0"
"Newcastle Disease[SEP][CLS]sweat gland disease","0"
"Follicular Dendritic Cell Sarcoma[SEP][CLS]disease of anatomical entity","0"
"Esophagitis[SEP][CLS]pituitary carcinoma","0"
"Complex Regional Pain Syndrome II[SEP][CLS]dermatitis","0"
"Cervical Melanoma[SEP][CLS]liposarcoma","0"
"Verrucous Lesion[SEP][CLS]hormone producing pituitary cancer","0"
"Olivopontocerebellar Atrophy[SEP][CLS]small intestine cancer","0"
"Papillary Cystadenocarcinoma[SEP][CLS]autosomal dominant cerebellar ataxia","0"
"Myotonic Disorder[SEP][CLS]testicular yolk sac tumor","0"
"Occult Lung Large Cell Carcinoma[SEP][CLS]viral infectious disease","0"
"Legionella Pneumonia[SEP][CLS]maxillary sinus benign neoplasm","0"
"Immune Complex Glomerulonephritis[SEP][CLS]cataract","0"
"Gasserian Meningioma[SEP][CLS]meningioma","1"
"Differentiating Neuroblastoma[SEP][CLS]musculoskeletal system disease","0"
"Deep Fibrous Histiocytoma[SEP][CLS]immune system organ benign neoplasm","1"
"Central Nervous System Immature Teratoma[SEP][CLS]breast lobular carcinoma","0"
"Chronic Pyelonephritis[SEP][CLS]breast disease","0"
"Liver Leiomyoma[SEP][CLS]testicular germ cell cancer","0"
"Spindle Cell Lipoma[SEP][CLS]acute orbital inflammation","0"
"High Grade Astrocytoma with Piloid Features[SEP][CLS]anaplastic astrocytoma","1"
"Ampulla of Vater Small Cell Neuroendocrine Carcinoma[SEP][CLS]nail disease","0"
"Lymphangioma[SEP][CLS]cervical cancer","0"
"Thymoma Type B3[SEP][CLS]skin disease","0"
"Tarsal Tunnel Syndrome[SEP][CLS]inner ear disease","0"
"Chronic Rhinitis[SEP][CLS]spinal cancer","0"
"Breast Spiradenoma[SEP][CLS]dermatitis","0"
"Mesenchymoma[SEP][CLS]brain disease","0"
"Developmental Coordination Disorder[SEP][CLS]Hodgkin's lymphoma","0"
"Vulvar Basaloid Carcinoma[SEP][CLS]pulmonary hypertension","0"
"Pulmonary Edema[SEP][CLS]intestinal disease","0"
"Falx Cerebri Meningioma[SEP][CLS]pituitary gland disease","0"
"Dermatosis Papulosa Nigra[SEP][CLS]glycogen metabolism disorder","0"
"Graves Disease[SEP][CLS]bone sarcoma","0"
"Malignant Subglottis Neoplasm[SEP][CLS]sarcoidosis","0"
"Fallopian Tube Clear Cell Adenocarcinoma[SEP][CLS]bone remodeling disease","0"
"Aleukemic Leukemia Cutis[SEP][CLS]lacrimal apparatus disease","0"
"Supraglottic Verrucous Carcinoma[SEP][CLS]sarcoma","0"
"Lipodystrophy[SEP][CLS]liposarcoma","0"
"Alcoholic Gastritis[SEP][CLS]retinal vein occlusion","0"
"Testicular Seminoma, Cribriform Variant[SEP][CLS]pyelonephritis","0"
"Ochronosis[SEP][CLS]trachea carcinoma","0"
"Malaria[SEP][CLS]cerebrum cancer","0"
"Mycobacterium Avium Infection[SEP][CLS]primary bacterial infectious disease","1"
"Acquired Color Blindness[SEP][CLS]glomerulonephritis","0"
"Parathyroid Gland Chief Cell Adenoma[SEP][CLS]breast cyst","0"
"Acquired Immunodeficiency Syndrome[SEP][CLS]allergic conjunctivitis","0"
"Avoidant Personality Disorder[SEP][CLS]cerebral arterial disease","0"
"Polycythemia Neonatorum[SEP][CLS]polycythemia","1"
"Synchronous Multifocal Osteosarcoma[SEP][CLS]medulloblastoma SHH activated","0"
"Male Urethral Malignant Neoplasm[SEP][CLS]central nervous system disease","0"
"Glandular Malignant Peripheral Nerve Sheath Tumor[SEP][CLS]male reproductive system disease","0"
"Canker Sore[SEP][CLS]osteochondrodysplasia","0"
"Hepatosplenic T-Cell Lymphoma[SEP][CLS]cerebellopontine angle tumor","0"
"Conventional Lipoma[SEP][CLS]benign giant cell tumor","0"
"Animal Phobia[SEP][CLS]specific phobia","1"
"Fucosidosis[SEP][CLS]lysosomal storage disease","1"
"Childhood Testicular Embryonal Carcinoma[SEP][CLS]well-differentiated liposarcoma","0"
"Pineocytoma[SEP][CLS]endocrine organ benign neoplasm","1"
"Myxosarcoma[SEP][CLS]hypopharynx cancer","0"
"Lymphocytic Colitis[SEP][CLS]endometritis","0"
"Testicular Monophasic Choriocarcinoma[SEP][CLS]tricuspid valve disease","0"
"Premature Ejaculation[SEP][CLS]cervical adenomyoma","0"
"Minimal Change Glomerulonephritis[SEP][CLS]essential hypertension","0"
"Dextrocardia[SEP][CLS]corneal disease","0"
"Broad Ligament Endometrioid Adenocarcinoma[SEP][CLS]bile duct adenocarcinoma","0"
"Gray-Zone Lymphoma[SEP][CLS]chromosomal duplication syndrome","0"
"Alcohol Abuse[SEP][CLS]adenoma","0"
"Erythromelalgia[SEP][CLS]neuropathy","1"
"Childhood Infratentorial Neoplasm[SEP][CLS]cervical adenocarcinoma","0"
"Clear Cell Renal Cell Carcinoma[SEP][CLS]renal cell carcinoma","1"
"Femoral Neuropathy[SEP][CLS]retinoblastoma","0"
"Infiltrating Bladder Urothelial Carcinoma, Lymphoma-Like Variant[SEP][CLS]stomach cancer","0"
"Intestinal Atresia[SEP][CLS]ovarian mucinous neoplasm","0"
"Laryngeal Squamous Papilloma[SEP][CLS]cervicitis","0"
"Central Nervous System Germinoma[SEP][CLS]hemorrhagic disease","0"
"Childhood Visual Pathway Astrocytoma[SEP][CLS]polycythemia","0"
"Hermaphrodite[SEP][CLS]rectosigmoid junction cancer","0"
"Cervical Basaloid Carcinoma[SEP][CLS]glossopharyngeal nerve neoplasm","0"
"Female Breast Carcinoma[SEP][CLS]parasitic protozoa infectious disease","0"
"Egg Allergy[SEP][CLS]perivascular tumor","0"
"Ampulla of Vater Clear Cell Adenocarcinoma[SEP][CLS]diffuse glomerulonephritis","0"
"Cellular Schwannoma[SEP][CLS]neurilemmoma","1"
"Adult Central Nervous System Solitary Fibrous Tumor, Grade 3[SEP][CLS]multiple carboxylase deficiency","0"
"Polycystic Ovary Syndrome[SEP][CLS]central nervous system benign neoplasm","0"
"Proximal-Type Epithelioid Sarcoma[SEP][CLS]glossopharyngeal nerve disease","0"
"Adult Central Nervous System Mixed Germ Cell Tumor[SEP][CLS]placenta disease","0"
"Thymic Clear Cell Carcinoma[SEP][CLS]lupus erythematosus","0"
"Cerebral Atherosclerosis[SEP][CLS]sphenoidal sinus benign neoplasm","0"
"Non-Communicating Hydrocephalus[SEP][CLS]glomerulonephritis","0"
"Gastric Antral Vascular Ectasia[SEP][CLS]muscle benign neoplasm","0"
"Secondary Polycythemia[SEP][CLS]kidney disease","0"
"Lymphangitis[SEP][CLS]invasive bladder transitional cell carcinoma","0"
"Breast Lobular Neoplasia[SEP][CLS]osteochondrodysplasia","0"
"Pulmonary Veno-Occlusive Disease[SEP][CLS]respiratory system disease","0"
"Choroideremia[SEP][CLS]lymphadenitis","0"
"Childhood Cerebellar Astrocytoma[SEP][CLS]intrinsic cardiomyopathy","0"
"Pineal Region Choriocarcinoma[SEP][CLS]gastrointestinal system disease","0"
"Hepatocellular Carcinoma[SEP][CLS]intrahepatic cholangiocarcinoma","0"
"Pituitary Gland Apoplexy[SEP][CLS]goiter","0"
"Central Nervous System Neuroblastoma[SEP][CLS]low grade glioma","0"
"Hereditary Retinoblastoma[SEP][CLS]glioblastoma","0"
"Tooth and Nail Syndrome[SEP][CLS]systemic mastocytosis","0"
"Renal Pelvis Urothelial Papilloma[SEP][CLS]renal pelvis papillary tumor","1"
"Neuroma[SEP][CLS]stomach disease","0"
"Rectosigmoid Neoplasm[SEP][CLS]glycogen metabolism disorder","0"
"Cardiac Leiomyosarcoma[SEP][CLS]heart sarcoma","1"
"Bare Lymphocyte Syndrome[SEP][CLS]bile duct adenocarcinoma","0"
"Deep Hemangioma[SEP][CLS]rectal disease","0"
"Esophageal Neuroendocrine Neoplasm[SEP][CLS]renal carcinoma","0"
"Aggressive Systemic Mastocytosis[SEP][CLS]conventional osteosarcoma","0"
"Benign Vaginal Mixed Epithelial and Mesenchymal Neoplasm[SEP][CLS]thyroid gland follicular carcinoma","0"
"Vestibular Schwannoma[SEP][CLS]acquired metabolic disease","0"
"Vulvar Porocarcinoma[SEP][CLS]vulva carcinoma","1"
"Thrombocytopenia Due to Immune Destruction[SEP][CLS]vascular disease","0"
"Liver Leiomyosarcoma[SEP][CLS]chromosomal deletion syndrome","0"
"Myotonic Dystrophy[SEP][CLS]megacolon","0"
"Kidney Disorder[SEP][CLS]dermatomycosis","0"
"Sialadenitis[SEP][CLS]salivary gland disease","1"
"Eosinophilic Granulomatosis with Polyangiitis[SEP][CLS]epithelioid sarcoma","0"
"Anuria[SEP][CLS]testicular cancer","0"
"Macrotrabecular Hepatoblastoma[SEP][CLS]lysosomal storage disease","0"
"Gonadal Dysgenesis[SEP][CLS]anterior cranial fossa meningioma","0"
"Spinal Cord Astrocytoma[SEP][CLS]spinal cord glioma","1"
"Megaesophagus[SEP][CLS]pemphigoid","0"
"Hidrocystoma[SEP][CLS]impulse control disorder","0"
"Villoglandular Endometrial Endometrioid Adenocarcinoma[SEP][CLS]meningeal melanoma","0"
"Adenosquamous Carcinoma[SEP][CLS]penis squamous cell carcinoma","0"
"Depersonalization Disorder[SEP][CLS]sweat gland benign neoplasm","0"
"Ascending Cholangitis[SEP][CLS]mood disorder","0"
"Ovarian Adenosarcoma[SEP][CLS]central nervous system germ cell tumor","0"
"Lens Disorder[SEP][CLS]glomus tumor","0"
"Childhood Spinal Cord Neoplasm[SEP][CLS]epilepsy","0"
"Sarcomatoid Carcinoma[SEP][CLS]carcinoma","1"
"Adult Brain Stem Glioma[SEP][CLS]spinal cancer","0"
"Congenital Dyserythropoietic Anemia[SEP][CLS]congenital hemolytic anemia","1"
"Adenosarcoma[SEP][CLS]orbit rhabdomyosarcoma","0"
"Congenital Infundibular Stenosis[SEP][CLS]pulmonary valve stenosis","1"
"Acute Myeloid Leukemia with inv(3)(q21.3;q26.2) or t(3;3)(q21.3;q26.2); GATA2, MECOM[SEP][CLS]breast adenocarcinoma","0"
"Brain Stem Intraparenchymal Clear Cell Meningioma[SEP][CLS]hemangiopericytic tumor","0"
"Premature Menopause[SEP][CLS]ovarian dysfunction","1"
"Skull Base Chordoma[SEP][CLS]uterine adnexa cancer","0"
"Adult Pleomorphic Rhabdomyosarcoma[SEP][CLS]retroperitoneal cancer","0"
"Poland Syndrome[SEP][CLS]hormone producing pituitary cancer","0"
"Vaginal Glandular Neoplasm[SEP][CLS]bilirubin metabolic disorder","0"
"Pyruvate Carboxylase Deficiency[SEP][CLS]syphilis","0"
"Tuberculum Sellae Meningioma[SEP][CLS]Ewing sarcoma","0"
"Villoglandular Endometrial Endometrioid Adenocarcinoma[SEP][CLS]carcinoma","0"
"Cervical Serous Adenocarcinoma[SEP][CLS]ovarian clear cell adenofibroma","0"
"Childhood Infratentorial Ependymoma[SEP][CLS]orbit rhabdomyosarcoma","0"
"Bile Duct Disorder[SEP][CLS]ethmoidal sinus benign neoplasm","0"
"Mixed Liposarcoma[SEP][CLS]malignant olfactory nerve neoplasm","0"
"Silent Myocardial Infarction[SEP][CLS]pneumoconiosis","0"
"IgA Nephropathy[SEP][CLS]glomerulonephritis","1"
"Pierre Robin Syndrome[SEP][CLS]sarcoidosis","0"
"Non Specific Chronic Endometritis[SEP][CLS]mediastinal neurilemmoma","0"
"Pseudohermaphroditism[SEP][CLS]disorder of sexual development","1"
"Benign Essential Hypertension[SEP][CLS]essential hypertension","1"
"Brucellosis[SEP][CLS]primary bacterial infectious disease","1"
"Autonomic Nervous System Neoplasm[SEP][CLS]peripheral nervous system neoplasm","1"
"Ileus[SEP][CLS]uterine corpus cellular leiomyoma","0"
"Breast Sebaceous Carcinoma[SEP][CLS]breast carcinoma","1"
"Lung Papillary Adenocarcinoma[SEP][CLS]lung adenocarcinoma","1"
"Pancreatic Delta Cell Neuroendocrine Tumor[SEP][CLS]systemic scleroderma","0"
"Gastric Teratoma[SEP][CLS]lung non-small cell carcinoma","0"
"Lymphocytic Thyroiditis[SEP][CLS]bladder carcinoma","0"
"Prostate Leiomyosarcoma[SEP][CLS]prostate sarcoma","1"
"Transvestic Fetishism[SEP][CLS]autosomal dominant distal hereditary motor neuronopathy","0"
"Hemolytic Uremic Syndrome[SEP][CLS]leiomyosarcoma","0"
"Papillary Transitional Cell Carcinoma[SEP][CLS]skull base chordoma","0"
"von Willebrand Disease, Type 3[SEP][CLS]spinal cord glioma","0"
"Ovarian Clear Cell Adenocarcinoma[SEP][CLS]ureteral disease","0"
"Tabes Dorsalis[SEP][CLS]acute conjunctivitis","0"
"Tactile Epilepsy[SEP][CLS]reflex epilepsy","1"
"Fibrous Synovial Sarcoma[SEP][CLS]synovial sarcoma","1"
"Aspergillosis[SEP][CLS]physical disorder","0"
"Endosalpingiosis[SEP][CLS]follicular adenoma","0"
"Clear Cell Sarcoma of the Kidney[SEP][CLS]tinea capitis","0"
"Primary Hyperoxaluria Type II[SEP][CLS]biliary tract disease","0"
"Pancreatic Ductal Adenocarcinoma[SEP][CLS]pancreatic adenocarcinoma","1"
"Penile Paget Disease[SEP][CLS]liver benign neoplasm","0"
"Myxoid Liposarcoma[SEP][CLS]breast carcinoma","0"
"Cervicomedullary Junction Neoplasm[SEP][CLS]infratentorial cancer","1"
"Facioscapulohumeral Muscular Dystrophy[SEP][CLS]B-lymphoblastic leukemia/lymphoma","0"
"Pilomatrical Carcinoma[SEP][CLS]skin carcinoma","1"
"Renal Pelvis Neoplasm[SEP][CLS]rectum cancer","0"
"Vaginal Disorder[SEP][CLS]opportunistic mycosis","0"
"Retroperitoneal Germ Cell Tumor[SEP][CLS]central nervous system disease","0"
"Labia Minora Carcinoma[SEP][CLS]breast fibrocystic disease","0"
"Olfactory Neuroblastoma[SEP][CLS]glomerulonephritis","0"
"Fuchs Endothelial Dystrophy[SEP][CLS]childhood germ cell cancer","0"
"Familial Dysautonomia[SEP][CLS]breast adenocarcinoma","0"
"Childhood Ovarian Embryonal Carcinoma[SEP][CLS]yaws","0"
"Ataxia Telangiectasia Syndrome[SEP][CLS]chronic lymphocytic leukemia/small lymphocytic lymphoma","0"
"Hypoplastic Right Heart Syndrome[SEP][CLS]middle ear disease","0"
"Scimitar Syndrome[SEP][CLS]viral infectious disease","0"
"Prostate Acinar Lymphoepithelioma-Like Adenocarcinoma[SEP][CLS]prostate adenocarcinoma","1"
"Internal Auditory Canal Meningioma[SEP][CLS]bile duct disease","0"
"Aromatic L-Amino-Acid Decarboxylase Deficiency[SEP][CLS]neuroendocrine tumor","0"
"Sialadenitis[SEP][CLS]breast duct papilloma","0"
"Metabolic Disorder[SEP][CLS]blood platelet disease","0"
"Minimal Change Glomerulonephritis[SEP][CLS]carcinoma","0"
"Peripheral Nerve Schwannoma[SEP][CLS]neuroblastoma","0"
"Non-Muscle Invasive Bladder Carcinoma[SEP][CLS]peripheral nerve sheath neoplasm","0"
"Clear Cell Renal Cell Carcinoma[SEP][CLS]vulvar squamous papilloma","0"
"Mediastinal Neuroblastoma[SEP][CLS]diffuse large B-cell lymphoma","0"
"46,XY Gonadal Dysgenesis[SEP][CLS]gonadal dysgenesis","1"
"Skull Base Chordoma[SEP][CLS]sella turcica neoplasm","0"
"Myopia[SEP][CLS]germ cell and embryonal cancer","0"
"Venous Hemangioma[SEP][CLS]acute myeloid leukemia","0"
"Diffuse Hemispheric Glioma, H3 G34-Mutant[SEP][CLS]kidney disease","0"
"Struma Ovarii[SEP][CLS]aortic aneurysm","0"
"Pancreatic Delta Cell Neuroendocrine Tumor[SEP][CLS]breast carcinoma","0"
"Female Stress Incontinence[SEP][CLS]connective tissue cancer","0"
"Laryngeal Verrucous Carcinoma[SEP][CLS]laryngeal squamous cell carcinoma","1"
"Arrhythmogenic Right Ventricular Dysplasia[SEP][CLS]connective tissue cancer","0"
"Ornithosis[SEP][CLS]intracranial hypertension","0"
"Composite Lymphoma[SEP][CLS]B-cell lymphoma","1"
"Malignant Sphenoid Sinus Neoplasm[SEP][CLS]urinary system disease","0"
"Barrett Esophagus[SEP][CLS]intrahepatic cholestasis","0"
"Addison's Disease[SEP][CLS]adrenal cortical hypofunction","1"
"Intracranial Meningioma[SEP][CLS]breast squamous cell carcinoma","0"
"Cemento-Ossifying Fibroma[SEP][CLS]high grade glioma","0"
"Collecting Duct Carcinoma[SEP][CLS]dissociative disorder","0"
"Pancreatic Cystadenocarcinoma[SEP][CLS]renal tubular transport disease","0"
"Demyelinating Polyneuropathy[SEP][CLS]cataract","0"
"Creutzfeldt-Jakob Disease[SEP][CLS]disorder of sexual development","0"
"Sarcomatoid Transitional Cell Carcinoma[SEP][CLS]atherosclerosis","0"
"Myeloid/Lymphoid Neoplasms with PDGFRA Rearrangement[SEP][CLS]central nervous system benign neoplasm","0"
"Acute Myeloid Leukemia with NPM1 Mutation[SEP][CLS]choriocarcinoma of ovary","0"
"Pulmonary Valvular Insufficiency[SEP][CLS]commensal bacterial infectious disease","0"
"B Lymphoblastic Leukemia/Lymphoma with Intrachromosomal Amplification of Chromosome 21[SEP][CLS]vulva squamous cell carcinoma","0"
"Mesothelioma[SEP][CLS]lichen disease","0"
"Intestinal Pseudo-Obstruction[SEP][CLS]cranial nerve malignant neoplasm","0"
"Peripheral Ganglioneuroblastoma[SEP][CLS]ganglioneuroblastoma","1"
"Giant Cell Tumor of Bone[SEP][CLS]corneal edema","0"
"Diffuse Astrocytoma[SEP][CLS]diffuse large B-cell lymphoma","0"
"Childhood Lymphoma[SEP][CLS]gastrointestinal system cancer","0"
"Vulvar Eccrine Adenocarcinoma[SEP][CLS]mesenchymal chondrosarcoma","0"
"Pernicious Anemia[SEP][CLS]yaws","0"
"Vulvar Leiomyoma[SEP][CLS]myocardial infarction","0"
"Hemangiopericytic Neoplasm[SEP][CLS]vesiculobullous skin disease","0"
"Myasthenia Gravis[SEP][CLS]autoimmune disease of the nervous system","1"
"Ovarian Papillary Cystadenoma[SEP][CLS]heart septal defect","0"
"Orbit Embryonal Rhabdomyosarcoma[SEP][CLS]rhabdoid cancer","0"
"Substance-Related Disorder[SEP][CLS]prostate adenocarcinoma","0"
"Sarcomatoid Renal Cell Carcinoma[SEP][CLS]vulva squamous cell carcinoma","0"
"WDHA Syndrome[SEP][CLS]endocrine pancreas disease","1"
"Hepatobiliary Disorder[SEP][CLS]primary cutaneous T-cell non-Hodgkin lymphoma","0"
"Cervical Endometrioid Adenocarcinoma[SEP][CLS]breast fibroadenoma","0"
"Labia Minora Carcinoma[SEP][CLS]disease","0"
"Ectopic Pregnancy[SEP][CLS]goiter","0"
"Malignant Gingival Neoplasm[SEP][CLS]basal cell carcinoma","0"
"Exostosis[SEP][CLS]tetanus","0"
"Small Intestinal Sarcoma[SEP][CLS]vascular disease","0"
"Tubular Adenocarcinoma[SEP][CLS]chromophobe renal cell carcinoma","0"
"Orbital Granuloma[SEP][CLS]biliary tract disease","0"
"Pemphigus Vulgaris[SEP][CLS]pyloric stenosis","0"
"CREST Syndrome[SEP][CLS]polycythemia","0"
"Breast Apocrine Carcinoma In Situ[SEP][CLS]ovarian primitive germ cell tumor","0"
"Purpura[SEP][CLS]urinary system disease","0"
"Spongiotic Dermatitis[SEP][CLS]pyelonephritis","0"
"Uterine Corpus Leiomyoma[SEP][CLS]malignant choroid melanoma","0"
"Breast Giant Fibroadenoma[SEP][CLS]metal metabolism disorder","0"
"Disseminated Intravascular Coagulation[SEP][CLS]uveitis","0"
"Invasive Bladder Lymphoepithelioma-Like Carcinoma[SEP][CLS]invasive bladder transitional cell carcinoma","1"
"Primary Immune Thrombocytopenia[SEP][CLS]choriocarcinoma of the testis","0"
"Nontoxic Goiter[SEP][CLS]ovarian endodermal sinus tumor","0"
"Lactose Intolerance[SEP][CLS]carbohydrate metabolic disorder","1"
"Stage IVB Bladder Cancer[SEP][CLS]epidermolysis bullosa","0"
"Carcinoma ex Pleomorphic Adenoma[SEP][CLS]conventional osteosarcoma","0"
"Proteus Syndrome[SEP][CLS]muscle cancer","0"
"Kabuki Syndrome[SEP][CLS]uterine benign neoplasm","0"
"Ceruminous Adenoma[SEP][CLS]adult brain stem glioma","0"
"Laryngeal Verrucous Carcinoma[SEP][CLS]acute myeloid leukemia","0"
"Atrial Septal Defect[SEP][CLS]mature B-cell neoplasm","0"
"C5 Deficiency[SEP][CLS]neurodegenerative disease","0"
"Verrucous Lesion[SEP][CLS]vulvar sarcoma","0"
"Hepatorenal Syndrome[SEP][CLS]carcinoma","0"
"Parathyroid Gland Chief Cell Adenoma[SEP][CLS]central nervous system adult germ cell tumor","0"
"Choroid Mixed Cell Melanoma[SEP][CLS]aortic valve stenosis","0"
"Epithelioid Angiomyolipoma[SEP][CLS]angiomyolipoma","1"
"Chorioretinitis[SEP][CLS]splenic disease","0"
"Extranodal Marginal Zone Lymphoma of Mucosa-Associated Lymphoid Tissue[SEP][CLS]chronic pyelonephritis","0"
"Retinoschisis[SEP][CLS]retinal degeneration","1"
"Verrucous Carcinoma[SEP][CLS]conventional osteosarcoma","0"
"von Willebrand Disease, Type 3[SEP][CLS]ovarian endometrioid adenofibroma","0"
"Miliaria[SEP][CLS]male reproductive system disease","0"
"Bullous Pemphigoid[SEP][CLS]pemphigoid","1"
"Tourette Syndrome[SEP][CLS]viral infectious disease","0"
"Pulmonary Hypertension[SEP][CLS]hypertension","1"
"Central Nervous System Embryonal Tumor, Not Otherwise Specified[SEP][CLS]acute myeloid leukemia","0"
"Asymmetric Motor Neuropathy[SEP][CLS]cerebellum cancer","0"
"Rhabdoid Tumor[SEP][CLS]acute myeloid leukemia","0"
"Vulvar Dystrophy[SEP][CLS]extraskeletal myxoid chondrosarcoma","0"
"Amelanotic Melanoma[SEP][CLS]dermatomycosis","0"
"Venous Insufficiency[SEP][CLS]acute myeloid leukemia","0"
"Metanephric Adenoma[SEP][CLS]retinal disease","0"
"Tuberculous Empyema[SEP][CLS]acute biphenotypic leukemia","0"
"Obstructive Sleep Apnea[SEP][CLS]uterine ligament adenocarcinoma","0"
"Invasive Bladder Micropapillary Urothelial Carcinoma[SEP][CLS]in situ carcinoma","0"
"Cardiac Fibrosarcoma[SEP][CLS]nephroblastoma","0"
"Dermatophytosis of Groin and Perianal Area[SEP][CLS]adenomyoma of uterine corpus","0"
"Testicular Yolk Sac Tumor, Endodermal Sinus/Perivascular Pattern[SEP][CLS]salpingitis","0"
"Carotid Artery Dissection[SEP][CLS]vulva adenocarcinoma","0"
"Sexual Masochism[SEP][CLS]parasitic protozoa infectious disease","0"
"Female Stress Incontinence[SEP][CLS]salivary gland carcinoma","0"
"Plexiform Neurofibroma[SEP][CLS]retinal edema","0"
"Intussusception[SEP][CLS]urinary system disease","0"
"Chronic Polyneuropathy[SEP][CLS]keratosis","0"
"Prostate Rhabdomyosarcoma[SEP][CLS]lung benign neoplasm","0"
"Testicular Yolk Sac Tumor, Microcystic Pattern[SEP][CLS]ovarian cancer","0"
"Hidradenoma Papilliferum[SEP][CLS]endocrine pancreas disease","0"
"Connective Tissue Disorder[SEP][CLS]adenomyoma","0"
"Hepatic Encephalopathy[SEP][CLS]small intestine benign neoplasm","0"
"Childhood Ovarian Dysgerminoma[SEP][CLS]pulmonary neuroendocrine tumor","0"
"Miller Fisher Syndrome[SEP][CLS]hypertrophic cardiomyopathy","0"
"Epithelial Predominant Kidney Wilms Tumor[SEP][CLS]nephroblastoma","1"
"Malignant Apocrine Neoplasm[SEP][CLS]primary bacterial infectious disease","0"
"Complement Deficiency[SEP][CLS]glomerulonephritis","0"
"Ciliary Body Disorder[SEP][CLS]microscopic colitis","0"
"Q Fever[SEP][CLS]pituitary gland benign neoplasm","0"
"Unstable Angina[SEP][CLS]chronic leukemia","0"
"Neurotoxicity Syndrome[SEP][CLS]skin disease","0"
"Head and Neck Neoplasm[SEP][CLS]cerebral meningioma","0"
"Biphasic Mesothelioma[SEP][CLS]primary bacterial infectious disease","0"
"Ischemic Fasciitis[SEP][CLS]fasciitis","1"
"Filariasis[SEP][CLS]central nervous system embryonal tumor","0"
"Plasmablastic Lymphoma[SEP][CLS]pineal gland cancer","0"
"Testicular Yolk Sac Tumor, Papillary Pattern[SEP][CLS]monodermal teratoma","0"
"Diffuse Midline Glioma, H3 K27M-Mutant[SEP][CLS]lacrimal apparatus disease","0"
"Usher Syndrome Type 2[SEP][CLS]stomatitis","0"
"Myxoid Leiomyosarcoma[SEP][CLS]melanoma","0"
"Nesidioblastosis[SEP][CLS]connective tissue disease","0"
"Prostate Acinar Lymphoepithelioma-Like Adenocarcinoma[SEP][CLS]spinal cancer","0"
"Otorrhea[SEP][CLS]urethral disease","0"
"Ovarian Solid Teratoma[SEP][CLS]adrenal gland disease","0"
"Hypercalcemic Sarcoidosis[SEP][CLS]thymus adenocarcinoma","0"
"Griscelli Syndrome Type 2[SEP][CLS]dermatitis","0"
"Hemoglobinopathy[SEP][CLS]congenital hemolytic anemia","1"
"Benign Neonatal Epilepsy[SEP][CLS]skin melanoma","0"
"Primary Hypertrophic Osteoarthropathy[SEP][CLS]tauopathy","0"
"Skin Vascular Disorder[SEP][CLS]Bartholin's gland carcinoma","0"
"Ovarian Monodermal and Highly Specialized Teratoma[SEP][CLS]carcinoma","0"
"Pure Red Cell Aplasia[SEP][CLS]heart disease","0"
"Rheumatic Fever[SEP][CLS]peripheral nervous system disease","0"
"Corticotroph Pituitary Neuroendocrine Tumor[SEP][CLS]extraosseous Ewing sarcoma","0"
"Well Differentiated Papillary Mesothelial Tumor[SEP][CLS]external ear disease","0"
"Respiratory Syncytial Virus Infection[SEP][CLS]necrosis of pituitary","0"
"Capgras Syndrome[SEP][CLS]vagina botryoid rhabdomyosarcoma","0"
"Gastric Papillary Adenocarcinoma[SEP][CLS]skin papilloma","0"
"Tuberculum Sellae Meningioma[SEP][CLS]aplastic anemia","0"
"Breast Carcinoma[SEP][CLS]glycogen metabolism disorder","0"
"Skin Fibroepithelial Basal Cell Carcinoma[SEP][CLS]cerebrum cancer","0"
"Epidermolysis Bullosa[SEP][CLS]breast disease","0"
"Vulvar Nodular Hidradenoma[SEP][CLS]male reproductive organ cancer","0"
"Pemphigus Vulgaris[SEP][CLS]eye disease","0"
"Dyschromatosis Universalis Hereditaria[SEP][CLS]meningioma","0"
"Acute Megakaryoblastic Leukemia[SEP][CLS]acute myeloid leukemia","1"
"Sanfilippo Syndrome[SEP][CLS]synovial sarcoma","0"
"Childhood Extraskeletal Myxoid Chondrosarcoma[SEP][CLS]hepatitis","0"
"Pharyngoconjunctival Fever[SEP][CLS]dysgammaglobulinemia","0"
"Infectious Otitis Externa[SEP][CLS]germ cell and embryonal cancer","0"
"Hepatitis C Infection[SEP][CLS]lymphadenitis","0"
"CREST Syndrome[SEP][CLS]syndrome","1"
"Primary Carnitine Deficiency[SEP][CLS]childhood embryonal tumor with multilayered rosettes, C19MC-altered","0"
"Acute Myeloid Leukemia[SEP][CLS]laryngeal disease","0"
"Porphyria Cutanea Tarda[SEP][CLS]viral infectious disease","0"
"Renal Osteodystrophy[SEP][CLS]diabetes mellitus","0"
"Arachnoiditis[SEP][CLS]rectum sarcoma","0"
"Kluver-Bucy Syndrome[SEP][CLS]thyroid gland carcinoma","0"
"Childhood Central Nervous System Germinoma[SEP][CLS]central nervous system germinoma","1"
"Maffucci Syndrome[SEP][CLS]centronuclear myopathy","0"
"Splenic Manifestation of Leukemia[SEP][CLS]lipid metabolism disorder","0"
"Diphyllobothriasis[SEP][CLS]liver disease","0"
"Voyeurism[SEP][CLS]malignant pineal area germ cell neoplasm","0"
"Cervical Adenosarcoma[SEP][CLS]parathyroid gland disease","0"
"Neurotoxicity Syndrome[SEP][CLS]viral infectious disease","0"
"Thoracic Intraspinal Meningioma[SEP][CLS]mature teratoma of the ovary","0"
"Paranasal Sinus Disorder[SEP][CLS]lipoma","0"
"VIP-Producing Neuroendocrine Tumor[SEP][CLS]spinal muscular atrophy","0"
"Breast Mucinous Cystadenocarcinoma[SEP][CLS]acute myeloid leukemia","0"
"Landau-Kleffner Syndrome[SEP][CLS]extrahepatic bile duct adenoma","0"
"Mixed Embryonal Carcinoma and Teratoma[SEP][CLS]acanthoma","0"
"Fibrolamellar Carcinoma[SEP][CLS]malignant astrocytoma","0"
"Undifferentiated Pleomorphic Sarcoma[SEP][CLS]hemangioma","0"
"Orbital Granuloma[SEP][CLS]breast fibroadenoma","0"
"Labia Minora Carcinoma[SEP][CLS]hyperostosis","0"
"Chronic Lymphocytic Leukemia/Small Lymphocytic Lymphoma[SEP][CLS]lung carcinoma","0"
"Sick Sinus Syndrome[SEP][CLS]spinal canal and spinal cord meningioma","0"
"Pemphigus Vulgaris[SEP][CLS]pemphigus","1"
"Malignant Testicular Non-Seminomatous Germ Cell Tumor[SEP][CLS]liposarcoma","0"
"Breast Tubular Carcinoma[SEP][CLS]pancreatic adenocarcinoma","0"
"Richter Syndrome[SEP][CLS]testicular yolk sac tumor","0"
"Sly Syndrome[SEP][CLS]acute porphyria","0"
"Hyperimmunoglobulin Syndrome[SEP][CLS]B cell deficiency","1"
"Retinitis[SEP][CLS]esophagus squamous cell carcinoma","0"
"Mediastinal Neuroblastoma[SEP][CLS]mature teratoma of the ovary","0"
"Angioedema[SEP][CLS]nosophobia","0"
"Mediastinal Ganglioneuroblastoma[SEP][CLS]connective tissue disease","0"
"Renal Osteodystrophy[SEP][CLS]ovarian biphasic or triphasic teratoma","0"
"Histiocytic Sarcoma[SEP][CLS]lung disease","0"
"Galactosemia[SEP][CLS]carbohydrate metabolic disorder","1"
"Congenital Infundibular Stenosis[SEP][CLS]articulation disorder","0"
"Accessory Nerve Neoplasm[SEP][CLS]acrofacial dysostosis","0"
"von Willebrand Disease[SEP][CLS]primary systemic mycosis","0"
"Guillain-Barre Syndrome[SEP][CLS]autoimmune disease of peripheral nervous system","1"
"Falx Cerebri Meningioma[SEP][CLS]autoimmune disease of peripheral nervous system","0"
"Secondary Hypertension[SEP][CLS]hypertension","1"
"Maxillary Sinus Adenoid Cystic Carcinoma[SEP][CLS]cervix carcinoma","0"
"Sellar Region Neoplasm[SEP][CLS]pneumoconiosis","0"
"Ehlers-Danlos Syndrome, Type III[SEP][CLS]Ehlers-Danlos syndrome","1"
"Nasal Cavity Disorder[SEP][CLS]primary bacterial infectious disease","0"
"Endobronchial Leiomyoma[SEP][CLS]hemangiopericytoma","0"
"Ventricular Septal Defect[SEP][CLS]Coronavirus infectious disease","0"
"Esophageal Achalasia[SEP][CLS]plasmacytoma","0"
"Refractive Error[SEP][CLS]renal tubular transport disease","0"
"Divergent Strabismus[SEP][CLS]yaws","0"
"Rhesus Isoimmunization[SEP][CLS]stomach cancer","0"
"Cranial Nerve VII Palsy[SEP][CLS]nodular ganglioneuroblastoma","0"
"Adult Malignant Mesenchymoma[SEP][CLS]malignant mesenchymoma","1"
"Extraventricular Neurocytoma[SEP][CLS]keratoconjunctivitis","0"
"Cerebellar Pilocytic Astrocytoma[SEP][CLS]cerebellar astrocytoma","1"
"Acquired Immunodeficiency Syndrome[SEP][CLS]skin melanoma","0"
"Lymphomatoid Granulomatosis[SEP][CLS]vagina sarcoma","0"
"Localized Osteosarcoma[SEP][CLS]physical disorder","0"
"Male Urethral Malignant Neoplasm[SEP][CLS]ocular motility disease","0"
"Toxic Nodular Goiter[SEP][CLS]nephroma","0"
"Cervical Adenosarcoma[SEP][CLS]adenoma","0"
"Pyosalpinx[SEP][CLS]testicular cancer","0"
"Facial Nerve Disorder[SEP][CLS]central nervous system teratoma","0"
"Renal Failure[SEP][CLS]central nervous system disease","0"
"Barakat Syndrome[SEP][CLS]renal pelvis benign neoplasm","0"
"Pancreatic Gastrin-Producing Neuroendocrine Tumor[SEP][CLS]nutritional deficiency disease","0"
"Cervical Mucinous Adenocarcinoma, Intestinal-Type[SEP][CLS]cervical mucinous adenocarcinoma","1"
"Adult Papillary Meningioma[SEP][CLS]breast fibroadenoma","0"
"Childhood Multilocular Cystic Renal Neoplasm[SEP][CLS]bladder disease","0"
"Anaplastic Large Cell Lymphoma[SEP][CLS]adenofibroma","0"
"Extrahepatic Bile Duct Embryonal Rhabdomyosarcoma[SEP][CLS]diverticulitis","0"
"Cutaneous Nodular Melanoma[SEP][CLS]acute myeloid leukemia","0"
"Clear Cell Cystadenofibroma[SEP][CLS]acute biphenotypic leukemia","0"
"Laryngeal Verrucous Carcinoma[SEP][CLS]osteosclerosis","0"
"Alpha-1 Antitrypsin Deficiency[SEP][CLS]fallopian tube adenocarcinoma","0"
"Hemangioblastoma[SEP][CLS]eye disease","0"
"Small Cell Osteosarcoma[SEP][CLS]diabetes mellitus","0"
"Rhabdoid Meningioma[SEP][CLS]meningioma","1"
"Epididymal Neoplasm[SEP][CLS]thiamine deficiency disease","0"
"Central Nervous System Disorder[SEP][CLS]rhabdoid meningioma","0"
"Rheumatic Fever[SEP][CLS]Bartholin's gland carcinoma","0"
"Mixed Cell Adenoma[SEP][CLS]male infertility","0"
"Neurogenic Bladder[SEP][CLS]lipid-rich carcinoma","0"
"Pancreatic Foamy Gland Adenocarcinoma[SEP][CLS]strabismus","0"
"Hepatoid Adenocarcinoma[SEP][CLS]acanthoma","0"
"Metastatic Thyrotroph Pituitary Neuroendocrine Tumor[SEP][CLS]hormone producing pituitary cancer","1"
"Benign Pericytic Neoplasm[SEP][CLS]extraosseous osteosarcoma","0"
"Pilocytic Astrocytoma[SEP][CLS]skin disease","0"
"Invasive Bladder Clear Cell (Glycogen-Rich) Urothelial Carcinoma[SEP][CLS]cystadenofibroma","0"
"Ectomesenchymoma[SEP][CLS]central nervous system mesenchymal non-meningothelial tumor","1"
"Hyperhomocysteinemia[SEP][CLS]myeloid leukemia","0"
"Adult Extraskeletal Myxoid Chondrosarcoma[SEP][CLS]lipoma","0"
"Ischemic Fasciitis[SEP][CLS]diaphragm disease","0"
"Thymoma Type B3[SEP][CLS]thymoma type B","1"
"Testicular Seminoma, Pseudoglandular Variant[SEP][CLS]carcinoma","0"
"Breast Columnar Cell Mucinous Carcinoma[SEP][CLS]psychosexual disorder","0"
"Lung Non-Small Cell Carcinoma[SEP][CLS]malignant astrocytoma","0"
"Differentiated Thyroid Gland Carcinoma[SEP][CLS]breast cancer","0"
"Gastroesophageal Reflux Disease[SEP][CLS]endometrial disease","0"
"Protozoal Infection[SEP][CLS]dendritic cell sarcoma","0"
"Paget Disease[SEP][CLS]relapsing fever","0"
"Glomangiomatosis[SEP][CLS]brain meningioma","0"
"Pancreatic Mucinous Cystadenoma[SEP][CLS]brain cancer","0"
"Anal Mucinous Adenocarcinoma[SEP][CLS]inner ear disease","0"
"Partial Retinal Arterial Occlusion[SEP][CLS]retinal artery occlusion","1"
"Angioleiomyoma[SEP][CLS]physical disorder","0"
"Diffuse Pediatric-Type High Grade Glioma, H3-Wildtype and IDH-Wildtype[SEP][CLS]ovary sarcoma","0"
"Thymoma Type B1[SEP][CLS]vulvar benign neoplasm","0"
"Carnitine Palmitoyltransferase II Deficiency[SEP][CLS]myocardial infarction","0"
"Childhood Central Nervous System Choriocarcinoma[SEP][CLS]myocardial infarction","0"
"Congenital Infundibular Stenosis[SEP][CLS]appendix cancer","0"
"Gastric Germ Cell Tumor[SEP][CLS]lymphadenitis","0"
"Autoimmune Hepatitis with Centrilobular Necrosis[SEP][CLS]idiopathic interstitial pneumonia","0"
"Aplastic Anemia[SEP][CLS]breast mucinous carcinoma","0"
"Encapsulated Thymoma[SEP][CLS]disease of anatomical entity","0"
"Mastitis[SEP][CLS]medulloblastoma","0"
"Platelet Disorder[SEP][CLS]immune system disease","0"
"Medulloblastoma, Non-WNT/Non-SHH, Group 3[SEP][CLS]basal cell carcinoma","0"
"Adult Papillary Meningioma[SEP][CLS]epidermolysis bullosa","0"
"Chronic Conjunctivitis[SEP][CLS]ovarian cancer","0"
"Diffuse Infiltrative Lymphocytosis Syndrome[SEP][CLS]brain disease","0"
"Polycythemia Neonatorum[SEP][CLS]eye disease","0"
"Dermatophytosis[SEP][CLS]keratosis","0"
"Childhood Ovarian Germ Cell Tumor[SEP][CLS]inherited metabolic disorder","0"
"Peroneal Neuropathy[SEP][CLS]mite infestation","0"
"Lymphohistiocytoid Mesothelioma[SEP][CLS]myopathy","0"
"Grade I Lymphomatoid Granulomatosis[SEP][CLS]malignant choroid melanoma","0"
"Gangrenous Stomatitis[SEP][CLS]skull base cancer","0"
"Acute Myeloid Leukemia with NPM1 Mutation[SEP][CLS]brain stem infarction","0"
"Neonatal Leukemia[SEP][CLS]biliary papillomatosis","0"
"Epicardial Neoplasm[SEP][CLS]hepatobiliary disease","0"
"Vulvar Clear Cell Hidradenocarcinoma[SEP][CLS]cell type cancer","0"
"High Grade B-Cell Lymphoma with MYC and BCL2 or BCL6 Rearrangements[SEP][CLS]mouth disease","0"
"Ovarian Mucinous Adenofibroma[SEP][CLS]eating disorder","0"
"Asbestos-Related Lung Carcinoma[SEP][CLS]eating disorder","0"
"Occult Lung Large Cell Carcinoma[SEP][CLS]acute porphyria","0"
"Villous Adenocarcinoma[SEP][CLS]neuropathy","0"
"Thyroid Gland Well-Differentiated Tumor of Uncertain Malignant Potential[SEP][CLS]follicular adenoma","1"
"Neurofibromatosis Type 1[SEP][CLS]amino acid metabolic disorder","0"
"Syringocystadenoma Papilliferum[SEP][CLS]specific phobia","0"
"Malignant Sublingual Gland Neoplasm[SEP][CLS]cerebral ventricle cancer","0"
"Gastroparesis[SEP][CLS]kidney disease","0"
"Anaplastic Astrocytoma[SEP][CLS]blood platelet disease","0"
"Nesidioblastosis[SEP][CLS]hepatocellular carcinoma","0"
"Lysinuric Protein Intolerance[SEP][CLS]bile duct adenocarcinoma","0"
"Gingival Disorder[SEP][CLS]pulmonary fibrosis","0"
"Brain Stem Astrocytoma[SEP][CLS]acute biphenotypic leukemia","0"
"Vitamin K Deficiency[SEP][CLS]bile duct adenoma","0"
"Glossopharyngeal Nerve Neoplasm[SEP][CLS]sexual health disorder","0"
"Syringomyelia[SEP][CLS]paranasal sinus cancer","0"
"Balanitis Xerotica Obliterans[SEP][CLS]balanitis","1"
"Hyperimmunoglobulin Syndrome[SEP][CLS]salivary gland cancer","0"
"Localized Chondrosarcoma[SEP][CLS]squamous cell carcinoma","0"
"Solitary Mastocytoma of the Skin[SEP][CLS]hypolipoproteinemia","0"
"Prediabetes[SEP][CLS]mucopolysaccharidosis","0"
"Occult Lung Adenocarcinoma[SEP][CLS]gastrointestinal system cancer","0"
"Complete Trisomy 18 Syndrome[SEP][CLS]cholangitis","0"
"Cocaine Dependence[SEP][CLS]gonadal dysgenesis","0"
"Frontal Convexity Meningioma[SEP][CLS]cerebral convexity meningioma","1"
"Neuroblastoma[SEP][CLS]ovarian papillary neoplasm","0"
"Primary Hyperoxaluria Type I[SEP][CLS]islet cell tumor","0"
"Orofaciodigital Syndrome Type 6[SEP][CLS]Joubert syndrome","1"
"Appendix Mucinous Cystadenocarcinoma[SEP][CLS]hemangiopericytoma","0"
"Sphenoorbital Meningioma[SEP][CLS]rectum sarcoma","0"
"Schizoaffective Disorder[SEP][CLS]esophageal disease","0"
"Porokeratosis[SEP][CLS]benign perivascular tumor","0"
"Invasive Thymoma[SEP][CLS]sarcomatoid carcinoma","0"
"Epiglottitis[SEP][CLS]urinary system disease","0"
"Lactic Acidosis[SEP][CLS]filariasis","0"
"Acrodermatitis[SEP][CLS]ureteral disease","0"
"Serous Surface Papilloma[SEP][CLS]endocrine system disease","0"
"Keratopathy[SEP][CLS]primary ciliary dyskinesia","0"
"Stomatitis[SEP][CLS]bladder adenocarcinoma","0"
"Coronary Artery Aneurysm[SEP][CLS]heart aneurysm","1"
"Transient Ischemic Attack[SEP][CLS]small intestine cancer","0"
"Chicken Pox[SEP][CLS]viral infectious disease","1"
"Acute Myeloid Leukemia, Myelodysplasia-Related[SEP][CLS]lymphatic system disease","0"
"Atypical Spindle Cell/Pleomorphic Lipomatous Tumor[SEP][CLS]primary bacterial infectious disease","0"
"Adult Cystic Nephroma[SEP][CLS]arthritis","0"
"Creutzfeldt-Jakob Disease[SEP][CLS]prion disease","1"
"Hereditary Melanoma[SEP][CLS]optic nerve disease","0"
"Obsessive-Compulsive Personality Disorder[SEP][CLS]arteriosclerosis","0"
"Cervical Alveolar Soft Part Sarcoma[SEP][CLS]phlebitis","0"
"Occipital Lobe Neoplasm[SEP][CLS]appendix adenocarcinoma","0"
"Adrenal Rest Tumor[SEP][CLS]personality disorder","0"
"Cerebral Neoplasm[SEP][CLS]supratentorial cancer","1"
"Optic Atrophy[SEP][CLS]connective tissue disease","0"
"Mediastinal Psammomatous Schwannoma[SEP][CLS]ovarian germ cell cancer","0"
"Cribriform Carcinoma[SEP][CLS]malignant pineal area germ cell neoplasm","0"
"Esophageal Mucoepidermoid Carcinoma[SEP][CLS]esophageal carcinoma","1"
"Autonomic Nervous System Neoplasm[SEP][CLS]thymoma","0"
"Invasive Bladder Microcystic Urothelial Carcinoma[SEP][CLS]chromosomal duplication syndrome","0"
"Facioscapulohumeral Muscular Dystrophy[SEP][CLS]pneumoconiosis","0"
"Hereditary Spastic Paraplegia[SEP][CLS]paraplegia","1"
"Aleukemic Leukemia[SEP][CLS]leukemia","1"
"Tracheal Disorder[SEP][CLS]malignant dermis tumor","0"
"Kleptomania[SEP][CLS]neuropathy","0"
"Gonadotropin-Dependent Precocious Puberty[SEP][CLS]upper respiratory tract disease","0"
"Peroxisomal Disorder[SEP][CLS]congenital heart disease","0"
"Elephantiasis[SEP][CLS]primary bacterial infectious disease","0"
"Laryngitis[SEP][CLS]personality disorder","0"
"Syndrome[SEP][CLS]peptic ulcer disease","0"
"Parathyroid Gland Clear Cell Adenoma[SEP][CLS]cervical cancer","0"
"Mental Retardation, Autosomal Dominant 9[SEP][CLS]malignant astrocytoma","0"
"Fibrous Histiocytoma[SEP][CLS]rhabdomyosarcoma","0"
"Subglottic Verrucous Carcinoma[SEP][CLS]prostate adenocarcinoma","0"
"Clear Cell Hepatocellular Carcinoma[SEP][CLS]pituitary adenoma","0"
"Focal Segmental Glomerulosclerosis[SEP][CLS]diffuse large B-cell lymphoma","0"
"Bartholin Gland Small Cell Neuroendocrine Carcinoma[SEP][CLS]dermatitis","0"
"Methemoglobinemia[SEP][CLS]peripheral nervous system disease","0"
"Mixed Epithelial and Mesenchymal Hepatoblastoma[SEP][CLS]breast carcinoma","0"
"Mevalonate Kinase Deficiency[SEP][CLS]breast adenoma","0"
"Bone Surface (Peripheral) Osteosarcoma[SEP][CLS]pericardium cancer","0"
"Adamantinoma[SEP][CLS]bone cancer","1"
"Chronic Metabolic Polyneuropathy[SEP][CLS]kidney benign neoplasm","0"
"Acrofacial Dysostosis[SEP][CLS]syndrome","0"
"Movement Disorder[SEP][CLS]anus adenocarcinoma","0"
"Jervell and Lange Nielsen Syndrome[SEP][CLS]metal metabolism disorder","0"
"Intra-Abdominal Hemangioma[SEP][CLS]low grade glioma","0"
"Twin-Twin Transfusion Syndrome[SEP][CLS]viral infectious disease","0"
"Endobronchial Leiomyoma[SEP][CLS]breast benign neoplasm","0"
"Childhood Ovarian Dysgerminoma[SEP][CLS]stomach disease","0"
"von Willebrand Disease[SEP][CLS]breast benign neoplasm","0"
"Supraglottic Carcinoma[SEP][CLS]familial hyperlipidemia","0"
"Uveal Intermediate Cell Type Melanoma[SEP][CLS]cervical adenocarcinoma","0"
"Breast Periductal Myoepitheliosis[SEP][CLS]breast myoepitheliosis","1"
"Pericarditis[SEP][CLS]pericardium disease","1"
"Acute Cholangitis[SEP][CLS]intestinal obstruction","0"
"Hypothyroidism[SEP][CLS]nutritional deficiency disease","0"
"Kluver-Bucy Syndrome[SEP][CLS]physical disorder","0"
"Liver Rhabdomyosarcoma[SEP][CLS]B-cell acute lymphoblastic leukemia","0"
"Rhabdoid Meningioma[SEP][CLS]bladder disease","0"
"Liver Leiomyoma[SEP][CLS]neurodegenerative disease","0"
"Thyroid Gland Hyalinizing Trabecular Tumor[SEP][CLS]mineral metabolism disease","0"
"CIC-Rearranged Sarcoma[SEP][CLS]pyelonephritis","0"
"Acute Respiratory Distress Syndrome[SEP][CLS]gastric diffuse adenocarcinoma","0"
"Lactotroph Pituitary Neuroendocrine Tumor[SEP][CLS]malignant melanocytic neoplasm of the peripheral nerve sheath","0"
"Breast Apocrine Carcinoma In Situ[SEP][CLS]meningitis","0"
"Mucopolysaccharidosis Type I[SEP][CLS]hypertension","0"
"Intrahepatic Cholestasis[SEP][CLS]perivascular tumor","0"
"Meckel Diverticulum[SEP][CLS]sarcoidosis","0"
"Parathyroid Gland Clear Cell Adenoma[SEP][CLS]parathyroid adenoma","1"
"Generalized Anxiety Disorder[SEP][CLS]diffuse large B-cell lymphoma","0"
"Dextrocardia[SEP][CLS]congenital heart disease","1"
"Trigeminal Schwannoma[SEP][CLS]Epstein-Barr virus infectious disease","0"
"Pseudotumor Cerebri[SEP][CLS]thymus cancer","0"
"Granulomatous Arteritis[SEP][CLS]cognitive disorder","0"
"Hyperuricemia[SEP][CLS]thrombophilia","0"
"Nonossifying Fibromyxoid Tumor[SEP][CLS]B-cell lymphoma","0"
"Gestational Diabetes[SEP][CLS]hair disease","0"
"Adrenal Rest Tumor[SEP][CLS]breast carcinoma","0"
"Type 2 Renal Papillary Adenoma[SEP][CLS]malignant hemangioma","0"
"Primary Cutaneous Gamma-Delta T-Cell Lymphoma[SEP][CLS]ovarian small cell carcinoma","0"
"Malignant Melanotic Peripheral Nerve Sheath Tumor[SEP][CLS]meningioma","0"
"Cardiac Granular Cell Tumor[SEP][CLS]pancreatic carcinoma","0"
"Focal Segmental Glomerulosclerosis[SEP][CLS]parosteal osteosarcoma","0"
"Breast Flat Ductal Epithelial Atypia[SEP][CLS]B-lymphoblastic leukemia/lymphoma","0"
"Atypical Spitz Nevus[SEP][CLS]cervix carcinoma","0"
"Nasopharyngeal Disorder[SEP][CLS]upper respiratory tract disease","1"
"Cervical Verrucous Carcinoma[SEP][CLS]islet cell tumor","0"
"Childhood Extraskeletal Osteosarcoma[SEP][CLS]glomerulonephritis","0"
"MELAS Syndrome[SEP][CLS]leiomyosarcoma","0"
"Sheehan Syndrome[SEP][CLS]breast cancer","0"
"Primary Hypertrophic Osteoarthropathy[SEP][CLS]cell type cancer","0"
"Seminal Vesicle Neoplasm[SEP][CLS]endocrine system disease","0"
"Myoepithelial Tumor[SEP][CLS]bladder clear cell adenocarcinoma","0"
"Atypical Teratoid/Rhabdoid Tumor[SEP][CLS]brain cancer","1"
"Rhinitis[SEP][CLS]primary thrombocytopenia","0"
"Clivus Chondroid Chordoma[SEP][CLS]glomus tumor","0"
"Angioedema[SEP][CLS]bladder adenocarcinoma","0"
"Benign Breast Adenomyoepithelioma[SEP][CLS]acute myeloid leukemia","0"
"Conventional Osteosarcoma[SEP][CLS]bone osteosarcoma","1"
"Breast Microglandular Adenosis[SEP][CLS]conjunctival disease","0"
"Adrenal Gland Neuroblastoma[SEP][CLS]bone benign neoplasm","0"
"Dissociative Amnesia[SEP][CLS]gallbladder carcinoma","0"
"Choledochal Cyst[SEP][CLS]female reproductive system disease","0"
"Brachial Plexus Neoplasm[SEP][CLS]pyelonephritis","0"
"Early Gastric Cancer[SEP][CLS]in situ carcinoma","0"
"Paraplegia[SEP][CLS]central nervous system disease","1"
"Lipoid Proteinosis of Urbach and Wiethe[SEP][CLS]bacterial conjunctivitis","0"
"Chest Wall Parachordoma[SEP][CLS]vascular disease","0"
"Subacute Sclerosing Panencephalitis[SEP][CLS]leukemia","0"
"Ovarian Papillary Tumor[SEP][CLS]vulva cancer","0"
"Cervical Adenomyoma[SEP][CLS]anaplastic astrocytoma","0"
"von Willebrand Disease[SEP][CLS]disease of anatomical entity","0"
"Melanoma in Congenital Melanocytic Nevus[SEP][CLS]EWSR1-negative small round cell tumor","0"
"Sarcoidosis[SEP][CLS]skin disease","0"
"Middle Cranial Fossa Meningioma[SEP][CLS]meningioma","1"
"Granulomatous Dermatitis[SEP][CLS]uterine disease","0"
"Stress Polycythemia[SEP][CLS]Bartholin's gland disease","0"
"Gout[SEP][CLS]tertiary neurosyphilis","0"
"Hypogammaglobulinemia[SEP][CLS]B cell deficiency","1"
"Legionella Pneumonia[SEP][CLS]carcinoma","0"
"Vitreous Detachment[SEP][CLS]ovary epithelial cancer","0"
"Achondroplasia[SEP][CLS]arteriosclerosis","0"
"Sclerosteosis[SEP][CLS]dermatitis","0"
"Neuropathy, Hereditary Sensory and Autonomic, Type I[SEP][CLS]human immunodeficiency virus infectious disease","0"
"Transient Global Amnesia[SEP][CLS]myocardial infarction","0"
"Vulvar Clear Cell Hidradenocarcinoma[SEP][CLS]vulva carcinoma","1"
"Amelanotic Cutaneous Melanoma[SEP][CLS]skin melanoma","1"
"Oncocytic Adenoma[SEP][CLS]bladder disease","0"
"Esophageal Granular Cell Tumor[SEP][CLS]uveitis","0"
"Ovarian Endometrioid Stromal and Related Neoplasms[SEP][CLS]functioning pituitary adenoma","0"
"Hyperlysinemia[SEP][CLS]adult brain stem glioma","0"
"Conventional Leiomyosarcoma[SEP][CLS]supraglottis cancer","0"
"Dacryocystitis[SEP][CLS]acute inflammation of lacrimal passage","1"
"Posterior Fossa Meningioma[SEP][CLS]meningioma","1"
"Porphyria[SEP][CLS]prion disease","0"
"Laryngeal Neuroendocrine Neoplasm[SEP][CLS]renal oncocytoma","0"
"Juvenile Myelomonocytic Leukemia[SEP][CLS]malignant astrocytoma","0"
"Hypogonadotropic Hypogonadism with Anosmia[SEP][CLS]hypogonadotropic hypogonadism","1"
"Small Cell Neuroendocrine Carcinoma[SEP][CLS]salivary gland carcinoma","0"
"Childhood Cerebellar Neoplasm[SEP][CLS]marginal zone lymphoma","0"
"Chronic Inflammatory Demyelinating Polyneuropathy[SEP][CLS]orbit sarcoma","0"
"Ovarian Primitive Germ Cell Tumor[SEP][CLS]brain meningioma","0"
"Progressive Familial Intrahepatic Cholestasis[SEP][CLS]intestinal benign neoplasm","0"
"Ischemic Fasciitis[SEP][CLS]hemangiopericytoma","0"
"Breast Sclerosing Papilloma[SEP][CLS]ocular motility disease","0"
"Angiocentric Glioma[SEP][CLS]subglottis squamous cell carcinoma","0"
"Transient Ischemic Attack[SEP][CLS]adrenal adenoma","0"
"Chronic Lymphocytic Leukemia/Small Lymphocytic Lymphoma with Unmutated Immunoglobulin Heavy Chain Variable-Region Gene[SEP][CLS]diabetic retinopathy","0"
"Papillary Adenocarcinoma[SEP][CLS]leukemia","0"
"Breast Scirrhous Carcinoma[SEP][CLS]breast carcinoma","1"
"Extraosseous Plasmacytoma[SEP][CLS]intestinal disease","0"
"Primary Hyperoxaluria Type III[SEP][CLS]chronic progressive external ophthalmoplegia","0"
"Neuronal Ceroid Lipofuscinosis[SEP][CLS]endometritis","0"
"Adrenal Gland Neuroblastoma[SEP][CLS]brain stem cancer","0"
"Kaolin Pneumoconiosis[SEP][CLS]pneumoconiosis","1"
"Pancreatic Serous Neoplasm[SEP][CLS]malignant exocrine pancreas neoplasm","1"
"Infant-Type Hemispheric Glioma[SEP][CLS]extrahepatic bile duct adenocarcinoma","0"
"Leiomyomatosis[SEP][CLS]central nervous system embryonal tumor","0"
"Transitional Meningioma[SEP][CLS]stomach cancer","0"
"Atrioventricular Block by ECG Finding[SEP][CLS]diabetes mellitus","0"
"Cervical Intraspinal Meningioma[SEP][CLS]spinal canal and spinal cord meningioma","1"
"Ileus[SEP][CLS]larynx cancer","0"
"Primary Ovarian Failure[SEP][CLS]stomach cancer","0"
"Parachordoma[SEP][CLS]ethmoidal sinus benign neoplasm","0"
"Miliaria[SEP][CLS]sweat gland disease","1"
"Hepatoid Adenocarcinoma[SEP][CLS]cardiovascular organ benign neoplasm","0"
"Myelitis[SEP][CLS]paranasal sinus cancer","0"
"Breast Myoepithelial Tumor[SEP][CLS]pancreatic adenocarcinoma","0"
"Gonadotropin-Dependent Precocious Puberty[SEP][CLS]carbohydrate metabolic disorder","0"
"T-Cell Non-Hodgkin Lymphoma[SEP][CLS]viral infectious disease","0"
"Primary Peritoneal Serous Adenocarcinoma[SEP][CLS]familial hyperlipidemia","0"
"Epiretinal Membrane[SEP][CLS]congenital mesoblastic nephroma","0"
"Intranodal Palisaded Myofibroblastoma[SEP][CLS]cystitis","0"
"Grand Mal Epilepsy[SEP][CLS]central nervous system germinoma","0"
"Pancreatic Mucinous Cystadenocarcinoma[SEP][CLS]leiomyosarcoma","0"
"Ceruminous Adenoma[SEP][CLS]adenoma","0"
"Classic Variant of Chromophobe Renal Cell Carcinoma[SEP][CLS]chromosomal deletion syndrome","0"
"Thoracic Outlet Syndrome[SEP][CLS]relapsing fever","0"
"Conventional Malignant Hemangiopericytoma[SEP][CLS]hemangiopericytoma","1"
"Periodontal Disorder[SEP][CLS]mouth disease","1"
"Esophageal Melanoma[SEP][CLS]central nervous system disease","0"
"Microcystic/Reticular Schwannoma[SEP][CLS]B-lymphoblastic leukemia/lymphoma","0"
"Multiple Self Healing Epithelioma of Ferguson-Smith[SEP][CLS]substance dependence","0"
"Sphenoorbital Meningioma[SEP][CLS]lymphadenitis","0"
"Thrombocytopenia Due to Immune Destruction[SEP][CLS]cerebrum cancer","0"
"Polycythemia due to Hypoxia[SEP][CLS]neuroendocrine tumor","0"
"Breast Mucoepidermoid Carcinoma[SEP][CLS]motor neuron disease","0"
"Capillary Leak Syndrome[SEP][CLS]inherited metabolic disorder","0"
"Childhood Visual Pathway Astrocytoma[SEP][CLS]optic nerve astrocytoma","1"
"Gallbladder Mucinous Adenocarcinoma[SEP][CLS]esophageal cancer","0"
"Childhood Ovarian Choriocarcinoma[SEP][CLS]anxiety disorder","0"
"Type 2 Diabetes Mellitus[SEP][CLS]peripheral nervous system neoplasm","0"
"Renal Pelvis Urothelial Papilloma[SEP][CLS]glaucoma","0"
"Vesicoureteral Reflux[SEP][CLS]pulmonary valve stenosis","0"
"Hidradenoma Papilliferum[SEP][CLS]pineal gland cancer","0"
"Disseminated Intravascular Coagulation[SEP][CLS]gastrointestinal system benign neoplasm","0"
"Gastroesophageal Junction Adenocarcinoma[SEP][CLS]lymphadenitis","0"
"Laryngeal Stenosis[SEP][CLS]laryngeal disease","1"
"Breast Lobular Neoplasia[SEP][CLS]intrahepatic cholangiocarcinoma","0"
"Hairy Cell Leukemia Variant[SEP][CLS]parasitic helminthiasis infectious disease","0"
"Pancreatic Colloid Carcinoma[SEP][CLS]pancreatic carcinoma","1"
"Lateral Wall of the Bladder[SEP][CLS]urinary bladder cancer","1"
"Lower Clivus Meningioma[SEP][CLS]kidney sarcoma","0"
"Vulvar Squamous Neoplasm[SEP][CLS]hemangiopericytoma","0"
"Hypodiploid B Lymphoblastic Leukemia/Lymphoma[SEP][CLS]perivascular tumor","0"
"Pancreatic Mucinous Cystadenoma[SEP][CLS]malignant peripheral nerve sheath tumor","0"
"Non-Communicating Hydrocephalus[SEP][CLS]hydrocephalus","1"
"Localized Chondrosarcoma[SEP][CLS]ulcerative stomatitis","0"
"Synovial Sarcoma[SEP][CLS]synovium cancer","1"
"Brain Sarcoma[SEP][CLS]disorder of sexual development","0"
"Laryngeal Leiomyosarcoma[SEP][CLS]gastrointestinal system disease","0"
"Neuronitis[SEP][CLS]retinal disease","0"
"Burning Mouth Syndrome[SEP][CLS]mouth disease","1"
"Arteriolosclerosis[SEP][CLS]benign ependymoma","0"
"Ethmoid Sinus Neoplasm[SEP][CLS]diffuse large B-cell lymphoma","0"
"Ovarian Endometrioid Adenocarcinoma[SEP][CLS]ovary adenocarcinoma","1"
"Gastritis[SEP][CLS]renal pelvis transitional cell carcinoma","0"
"Noninvasive Malignant Thymoma[SEP][CLS]hemoglobinopathy","0"
"Vulvovaginitis[SEP][CLS]esophageal cancer","0"
"Bullous Keratopathy[SEP][CLS]disease","0"
"Inflammatory Atypical Lipomatous Tumor/Well Differentiated Liposarcoma[SEP][CLS]aortic valve disease","0"
"Sarcomatoid Intrahepatic Cholangiocarcinoma[SEP][CLS]chromosomal deletion syndrome","0"
"Carnitine Palmitoyltransferase II Deficiency[SEP][CLS]esophageal disease","0"
"Epidural Spinal Canal Meningioma[SEP][CLS]bladder carcinoma","0"
"Capillary Leak Syndrome[SEP][CLS]cervical mucinous adenocarcinoma","0"
"Otorrhea[SEP][CLS]larynx cancer","0"
"Prostate Stromal Sarcoma[SEP][CLS]hematologic cancer","0"
"Anal Canal Cloacogenic Carcinoma[SEP][CLS]hematologic cancer","0"
"Caroli Disease[SEP][CLS]skin squamous cell carcinoma","0"
"Solid/Trabecular Variant Thyroid Gland Papillary Carcinoma[SEP][CLS]secondary hypertension","0"
"Intrahepatic Cholangiocarcinoma[SEP][CLS]embryonal cancer","0"
"Acute Pyelonephritis[SEP][CLS]pyelonephritis","1"
"Meningeal Melanocytoma[SEP][CLS]embryonal testis carcinoma","0"
"Pulmonary Valvular Insufficiency[SEP][CLS]specific developmental disorder","0"
"Obese[SEP][CLS]malaria","0"
"Tay-Sachs Disease[SEP][CLS]sex cord-stromal benign neoplasm","0"
"Thanatophoric Dysplasia[SEP][CLS]vaginal discharge","0"
"Glioblastoma, IDH-Wildtype[SEP][CLS]gallbladder carcinoma","0"
"Bladder Enteric Type Adenocarcinoma[SEP][CLS]liver carcinoma","0"
"Newcastle Disease[SEP][CLS]orbit rhabdomyosarcoma","0"
"Dental Agenesis[SEP][CLS]vulva cancer","0"
"Malignant Synovial Neoplasm[SEP][CLS]pericardium disease","0"
"Short Bowel Syndrome[SEP][CLS]Goodpasture syndrome","0"
"Whipple Disease[SEP][CLS]esophageal disease","0"
"Beta Thalassemia[SEP][CLS]viral infectious disease","0"
"Urethral Diverticulum[SEP][CLS]neonatal period electroclinical syndrome","0"
"Childhood Mediastinal Neurogenic Neoplasm[SEP][CLS]artery disease","0"
"Granular Cell Tumor[SEP][CLS]keratosis","0"
"Flying Phobia[SEP][CLS]metal metabolism disorder","0"
"Undifferentiated Pleomorphic Sarcoma[SEP][CLS]sarcoma","1"
"Schizoaffective Disorder[SEP][CLS]breast carcinoma in situ","0"
"Eosinophilic Granulomatosis with Polyangiitis[SEP][CLS]uterine corpus cellular leiomyoma","0"
"Gonadoblastoma[SEP][CLS]bone osteosarcoma","0"
"Pilomyxoid Astrocytoma[SEP][CLS]cranial nerve malignant neoplasm","0"
"Marburg Virus Disease[SEP][CLS]bone osteosarcoma","0"
"Dihydropyrimidine Dehydrogenase Deficiency[SEP][CLS]vascular cancer","0"
"Penile Papillary Carcinoma[SEP][CLS]hypothyroidism","0"
"Testicular Non-Seminomatous Germ Cell Tumor[SEP][CLS]angiokeratoma","0"
"Orbit Rhabdomyosarcoma[SEP][CLS]familial hyperlipidemia","0"
"Inferolateral Myocardial Infarction by ECG Finding[SEP][CLS]gastric outlet obstruction","0"
"Craniopharyngioma[SEP][CLS]pneumoconiosis","0"
"Histrionic Personality Disorder[SEP][CLS]skin carcinoma","0"
"Abdominal Aortic Aneurysm[SEP][CLS]liposarcoma","0"
"Nut Allergy[SEP][CLS]food allergy","1"
"Steroid Lipomatosis[SEP][CLS]ethmoidal sinus benign neoplasm","0"
"Social Anxiety Disorder[SEP][CLS]osteochondrodysplasia","0"
"Marshall Syndrome[SEP][CLS]extraskeletal myxoid chondrosarcoma","0"
"Pericarditis[SEP][CLS]scleroderma","0"
"Uterine Ligament Neoplasm[SEP][CLS]megacolon","0"
"Lung Sarcomatoid Carcinoma[SEP][CLS]lung carcinoma","1"
"Osteogenesis Imperfecta[SEP][CLS]osteochondrodysplasia","1"
"Extraocular Retinoblastoma[SEP][CLS]ovarian benign neoplasm","0"
"Primary Carnitine Deficiency[SEP][CLS]amino acid metabolic disorder","1"
"Acute Myeloid Leukemia with t(8;21)(q22; q22.1); RUNX1-RUNX1T1[SEP][CLS]female reproductive system disease","0"
"Extraocular Retinoblastoma[SEP][CLS]basal cell carcinoma","0"
"Nasal Cavity Disorder[SEP][CLS]cystadenofibroma","0"
"Malignant Gingival Neoplasm[SEP][CLS]gonadal dysgenesis","0"
"Incompetent Cervix[SEP][CLS]endocrine system disease","0"
"B Acute Lymphoblastic Leukemia with t(1;19)(q23;p13.3); TCF3-PBX1[SEP][CLS]spinal canal and spinal cord meningioma","0"
"Spinal Muscular Atrophy of Childhood[SEP][CLS]diffuse large B-cell lymphoma","0"
"Schizophreniform Disorder[SEP][CLS]tooth disease","0"
"Idiopathic CD4-Positive T-Lymphocytopenia[SEP][CLS]balanitis","0"
"Retinopathy of Prematurity[SEP][CLS]B cell deficiency","0"
"Cannabis Dependence[SEP][CLS]sweat gland disease","0"
"Orbital Granuloma[SEP][CLS]rheumatic disease","0"
"Periosteal Osteosarcoma[SEP][CLS]fasciitis","0"
"Pinguecula[SEP][CLS]conjunctival degeneration","1"
"Superficial Multifocal Basal Cell Carcinoma[SEP][CLS]melancholic depression","0"
"Melanoma in Congenital Melanocytic Nevus[SEP][CLS]uterine fibroid","0"
"Peripheral Sensory Neuropathy[SEP][CLS]autoimmune disease of endocrine system","0"
"Breast Squamous Cell Carcinoma, Acantholytic Variant[SEP][CLS]gastritis","0"
"Asthma[SEP][CLS]thyroid gland papillary carcinoma","0"
"Myasthenia Gravis[SEP][CLS]retroperitoneal cancer","0"
"Syndrome of Inappropriate Antidiuretic Hormone Secretion[SEP][CLS]hematopoietic system disease","0"
"Skin Squamous Papilloma[SEP][CLS]gastroenteritis","0"
"Aortic Valve Stenosis[SEP][CLS]carcinoma","0"
"Malignant Childhood Hemangiopericytoma[SEP][CLS]cerebral meningioma","0"
"Breast Squamous Cell Carcinoma, Acantholytic Variant[SEP][CLS]craniosynostosis","0"
"Muscle Atrophy[SEP][CLS]laryngitis","0"
"Posteroinferior Myocardial Infarction by ECG Finding[SEP][CLS]mature teratoma of the ovary","0"
"Childhood Supratentorial Ependymoma, Not Otherwise Specified[SEP][CLS]Coronavirus infectious disease","0"
"Keratinizing Squamous Cell Carcinoma[SEP][CLS]intestinal disease","0"
"Esophageal Leukoplakia[SEP][CLS]primary bacterial infectious disease","0"
"Blastoma[SEP][CLS]pancreas disease","0"
"Constrictive Pericarditis[SEP][CLS]balanitis","0"
"Kawasaki Disease[SEP][CLS]lacrimal gland adenocarcinoma","0"
"Myxoid Leiomyosarcoma[SEP][CLS]central nervous system mature teratoma","0"
"Polycythemia Vera[SEP][CLS]von Willebrand's disease","0"
"Malignant Testicular Non-Seminomatous Germ Cell Tumor[SEP][CLS]testicular malignant germ cell cancer","1"
"Tracheal Disorder[SEP][CLS]osteosarcoma","0"
"Tetanic Cataract[SEP][CLS]cataract","1"
"Buerger Disease[SEP][CLS]peripheral vascular disease","1"
"Aflatoxins-Related Hepatocellular Carcinoma[SEP][CLS]acute myeloid leukemia","0"
"Dihydropyrimidine Dehydrogenase Deficiency[SEP][CLS]lysosomal storage disease","0"
"Acrodermatitis[SEP][CLS]chronic ulcer of skin","0"
"Accessory Nerve Disorder[SEP][CLS]testis seminoma","0"
"Choroid Plexus Neoplasm[SEP][CLS]breast duct papilloma","0"
"Thymic Low Grade Papillary Adenocarcinoma[SEP][CLS]leukocyte disease","0"
"Rubella Infection[SEP][CLS]endocrine system disease","0"
"Carotid Artery Dissection[SEP][CLS]bladder disease","0"
"Rhabdoid Meningioma[SEP][CLS]leiomyosarcoma","0"
"Chronic Neutrophilic Leukemia[SEP][CLS]uterine cancer","0"
"Childhood Choroid Plexus Neoplasm[SEP][CLS]prostate sarcoma","0"
"Meningeal Melanoma[SEP][CLS]sweat gland cancer","0"
"Rectosigmoid Carcinoma[SEP][CLS]chronic leukemia","0"
"Combined Lung Small Cell Carcinoma[SEP][CLS]neonatal period electroclinical syndrome","0"
"Intramuscular Lipoma[SEP][CLS]pituitary infarct","0"
"Hereditary Kidney Oncocytoma[SEP][CLS]retinal degeneration","0"
"Lumbar Intraspinal Meningioma[SEP][CLS]lacrimal apparatus disease","0"
"Urethral Urothelial Papilloma[SEP][CLS]corneal disease","0"
"Childhood Ovarian Mature Teratoma[SEP][CLS]fasciitis","0"
"Transient Arthropathy[SEP][CLS]ovarian endodermal sinus tumor","0"
"Adult Fibrosarcoma[SEP][CLS]gastritis","0"
"Food Allergy[SEP][CLS]EWSR1-negative small round cell tumor","0"
"Chondroid Chordoma[SEP][CLS]anemia","0"
"Breast Mucoepidermoid Carcinoma[SEP][CLS]pneumoconiosis","0"
"Extrahepatic Bile Duct Clear Cell Adenocarcinoma[SEP][CLS]heart cancer","0"
"Ovarian Yolk Sac Tumor, Glandular Pattern[SEP][CLS]ovarian small cell carcinoma","0"
"Exostosis[SEP][CLS]hyperostosis","1"
"Granular Cell Carcinoma[SEP][CLS]pulmonary hypertension","0"
"Bladder Papillary Clear Cell Adenocarcinoma[SEP][CLS]Hodgkin's lymphoma","0"
"Dihydropyrimidine Dehydrogenase Deficiency[SEP][CLS]upper respiratory tract disease","0"
"Musculoskeletal Disorder[SEP][CLS]plasma cell neoplasm","0"
"Pseudomembranous Conjunctivitis[SEP][CLS]lip disease","0"
"Fucosidosis[SEP][CLS]pituitary gland disease","0"
"Cystadenocarcinoma[SEP][CLS]optic nerve disease","0"
"Amnesia[SEP][CLS]gastritis","0"
"Central Retinal Vein Occlusion[SEP][CLS]disease of mental health","0"
"Breast Leiomyosarcoma[SEP][CLS]small intestine cancer","0"
"Plexiform Schwannoma[SEP][CLS]neurilemmoma","1"
"Uterine Corpus Endometrial Stromal Sarcoma[SEP][CLS]dermatitis","0"
"Pancreatic Colloid Carcinoma[SEP][CLS]skin disease","0"
"Trichothiodystrophy[SEP][CLS]mesenchymoma","0"
"Malignant Uterine Corpus Neoplasm[SEP][CLS]skin disease","0"
"Olfactory Neuroblastoma[SEP][CLS]pancreatitis","0"
"Breast Cyst[SEP][CLS]central nervous system lipoma","0"
"Extrahepatic Bile Duct Small Cell Neuroendocrine Carcinoma[SEP][CLS]extrahepatic bile duct adenocarcinoma","1"
"Adult Spinal Cord Ependymoma[SEP][CLS]glomerulonephritis","0"
"Adult Infiltrating Astrocytic Tumor[SEP][CLS]viral infectious disease","0"
"Prostate Embryonal Rhabdomyosarcoma[SEP][CLS]perivascular tumor","0"
"Tenosynovial Giant Cell Tumor[SEP][CLS]syndrome","0"
"Periodontal Disorder[SEP][CLS]polyneuropathy","0"
"Thoracic Aortic Aneurysm[SEP][CLS]retinal macular dystrophy","0"
"Arthropathy in Behcet's Syndrome[SEP][CLS]well-differentiated liposarcoma","0"
"Scirrhous Hepatocellular Carcinoma[SEP][CLS]motor neuron disease","0"
"Leukemia[SEP][CLS]bile duct disease","0"
"Angiomatous Meningioma[SEP][CLS]paranasal sinus benign neoplasm","0"
"Epidermolysis Bullosa Dystrophica[SEP][CLS]pemphigoid","0"
"Single Episode of Major Depressive Disorder[SEP][CLS]depressive disorder","1"
"Croup[SEP][CLS]breast benign neoplasm","0"
"Middle Ear Disorder[SEP][CLS]supratentorial cancer","0"
"Localized Chondrosarcoma[SEP][CLS]hydrocephalus","0"
"Castration-Resistant Prostate Carcinoma[SEP][CLS]vestibular gland benign neoplasm","0"
"Extraskeletal Ewing Sarcoma[SEP][CLS]hepatitis","0"
"Hyperparathyroidism[SEP][CLS]disease of cellular proliferation","0"
"Conventional Lipoma[SEP][CLS]disorder of sexual development","0"
"Dermatophytosis of Scalp and Beard[SEP][CLS]kidney disease","0"
"Rosacea[SEP][CLS]vulva cancer","0"
"Papillary Adenoma[SEP][CLS]skin disease","0"
"Brain Glioblastoma[SEP][CLS]breast intraductal proliferative lesion","0"
"Cardiac Malignant Peripheral Nerve Sheath Tumor[SEP][CLS]malignant astrocytoma","0"
"Luminal A Breast Carcinoma[SEP][CLS]vulva adenocarcinoma","0"
"Intracranial Hemangioma[SEP][CLS]mood disorder","0"
"Adult Vaginal Botryoid-Type Embryonal Rhabdomyosarcoma[SEP][CLS]lice infestation","0"
"Dysembryoplastic Neuroepithelial Tumor[SEP][CLS]acute myeloid leukemia","0"
"Kidney Oncocytoma[SEP][CLS]pancreatitis","0"
"Porphyria[SEP][CLS]steroid inherited metabolic disorder","0"
"Sebaceous Gland Neoplasm[SEP][CLS]mitral valve disease","0"
"Vulvar Basaloid Carcinoma[SEP][CLS]lung disease","0"
"Renal Cell Carcinoma[SEP][CLS]vitreous disease","0"
"Liver Solitary Fibrous Tumor[SEP][CLS]liver benign neoplasm","1"
"Adult Infiltrating Astrocytic Tumor[SEP][CLS]physical disorder","0"
"Astroblastoma, MN1-Altered[SEP][CLS]papillary conjunctivitis","0"
"Anal Leiomyosarcoma[SEP][CLS]meningitis","0"
"Small Cell Intermediate Cell Carcinoma[SEP][CLS]colonic disease","0"
"Maxillary Sinusitis[SEP][CLS]bladder carcinoma","0"
"Glossopharyngeal Nerve Neoplasm[SEP][CLS]squamous cell carcinoma","0"
"Disseminated Intravascular Coagulation[SEP][CLS]neuroma","0"
"Adenocarcinofibroma[SEP][CLS]primary thrombocytopenia","0"
"Niemann-Pick Disease[SEP][CLS]sweat gland cancer","0"
"Vitamin C Deficiency[SEP][CLS]nutritional deficiency disease","1"
"Bartholin Gland Transitional Cell Carcinoma[SEP][CLS]cauda equina neoplasm","0"
"Otitis Media[SEP][CLS]mitochondrial metabolism disease","0"
"Ovarian Small Cell Carcinoma, Pulmonary-Type[SEP][CLS]viral infectious disease","0"
"Laryngeal Verrucous Carcinoma[SEP][CLS]syndrome","0"
"Genetic Disorder[SEP][CLS]carcinoma","0"
"Childhood Brain Stem Astrocytoma[SEP][CLS]carcinoma","0"
"Sudden Infant Death Syndrome[SEP][CLS]urinary system disease","0"
"Breast Malignant Myoepithelioma[SEP][CLS]viral infectious disease","0"
"Eosinophilic Variant of Chromophobe Renal Cell Carcinoma[SEP][CLS]chromophobe renal cell carcinoma","1"
"Cemento-Ossifying Fibroma[SEP][CLS]opportunistic bacterial infectious disease","0"
"Nervous System Disorder[SEP][CLS]acquired polycythemia","0"
"Ovarian Serous Adenofibroma[SEP][CLS]ovarian disease","0"
"Breast Fibrocystic Change[SEP][CLS]central nervous system immature teratoma","0"
"Olfactory Nerve Disorder[SEP][CLS]uterine ligament adenocarcinoma","0"
"Nocardiosis[SEP][CLS]peroxisomal disease","0"
"Breast Squamous Cell Carcinoma, Large Cell Keratinizing Variant[SEP][CLS]retinoblastoma","0"
"Childhood Kidney Neoplasm[SEP][CLS]kidney cancer","1"
"Ceruminous Adenocarcinoma[SEP][CLS]hemangioma","0"
"Falciparum Malaria[SEP][CLS]connective tissue disease","0"
"Erythematosquamous Dermatosis[SEP][CLS]well-differentiated liposarcoma","0"
"Achondroplasia[SEP][CLS]rectal disease","0"
"Clear Cell Chondrosarcoma[SEP][CLS]uterine benign neoplasm","0"
"Ureterolithiasis[SEP][CLS]collagen disease","0"
"Invasive Bladder Sarcomatoid Urothelial Carcinoma[SEP][CLS]panuveitis","0"
"Interstitial Nephritis[SEP][CLS]nephritis","1"
"Adult Testicular Granulosa Cell Tumor[SEP][CLS]physical disorder","0"
"Extratemporal Epilepsy[SEP][CLS]epilepsy","1"
"Non-Specific Granulomatous Orchitis[SEP][CLS]breast adenoma","0"
"Cancerphobia[SEP][CLS]epithelial and subepithelial dystrophy","0"
"Botulism[SEP][CLS]skin disease","0"
"Bone Paget Disease[SEP][CLS]hyperostosis","1"
"Pseudohypoparathyroidism[SEP][CLS]metal metabolism disorder","1"
"Q Fever[SEP][CLS]radiculopathy","0"
"Adult Spinal Cord Glioblastoma[SEP][CLS]eye disease","0"
"Myxedema[SEP][CLS]ovarian disease","0"
"Ileitis[SEP][CLS]mitral valve disease","0"
"Hidradenoma Papilliferum[SEP][CLS]hidradenoma","1"
"Childhood Germ Cell Tumor[SEP][CLS]corneal endothelial dystrophy","0"
"Amblyopia[SEP][CLS]heart lipoma","0"
"Conjunctivitis[SEP][CLS]malaria","0"
"Leuteoma of Pregnancy[SEP][CLS]clivus meningioma","0"
"Pyruvate Dehydrogenase Deficiency[SEP][CLS]neurilemmoma","0"
"Alcohol Abuse[SEP][CLS]carotid artery disease","0"
"Junctional Epidermolysis Bullosa[SEP][CLS]epidermolysis bullosa","1"
"Extraskeletal Ewing Sarcoma/Peripheral Primitive Neuroectodermal Tumor[SEP][CLS]bile duct adenoma","0"
"Lymphoplasmacyte-Rich Meningioma[SEP][CLS]retinal degeneration","0"
"Chronic Neutrophilic Leukemia[SEP][CLS]mouth disease","0"
"Anaplastic Oligodendroglioma[SEP][CLS]depressive disorder","0"
"Breast Neuroendocrine Neoplasm[SEP][CLS]peripheral T-cell lymphoma","0"
"Synovitis, Acne, Pustulosis, Hyperostosis, and Osteitis Syndrome[SEP][CLS]rectum adenocarcinoma","0"
"Diphyllobothriasis[SEP][CLS]splenic manifestation of leukemia","0"
"Microcystic Meningioma[SEP][CLS]lung squamous cell carcinoma","0"
"Cystadenocarcinoma[SEP][CLS]yaws","0"
"Transient Arthropathy[SEP][CLS]arthropathy","1"
"Syringoma[SEP][CLS]breast adenocarcinoma","0"
"Sebaceous Carcinoma[SEP][CLS]thyroid gland papillary carcinoma","0"
"Herpetic Gastritis[SEP][CLS]parasitic helminthiasis infectious disease","0"
"Pancreatoblastoma[SEP][CLS]benign vascular tumor","0"
"Achard Syndrome[SEP][CLS]pancreatic carcinoma","0"
"Intracranial Hemangioma[SEP][CLS]pulmonary fibrosis","0"
"Atypical Polypoid Adenomyoma[SEP][CLS]breast squamous cell carcinoma","0"
"Achondroplasia[SEP][CLS]autism spectrum disorder","0"
"Fibroblastic Liposarcoma[SEP][CLS]thyroid gland papillary carcinoma","0"
"Breast Peripheral Papilloma[SEP][CLS]Waardenburg syndrome","0"
"Malignant Mediastinal Hemangiopericytoma[SEP][CLS]gastrointestinal system disease","0"
"Toxic Nodular Goiter[SEP][CLS]brain stem infarction","0"
"Malignant Ethmoid Sinus Neoplasm[SEP][CLS]sarcoma","0"
"Solitary Mastocytoma of the Skin[SEP][CLS]food allergy","0"
"Mixed Astrocytoma-Ependymoma-Oligodendroglioma[SEP][CLS]phagocyte bactericidal dysfunction","0"
"Localized Pulmonary Fibrosis[SEP][CLS]connective tissue disease","0"
"Hepatitis A Infection[SEP][CLS]anemia","0"
"Liddle Syndrome[SEP][CLS]oral cavity cancer","0"
"EWSR1-Negative Small Round Cell Tumor[SEP][CLS]cervix disease","0"
"Osteosarcoma[SEP][CLS]breast benign neoplasm","0"
"Pulmonary Fibrosis[SEP][CLS]neuropathy","0"
"Blastic Plasmacytoid Dendritic Cell Neoplasm[SEP][CLS]adenoma","0"
"Post-Traumatic Stress Disorder[SEP][CLS]central nervous system disease","0"
"Dysostosis[SEP][CLS]skin disease","0"
"Osteoporosis[SEP][CLS]paranasal sinus cancer","0"
"Mixed Astrocytoma-Ependymoma-Oligodendroglioma[SEP][CLS]myocardial infarction","0"
"Vulvar Trichoepithelioma[SEP][CLS]vulva adenocarcinoma","0"
"Tertiary Syphilis[SEP][CLS]parasitic protozoa infectious disease","0"
"Keratoconus[SEP][CLS]lens disease","0"
"Osteopetrosis[SEP][CLS]thyroid gland follicular carcinoma","0"
"Pancreatic Colloid Carcinoma[SEP][CLS]chromophobe renal cell carcinoma","0"
"Intermittent Explosive Disorder[SEP][CLS]mastocytosis","0"
"Oral Cavity Submucous Fibrosis[SEP][CLS]mouth disease","1"
"Extraventricular Neurocytoma[SEP][CLS]invasive bladder transitional cell carcinoma","0"
"Microsporidiosis[SEP][CLS]xanthomatosis","0"
"Giant Hypertrophic Gastritis[SEP][CLS]follicular adenoma","0"
"Acute Promyelocytic Leukemia with t(15;17)(q24.1;q21.2); PML-RARA[SEP][CLS]thyroid gland disease","0"
"Benign Secondary Hypertension[SEP][CLS]sex cord-gonadal stromal tumor","0"
"Retinoblastoma[SEP][CLS]islet cell tumor","0"
"Epidural Spinal Canal Meningioma[SEP][CLS]uterine benign neoplasm","0"
"Drug Abuse[SEP][CLS]intestinal disease","0"
"Hypertensive Encephalopathy[SEP][CLS]lung large cell carcinoma","0"
"Extraocular Retinoblastoma[SEP][CLS]scabies","0"
"Subendocardial Myocardial Infarction by ECG Finding[SEP][CLS]cerebrum cancer","0"
"Craniofacial Dysostosis[SEP][CLS]medulloblastoma","0"
"Acute Myeloid Leukemia with inv(3)(q21.3;q26.2) or t(3;3)(q21.3;q26.2); GATA2, MECOM[SEP][CLS]colitis","0"
"Megaesophagus[SEP][CLS]rhabdoid meningioma","0"
"Brain Stem Astrocytoma[SEP][CLS]germ cell cancer","0"
"Pancreatic Colloid Carcinoma[SEP][CLS]reproductive system disease","0"
"Childhood Dermatomyositis[SEP][CLS]female reproductive system disease","0"
"Ovarian Serous Surface Papillary Adenocarcinoma[SEP][CLS]primary bacterial infectious disease","0"
"Ornithine Carbamoyltransferase Deficiency Disease[SEP][CLS]notochordal cancer","0"
"Extrahepatic Bile Duct Small Cell Neuroendocrine Carcinoma[SEP][CLS]nail disease","0"
"Alcoholic Gastritis[SEP][CLS]eye disease","0"
"Limb-Girdle Muscular Dystrophy[SEP][CLS]lymphadenitis","0"
"Status Epilepticus[SEP][CLS]high grade glioma","0"
"MMIH Syndrome[SEP][CLS]syndrome","1"
"Thyroid Gland Oncocytic Carcinoma[SEP][CLS]ureteral disease","0"
"Cranial Nerve III Palsy[SEP][CLS]papilloma","0"
"Adult Fibrosarcoma[SEP][CLS]vitreous disease","0"
"Childhood Brain Germinoma[SEP][CLS]brain germinoma","1"
"Cervical Poorly Differentiated Adenosquamous Carcinoma[SEP][CLS]cervical adenosquamous carcinoma","1"
"External Ear Disorder[SEP][CLS]motor neuron disease","0"
"Fibrous Meningioma[SEP][CLS]artery disease","0"
"Central Nervous System Melanocytic Neoplasm[SEP][CLS]soft palate cancer","0"
"Acute Hemorrhagic Leukoencephalitis[SEP][CLS]acute porphyria","0"
"Subependymoma[SEP][CLS]sphingolipidosis","0"
"Malignant Myoepithelioma[SEP][CLS]brain ependymoma","0"
"Gallbladder Mucinous Adenocarcinoma[SEP][CLS]gallbladder carcinoma","1"
"Pityriasis Rosea[SEP][CLS]hemangioma","0"
"Trichinosis[SEP][CLS]organic acidemia","0"
"Pityriasis Rosea[SEP][CLS]mucopolysaccharidosis","0"
"Peripheral Primitive Neuroectodermal Tumor of Soft Tissues[SEP][CLS]lung small cell carcinoma","0"
"Blastoma[SEP][CLS]focal epilepsy","0"
"Mucin-Rich Endometrial Endometrioid Adenocarcinoma[SEP][CLS]skin benign neoplasm","0"
"Composite Ganglioneuroblastoma, Stroma-Dominant and Stroma-Poor[SEP][CLS]kidney disease","0"
"Fredrickson Type V Lipidemia[SEP][CLS]uterine corpus cellular leiomyoma","0"
"High Grade Astrocytoma with Piloid Features[SEP][CLS]gastrointestinal neuroendocrine benign tumor","0"
"Favism[SEP][CLS]spinal cord ependymoma","0"
"Cholesteatoma[SEP][CLS]keratosis","1"
"Ehlers-Danlos Syndrome[SEP][CLS]retinoblastoma","0"
"Gangliocytoma[SEP][CLS]ovarian endodermal sinus tumor","0"
"Anterior Urethral Malignant Neoplasm[SEP][CLS]female urethral cancer","1"
"Bladder Tubulo-Cystic Clear Cell Adenocarcinoma[SEP][CLS]central nervous system benign neoplasm","0"
"Small Intestinal VIP-Producing Neuroendocrine Tumor[SEP][CLS]mitochondrial metabolism disease","0"
"Panhypopituitarism[SEP][CLS]pharynx cancer","0"
"Brain Sarcoma[SEP][CLS]non-Langerhans-cell histiocytosis","0"
"Childhood Brain Stem Glioma[SEP][CLS]extrinsic cardiomyopathy","0"
"Granulomatous Gastritis[SEP][CLS]myopathy","0"
"Keratoacanthoma[SEP][CLS]thymic carcinoma","0"
"Histiocytoma[SEP][CLS]spastic cerebral palsy","0"
"Esophageal Achalasia[SEP][CLS]adrenal gland cancer","0"
"Testicular Yolk Sac Tumor, Enteric Pattern[SEP][CLS]splenic disease","0"
"Testicular Yolk Sac Tumor, Glandular-Alveolar Pattern[SEP][CLS]vaginal cancer","0"
"Ovarian Clear Cell Adenocarcinoma[SEP][CLS]thymoma type B","0"
"Osteochondrosis[SEP][CLS]schizophrenia","0"
"Renal Pelvis Papillary Urothelial Neoplasm[SEP][CLS]renal pelvis benign neoplasm","1"
"Pituitary Gland Hypoplasia[SEP][CLS]prostate disease","0"
"Breast Angiosarcoma[SEP][CLS]diabetes mellitus","0"
"Barrett Adenocarcinoma[SEP][CLS]primary bacterial infectious disease","0"
"Heroin Dependence[SEP][CLS]congenital heart disease","0"
"Childhood Botryoid-Type Embryonal Rhabdomyosarcoma[SEP][CLS]botryoid rhabdomyosarcoma","1"
"Prostatic Urethral Malignant Neoplasm[SEP][CLS]nephroblastoma","0"
"Glomangiomyoma[SEP][CLS]GM2 gangliosidosis","0"
"Malignant Dermal Neoplasm[SEP][CLS]skin cancer","1"
"Leishmaniasis[SEP][CLS]immature teratoma of ovary","0"
"Pleuropulmonary Blastoma[SEP][CLS]paranasal sinus benign neoplasm","0"
"Pituitary Gland Infarction[SEP][CLS]pilocytic astrocytoma","0"
"Hypertension[SEP][CLS]trypanosomiasis","0"
"Ovarian Clear Cell Adenocarcinoma[SEP][CLS]ovary adenocarcinoma","1"
"Cerebellar Pilocytic Astrocytoma[SEP][CLS]blood platelet disease","0"
"Large Cell Carcinoma[SEP][CLS]adrenal gland disease","0"
"Occupational Dermatitis[SEP][CLS]muscle tissue disease","0"
"Endometrial Serous Adenocarcinoma[SEP][CLS]uterine corpus cancer","1"
"Pancreatitis[SEP][CLS]meningioma","0"
"Prolymphocytic Leukemia[SEP][CLS]rectum sarcoma","0"
"Gestational Choriocarcinoma[SEP][CLS]medulloblastoma non-WNT/non-SHH","0"
"Pancreatic Ductal Adenocarcinoma[SEP][CLS]multiple system atrophy","0"
"Chronic Toxic Polyneuropathy[SEP][CLS]lung disease","0"
"Intradural Extramedullary Spinal Canal Neoplasm[SEP][CLS]spinal cancer","1"
"Maxillary Sinusitis[SEP][CLS]central nervous system disease","0"
"Malignant Sphenoid Sinus Neoplasm[SEP][CLS]spastic cerebral palsy","0"
"Embryonal Rhabdomyosarcoma[SEP][CLS]lung carcinoma","0"
"Ovarian Clear Cell Adenocarcinofibroma[SEP][CLS]ovarian cancer","1"
"Intestinal Neuroendocrine Neoplasm[SEP][CLS]anal canal adenocarcinoma","0"
"Esophageal Achalasia[SEP][CLS]chronic lymphocytic leukemia","0"
"Papillary Carcinoma[SEP][CLS]skin squamous cell carcinoma","0"
"Albright Hereditary Osteodystrophy without Multiple Hormone Resistance[SEP][CLS]lung adenocarcinoma","0"
"Primary Lateral Sclerosis[SEP][CLS]urinary tract papillary transitional cell benign neoplasm","0"
"Vulvar Clear Cell Hidradenocarcinoma[SEP][CLS]optic nerve glioma","0"
"Dyschromatosis Universalis Hereditaria[SEP][CLS]blood protein disease","0"
"Tropical Sprue[SEP][CLS]brain ischemia","0"
"Periosteal Chondrosarcoma[SEP][CLS]long bone adamantinoma","0"
"Transitional Meningioma[SEP][CLS]polycythemia","0"
"Urachal Urothelial Carcinoma[SEP][CLS]acute leukemia","0"
"Childhood Adrenal Gland Pheochromocytoma[SEP][CLS]multiple myeloma","0"
"Cerebral Hemisphere Lipoma[SEP][CLS]spinal canal and spinal cord meningioma","0"
"Scleredema Adultorum[SEP][CLS]skin disease","1"
"Breast Scirrhous Carcinoma[SEP][CLS]ventricular septal defect","0"
"Tall Cell Variant Thyroid Gland Papillary Carcinoma[SEP][CLS]syndactyly","0"
"Lactotroph Pituitary Neuroendocrine Tumor[SEP][CLS]functioning pituitary adenoma","1"
"Intradural Extramedullary Cauda Equina Astrocytoma[SEP][CLS]immune system organ benign neoplasm","0"
"Nonossifying Fibromyxoid Tumor[SEP][CLS]dysgammaglobulinemia","0"
"Coronary Artery Aneurysm[SEP][CLS]endolymphatic hydrops","0"
"Adenocarcinofibroma[SEP][CLS]hereditary renal cell carcinoma","0"
"Multilocular Cystic Renal Neoplasm of Low Malignant Potential[SEP][CLS]mouth disease","0"
"Mediastinal Schwannoma[SEP][CLS]duodenum cancer","0"
"Malignant Testicular Non-Seminomatous Germ Cell Tumor[SEP][CLS]pulmonary artery disease","0"
"Hyperestrogenism[SEP][CLS]ampulla of Vater carcinoma","0"
"Fallopian Tube Mucinous Neoplasm[SEP][CLS]combined immunodeficiency","0"
"Functioning Pituitary Neuroendocrine Tumor[SEP][CLS]pituitary adenoma","1"
"Balanitis[SEP][CLS]phobic disorder","0"
"Primary Sclerosing Cholangitis[SEP][CLS]ichthyosis","0"
"Esophagitis[SEP][CLS]small intestine cancer","0"
"Uterine Corpus Leiomyosarcoma[SEP][CLS]brain disease","0"
"Leukodystrophy[SEP][CLS]rhabdomyosarcoma","0"
"Hypercalcemic Sarcoidosis[SEP][CLS]small intestine benign neoplasm","0"
"Malignant Labia Majora Neoplasm[SEP][CLS]periodontal disease","0"
"Epidural Spinal Canal Meningioma[SEP][CLS]malignant mediastinal neurogenic neoplasm","0"
"Splenic Disorder[SEP][CLS]acute myeloid leukemia","0"
"Periampullary Adenocarcinoma[SEP][CLS]syndrome","0"
"Extraskeletal Ewing Sarcoma/Peripheral Primitive Neuroectodermal Tumor[SEP][CLS]communication disorder","0"
"Histiocytosis[SEP][CLS]lymphatic system disease","1"
"Seminal Vesicle Neoplasm[SEP][CLS]urethra squamous cell carcinoma","0"
"Anal Intraepithelial Neoplasia 3[SEP][CLS]in situ carcinoma","1"
"Guillain-Barre Syndrome[SEP][CLS]sarcoma","0"
"Aleukemic Monocytic Leukemia Cutis[SEP][CLS]kidney failure","0"
"WDHA Syndrome[SEP][CLS]lipid metabolism disorder","0"
"Gray-Zone Lymphoma[SEP][CLS]ovarian benign neoplasm","0"
"Neonatal Jaundice[SEP][CLS]pigmentation disease","1"
"Myeloid/Lymphoid Neoplasms with Eosinophilia and Tyrosine Kinase Gene Fusions[SEP][CLS]physical disorder","0"
"Mixed Cell Type Kidney Wilms Tumor[SEP][CLS]thyrotoxicosis","0"
"Breast Granular Cell Tumor[SEP][CLS]autosomal recessive cerebellar ataxia","0"
"Placenta Accreta[SEP][CLS]autoimmune disease of gastrointestinal tract","0"
"Macrotrabecular Hepatoblastoma[SEP][CLS]bone cancer","0"
"Charcot-Marie-Tooth Disease[SEP][CLS]syndrome","0"
"CIC-Rearranged Sarcoma[SEP][CLS]EWSR1-negative small round cell tumor","1"
"VIP-Producing Neuroendocrine Tumor[SEP][CLS]neuroendocrine tumor","1"
"Testicular Polyembryoma[SEP][CLS]ovarian primitive germ cell tumor","0"
"Pancreatic ACTH-Producing Neuroendocrine Tumor[SEP][CLS]pyoderma","0"
"AV Block Second Degree Mobitz Type II[SEP][CLS]lacrimal apparatus disease","0"
"Solid/Trabecular Variant Thyroid Gland Papillary Carcinoma[SEP][CLS]cell type cancer","0"
"Retinitis Pigmentosa[SEP][CLS]uterine benign neoplasm","0"
"Downward Ocular Deviation[SEP][CLS]breast disease","0"
"Vulvar Trichoepithelioma[SEP][CLS]stomach carcinoma","0"
"Malignant Chest Wall Bone Neoplasm[SEP][CLS]placenta cancer","0"
"Polycythemia[SEP][CLS]distal arthrogryposis","0"
"Erythroleukemia[SEP][CLS]acute erythroid leukemia","1"
"Primary Lymphedema[SEP][CLS]aortic valve disease","0"
"Adult Astrocytic Tumor[SEP][CLS]malignant ovarian surface epithelial-stromal neoplasm","0"
"Uterine Corpus Lipoleiomyoma[SEP][CLS]cell type cancer","0"
"Persistent Fetal Circulation[SEP][CLS]lymphoma","0"
"Adult Malignant Mesenchymoma[SEP][CLS]adenoma","0"
"Vitamin C Deficiency[SEP][CLS]skin benign neoplasm","0"
"Bartholin Gland Adenoid Cystic Carcinoma[SEP][CLS]peritoneal benign neoplasm","0"
"Testicular Yolk Sac Tumor, Hepatoid Pattern[SEP][CLS]neurofibromatosis","0"
"Orbit Embryonal Rhabdomyosarcoma[SEP][CLS]orbit rhabdomyosarcoma","1"
"Syndrome of Apparent Mineralocorticoid Excess[SEP][CLS]rhabdomyosarcoma","0"
"Pilomatrical Carcinoma[SEP][CLS]paraplegia","0"
"Core Binding Factor Acute Myeloid Leukemia[SEP][CLS]malignant dermis tumor","0"
"Dandy-Walker Malformation[SEP][CLS]uterine fibroid","0"
"Hallucinogen Dependence[SEP][CLS]angiosarcoma","0"
"Cervical Adenomyoma, Mesonephric-Type[SEP][CLS]myocardial infarction","0"
"Nodular Sclerosis Classic Hodgkin Lymphoma[SEP][CLS]inner ear disease","0"
"Malignant Granular Cell Tumor[SEP][CLS]lipid storage disease","0"
"Anxiety Disorder[SEP][CLS]cognitive disorder","1"
"Infectious Otitis Externa[SEP][CLS]external ear disease","1"
"Proximal-Type Epithelioid Sarcoma[SEP][CLS]keratosis","0"
"Plasma Cell Leukemia[SEP][CLS]cerebral arterial disease","0"
"Angiokeratoma of Mibelli[SEP][CLS]oral cavity cancer","0"
"Adult Central Nervous System Mixed Germ Cell Tumor[SEP][CLS]autoimmune disease","0"
"Solid Pseudopapillary Carcinoma of the Pancreas[SEP][CLS]amnestic disorder","0"
"Lung Basaloid Large Cell Carcinoma[SEP][CLS]gastrointestinal system disease","0"
"Cellular Neurofibroma[SEP][CLS]cell type benign neoplasm","0"
"Skin Follicular Basal Cell Carcinoma[SEP][CLS]central nervous system benign neoplasm","0"
"Adult Hepatocellular Carcinoma[SEP][CLS]acute lymphoblastic leukemia","0"
"Adult Extraskeletal Osteosarcoma[SEP][CLS]bullous skin disease","0"
"Sphenoidal Sinusitis[SEP][CLS]sinusitis","1"
"Adult Acute Monocytic Leukemia[SEP][CLS]acute monocytic leukemia","1"
"Meconium Aspiration Syndrome[SEP][CLS]acute conjunctivitis","0"
"Respiratory Syncytial Virus Infection[SEP][CLS]viral infectious disease","1"
"Ectopic Thymus[SEP][CLS]urinary bladder cancer","0"
"Breast Intraductal Papillary Neoplasm[SEP][CLS]sinusitis","0"
"Thyroid Carcinoma Arising in Struma Ovarii[SEP][CLS]osteosclerosis","0"
"Lupus Erythematosus[SEP][CLS]coccidiosis","0"
"Neuronitis[SEP][CLS]keratoconjunctivitis","0"
"Non-Hodgkin Lymphoma[SEP][CLS]prostate disease","0"
"Stage IVB Bladder Cancer[SEP][CLS]lung carcinoma","0"
"Hypokalemic Periodic Paralysis[SEP][CLS]skin sarcoma","0"
"Muscle Atrophy[SEP][CLS]liver disease","0"
"Ciliary Body Melanoma[SEP][CLS]lymphomatoid granulomatosis","0"
"Fox-Fordyce Disease[SEP][CLS]pseudosarcomatous fibromatosis","0"
"Papillary Transitional Cell Carcinoma[SEP][CLS]transitional cell carcinoma","1"
"Myxopapillary Ependymoma[SEP][CLS]impulse control disorder","0"
"Vestibular Schwannoma[SEP][CLS]breast benign neoplasm","0"
"Nevoid Basal Cell Carcinoma Syndrome[SEP][CLS]atherosclerosis","0"
"Placental Choriocarcinoma[SEP][CLS]skin benign neoplasm","0"
"Vulvar Leiomyosarcoma[SEP][CLS]chronic meningitis","0"
"Frontal Lobe Neoplasm[SEP][CLS]cerebrum cancer","1"
"Mesenchymal Extraskeletal Chondrosarcoma[SEP][CLS]acute myeloid leukemia","0"
"Atherosclerosis[SEP][CLS]personality disorder","0"
"Infant-Type Hemispheric Glioma[SEP][CLS]functioning pituitary adenoma","0"
"Femoral Neuropathy[SEP][CLS]mononeuropathy","1"
"Impulse-Control Disorder[SEP][CLS]hypersensitivity reaction type IV disease","0"
"Developmental Coordination Disorder[SEP][CLS]carcinoma","0"
"Ethmoid Sinus Papilloma[SEP][CLS]visual pathway disease","0"
"Drug Abuse[SEP][CLS]disease of mental health","0"
"Photokeratitis[SEP][CLS]lung squamous cell carcinoma","0"
"Rectal Signet Ring Cell Adenocarcinoma[SEP][CLS]calcium metabolism disease","0"
"Macrotrabecular Hepatoblastoma[SEP][CLS]myocardial infarction","0"
"Osteosarcoma[SEP][CLS]retinal cancer","0"
"Anthracosis[SEP][CLS]B cell deficiency","0"
"Sertoli Cell Tumor[SEP][CLS]sex cord-gonadal stromal tumor","1"
"Periodontal Disorder[SEP][CLS]skin cancer","0"
"Mitral Valve Insufficiency[SEP][CLS]osteosarcoma","0"
"Bulbomembranous Urethral Malignant Neoplasm[SEP][CLS]male urethral cancer","1"
"Myotonic Cataract[SEP][CLS]retinoblastoma","0"
"Progressive Muscular Atrophy[SEP][CLS]squamous cell carcinoma","0"
"Malignant Oropharyngeal Neoplasm[SEP][CLS]central nervous system disease","0"
"Ptosis[SEP][CLS]parotid disease","0"
"Undifferentiated Pleomorphic Sarcoma, Inflammatory Variant[SEP][CLS]sweat gland benign neoplasm","0"
"Cardiac Fibrosarcoma[SEP][CLS]extraskeletal myxoid chondrosarcoma","0"
"Myxoid Liposarcoma[SEP][CLS]coronary artery disease","0"
"Thymus Disorder[SEP][CLS]acquired polycythemia","0"
"Acute Megakaryoblastic Leukemia[SEP][CLS]thyroid gland follicular carcinoma","0"
"Localized Osteosarcoma[SEP][CLS]ectodermal dysplasia","0"
"Female Breast Carcinoma[SEP][CLS]anal canal adenocarcinoma","0"
"Eosinophilic Pneumonia[SEP][CLS]nasopharyngeal disease","0"
"Gastrin-Producing Neuroendocrine Tumor[SEP][CLS]thymoma","0"
"Hepatitis A Infection[SEP][CLS]Hodgkin's lymphoma","0"
"Invasive Bladder Microcystic Urothelial Carcinoma[SEP][CLS]depressive disorder","0"
"Fetishism[SEP][CLS]vein disease","0"
"Kidney Sarcoma[SEP][CLS]rectosigmoid junction cancer","0"
"Premature Menopause[SEP][CLS]long bone adamantinoma","0"
"Myeloid/Lymphoid Neoplasms with PDGFRB Rearrangement[SEP][CLS]central nervous system benign neoplasm","0"
"Maternal Uniparental Disomy Chromosome 14 Syndrome[SEP][CLS]retinal artery occlusion","0"
"Niemann-Pick Disease[SEP][CLS]vulva carcinoma","0"
"Conjunctivitis[SEP][CLS]conjunctival disease","1"
"Uterine Corpus Adenosarcoma[SEP][CLS]ovary epithelial cancer","0"
"Subacute Sclerosing Panencephalitis[SEP][CLS]lacrimal apparatus disease","0"
"Atrial Fibrillation[SEP][CLS]childhood germ cell cancer","0"
"Borderline Personality Disorder[SEP][CLS]primary bacterial infectious disease","0"
"Syringoma[SEP][CLS]sweat gland benign neoplasm","1"
"Thyroiditis[SEP][CLS]thyroid gland disease","1"
"Spindle Cell Synovial Sarcoma[SEP][CLS]breast carcinoma","0"
"Cushing Disease[SEP][CLS]viral infectious disease","0"
"Biliary Atresia[SEP][CLS]nervous system disease","0"
"Dengue Hemorrhagic Fever[SEP][CLS]anemia","0"
"Mixed Mineral Dust Pneumoconiosis[SEP][CLS]cranial nerve malignant neoplasm","0"
"Malignant Adult Hemangiopericytoma[SEP][CLS]thymoma","0"
"Anisakiasis[SEP][CLS]PTEN hamartoma tumor syndrome","0"
"Mixed Cell Type Kidney Wilms Tumor[SEP][CLS]gastrointestinal allergy","0"
"Bladder Clear Cell Adenocarcinoma[SEP][CLS]conjunctival disease","0"
"Down Syndrome[SEP][CLS]chromosomal duplication syndrome","1"
"Uterine Corpus Epithelioid Leiomyosarcoma[SEP][CLS]vaginal carcinosarcoma","0"
"Periodontal Disorder[SEP][CLS]rhabdomyosarcoma","0"
"Bladder Papillary Urothelial Carcinoma[SEP][CLS]spinal cancer","0"
"Chromosome 2q37 Deletion Syndrome[SEP][CLS]hypersensitivity reaction type IV disease","0"
"Liver Solitary Fibrous Tumor[SEP][CLS]laryngitis","0"
"Periapical Dental Abscess[SEP][CLS]periapical periodontitis","1"
"Primary Intraocular Non-Hodgkin Lymphoma[SEP][CLS]somatoform disorder","0"
"Osgood-Schlatter's Disease[SEP][CLS]glomerulonephritis","0"
"Lumbar Plexus Neoplasm[SEP][CLS]biliary papillomatosis","0"
"Diabetic Autonomic Neuropathy[SEP][CLS]central nervous system benign neoplasm","0"
"Nodal Marginal Zone Lymphoma[SEP][CLS]lacrimal system cancer","0"
"Chronic Lymphocytic Leukemia/Small Lymphocytic Lymphoma[SEP][CLS]breast carcinoma","0"
"Mixed Phenotype Acute Leukemia with BCR-ABL1 Fusion[SEP][CLS]androgen insensitivity syndrome","0"
"Extranodal Marginal Zone Lymphoma of Mucosa-Associated Lymphoid Tissue[SEP][CLS]acute myeloid leukemia","0"
"Photosensitive Dermatitis[SEP][CLS]irritant dermatitis","1"
"Medulloblastoma, Non-WNT/Non-SHH, Group 4[SEP][CLS]cauda equina neoplasm","0"
"Adult Acute Lymphoblastic Leukemia[SEP][CLS]cranial nerve malignant neoplasm","0"
"Endometrioid Stromal Sarcoma[SEP][CLS]malignant peripheral nerve sheath tumor","0"
"Testicular Yolk Sac Tumor, Glandular-Alveolar Pattern[SEP][CLS]anaplastic astrocytoma","0"
"Mucinous Cystadenofibroma[SEP][CLS]cervical squamous cell carcinoma","0"
"Clear Cell Chondrosarcoma[SEP][CLS]central nervous system benign neoplasm","0"
"Disseminated Intravascular Coagulation in Newborn[SEP][CLS]bone sarcoma","0"
"Myeloid/Lymphoid Neoplasms with FGFR1 Rearrangement[SEP][CLS]intrahepatic cholangiocarcinoma","0"
"Cryoglobulinemia[SEP][CLS]dermatomycosis","0"
"Myeloid Leukemia[SEP][CLS]meningioma","0"
"Hypersplenism[SEP][CLS]facial nerve disease","0"
"Peroneal Neuropathy[SEP][CLS]mononeuropathy","1"
"B Lymphoblastic Leukemia/Lymphoma with t(9;22)(q34.1;q11.2); BCR-ABL1[SEP][CLS]B-lymphoblastic leukemia/lymphoma","1"
"Nonspecific Interstitial Pneumonia[SEP][CLS]cerebral degeneration","0"
"Quadriplegia[SEP][CLS]eye disease","0"
"Sea-Blue Histiocyte Syndrome[SEP][CLS]periodontitis","0"
"BN2 Diffuse Large B-Cell Lymphoma[SEP][CLS]liver cancer","0"
"Chronic Sphenoidal Sinusitis[SEP][CLS]psychotic disorder","0"
"Dyschromatosis Symmetrica Hereditaria[SEP][CLS]ovarian carcinosarcoma","0"
"Cirrhosis[SEP][CLS]skin hemangioma","0"
"Lung Clear Cell Tumor[SEP][CLS]invasive bladder transitional cell carcinoma","0"
"Arthritis[SEP][CLS]uveal disease","0"
"Hereditary Papillary Renal Cell Carcinoma[SEP][CLS]pulmonary emphysema","0"
"Brucellosis[SEP][CLS]fibrosarcoma","0"
"Renal Tubular Acidosis[SEP][CLS]musculoskeletal system disease","0"
"Broad Ligament Mucinous Adenocarcinoma[SEP][CLS]supratentorial cancer","0"
"Primary Intracranial Sarcoma, DICER1-Mutant[SEP][CLS]esophageal cancer","0"
"Chronic Tic Disorder[SEP][CLS]bullous skin disease","0"
"Breast Disorder[SEP][CLS]heart conduction disease","0"
"Hyperkalemic Periodic Paralysis[SEP][CLS]sleep disorder","0"
"Diaphragmatic Eventration[SEP][CLS]skin squamous cell carcinoma","0"
"Progressive Muscular Atrophy[SEP][CLS]cervical adenocarcinoma","0"
"Cervical Mucinous Adenocarcinoma, Signet Ring Cell-Type[SEP][CLS]jejunal cancer","0"
"Extrahepatic Cholestasis[SEP][CLS]syphilis","0"
"Glandular Malignant Peripheral Nerve Sheath Tumor[SEP][CLS]sphenoid sinusitis","0"
"Obstructive Nephropathy[SEP][CLS]breast cyst","0"
"Childhood Intraocular Retinoblastoma[SEP][CLS]intraocular retinoblastoma","1"
"Generalized Atherosclerosis[SEP][CLS]vulvar sarcoma","0"
"Deep Fibrous Histiocytoma[SEP][CLS]pneumoconiosis","0"
"Leukemia[SEP][CLS]diffuse large B-cell lymphoma","0"
"Esophageal Granular Cell Tumor[SEP][CLS]endocrine system disease","0"
"Conn Syndrome[SEP][CLS]lipoma","0"
"Aicardi Syndrome[SEP][CLS]rectosigmoid junction cancer","0"
"Small Intestinal Neuroendocrine Neoplasm[SEP][CLS]small intestine benign neoplasm","1"
"Staphylococcal Food Poisoning[SEP][CLS]chromosomal deletion syndrome","0"
"Thyroid Gland Macrofollicular Adenoma[SEP][CLS]invasive bladder transitional cell carcinoma","0"
"Ebstein Anomaly[SEP][CLS]tricuspid valve disease","1"
"Urea Cycle Metabolism Disorder[SEP][CLS]male reproductive organ cancer","0"
"Unstable Angina[SEP][CLS]orbital disease","0"
"Non-Invasive Urothelial Neoplasm[SEP][CLS]metal metabolism disorder","0"
"Oral Cavity Hairy Leukoplakia[SEP][CLS]cutaneous mastocytosis","0"
"Malignant Thymoma[SEP][CLS]breast carcinoma in situ","0"
"Lipid-Rich Carcinoma[SEP][CLS]fallopian tube carcinosarcoma","0"
"Narcissistic Personality Disorder[SEP][CLS]seborrheic keratosis","0"
"Papillary Squamous Cell Carcinoma[SEP][CLS]squamous cell carcinoma","1"
"Juvenile Pilocytic Astrocytoma[SEP][CLS]synovial sarcoma","0"
"Miliary Tuberculosis[SEP][CLS]cerebral meningioma","0"
"Benign Vaginal Mixed Epithelial and Mesenchymal Neoplasm[SEP][CLS]vaginal benign neoplasm","1"
"Cholangiolocellular Carcinoma[SEP][CLS]testicular yolk sac tumor","0"
"Cervical Serous Adenocarcinoma[SEP][CLS]leiomyosarcoma","0"
"Keratitis[SEP][CLS]neurodegenerative disease","0"
"Gastric Liposarcoma[SEP][CLS]acanthoma","0"
"Macular Degeneration[SEP][CLS]retinal degeneration","1"
"Petroclival Meningioma[SEP][CLS]skull base meningioma","1"
"Acute Myocarditis[SEP][CLS]carcinoma","0"
"Kidney Fibrosarcoma[SEP][CLS]kidney sarcoma","1"
"Diffuse Infiltrative Lymphocytosis Syndrome[SEP][CLS]cervical cancer","0"
"Bilateral Breast Carcinoma[SEP][CLS]thymus gland disease","0"
"Anal Canal Cloacogenic Carcinoma[SEP][CLS]myeloid neoplasm","0"
"Anterior Uveitis[SEP][CLS]myocardial infarction","0"
"Schwannoma[SEP][CLS]breast cyst","0"
"Hyperlipoproteinemia, Type II[SEP][CLS]strabismus","0"
"Childhood Epithelioid Sarcoma[SEP][CLS]keratosis","0"
"Thymoma Type B3[SEP][CLS]cholangitis","0"
"Progressive Multifocal Leukoencephalopathy[SEP][CLS]synovial sarcoma","0"
"Agnosia[SEP][CLS]phobic disorder","0"
"Ovarian Yolk Sac Tumor, Hepatoid Pattern[SEP][CLS]epilepsy","0"
"Lactic Acidosis[SEP][CLS]hormone producing pituitary cancer","0"
"Bartonella Infection[SEP][CLS]benign teratoma","0"
"Laryngeal Stenosis[SEP][CLS]ovarian primitive germ cell tumor","0"
"Adult Brain Stem Mixed Glioma[SEP][CLS]glomus tumor","0"
"Acute Chest Syndrome[SEP][CLS]pneumoconiosis","0"
"Thyroid Hormone Resistance Syndrome[SEP][CLS]maxillary sinus cancer","0"
"Infectious Otitis Externa[SEP][CLS]embryonal tumor with multilayered rosettes, C19MC-altered","0"
"Toxic Nodular Goiter[SEP][CLS]tooth disease","0"
"Coloboma of the Eye[SEP][CLS]reproductive organ benign neoplasm","0"
"Occult Lung Squamous Cell Carcinoma[SEP][CLS]chronic lymphocytic leukemia","0"
"Dehydration Polycythemia[SEP][CLS]cervix carcinoma","0"
"Occupational Dermatitis[SEP][CLS]upper respiratory tract disease","0"
"Pancreatic Gastrin-Producing Neuroendocrine Tumor[SEP][CLS]islet cell tumor","1"
"Krabbe Disease[SEP][CLS]parasitic helminthiasis infectious disease","0"
"Normocytic Anemia[SEP][CLS]glycogen-rich carcinoma","0"
"Teratoma[SEP][CLS]sarcoma","0"
"Polymicrogyria[SEP][CLS]brain disease","1"
"B-Cell Prolymphocytic Leukemia[SEP][CLS]prolymphocytic leukemia","1"
"Fatal Familial Insomnia[SEP][CLS]prion disease","1"
"Breast Giant Fibroadenoma[SEP][CLS]lower respiratory tract disease","0"
"Pancreatic Foamy Gland Adenocarcinoma[SEP][CLS]heart septal defect","0"
"Extrahepatic Bile Duct Mucinous Cystic Neoplasm[SEP][CLS]epithelioid sarcoma","0"
"Pityriasis Rosea[SEP][CLS]lymph node benign neoplasm","0"
"Adenocarcinoma In Situ[SEP][CLS]thymus adenocarcinoma","0"
"Adult Embryonal Tumor with Multilayered Rosettes, C19MC-Altered[SEP][CLS]cerebrum cancer","0"
"Facioscapulohumeral Muscular Dystrophy[SEP][CLS]carbohydrate metabolic disorder","0"
"Holmes-Adie Syndrome[SEP][CLS]testicular germ cell cancer","0"
"Gingival Disorder[SEP][CLS]periodontal disease","1"
"Botryoid-Type Embryonal Rhabdomyosarcoma[SEP][CLS]impulse control disorder","0"
"Ovarian Solid Teratoma[SEP][CLS]pneumoconiosis","0"
"Oligodendroglioma[SEP][CLS]mouth disease","0"
"Biphasic Mesothelioma[SEP][CLS]cervical adenocarcinoma","0"
"Choroid Disorder[SEP][CLS]conventional osteosarcoma","0"
"Burkitt Lymphoma[SEP][CLS]cholecystitis","0"
"von Willebrand Disease, Type 1[SEP][CLS]tic disorder","0"
"Erdheim-Chester Disease[SEP][CLS]acute myeloid leukemia","0"
"Rosacea[SEP][CLS]intrinsic cardiomyopathy","0"
"Barrett Adenocarcinoma[SEP][CLS]childhood low-grade glioma","0"
"Thyroid Gland Macrofollicular Adenoma[SEP][CLS]follicular adenoma","1"
"Arthus Reaction[SEP][CLS]heart sarcoma","0"
"Urea Cycle Metabolism Disorder[SEP][CLS]benign ependymoma","0"
"Cervical Villoglandular Adenocarcinoma[SEP][CLS]carbohydrate metabolic disorder","0"
"Alcoholic Polyneuropathy[SEP][CLS]inflammatory and toxic neuropathy","1"
"Sphenoid Sinus Papilloma[SEP][CLS]sphenoidal sinus benign neoplasm","1"
"Goiter[SEP][CLS]retinal degeneration","0"
"Lymphocytic Thyroiditis[SEP][CLS]autoimmune disease of endocrine system","1"
"Sarcomatoid Mesothelioma[SEP][CLS]cardiovascular organ benign neoplasm","0"
"Vagus Nerve Disorder[SEP][CLS]central nervous system melanocytic neoplasm","0"
"Pelvic Lipomatosis[SEP][CLS]intrahepatic cholangiocarcinoma","0"
"Submucosal Invasive Colon Adenocarcinoma[SEP][CLS]breast sarcoma","0"
"Breast Squamous Cell Carcinoma, Acantholytic Variant[SEP][CLS]leiomyosarcoma","0"
"Uveal Necrotic Melanoma[SEP][CLS]thalassemia","0"
"Vulvar Syringoma[SEP][CLS]retroperitoneal sarcoma","0"
"Citrullinemia[SEP][CLS]pericarditis","0"
"Mucolipidosis[SEP][CLS]lymphadenitis","0"
"Childhood Visual Pathway Astrocytoma[SEP][CLS]ovarian disease","0"
"Mesenteric Lymphadenitis[SEP][CLS]pneumoconiosis","0"
"Bone Angiosarcoma[SEP][CLS]chronic pyelonephritis","0"
"Diffuse Large B-Cell Lymphoma Germinal Center B-Cell Type[SEP][CLS]alopecia","0"
"Tooth Sensitivity[SEP][CLS]bone remodeling disease","0"
"Mediastinal Liposarcoma[SEP][CLS]connective tissue cancer","0"
"Intestinal Perforation[SEP][CLS]motor neuron disease","0"
"Autoimmune Hepatitis with Centrilobular Necrosis[SEP][CLS]brain disease","0"
"Hirschsprung Disease[SEP][CLS]respiratory failure","0"
"Benign Meningioma[SEP][CLS]cholangitis","0"
"Anal Canal Neuroendocrine Neoplasm[SEP][CLS]neurodegenerative disease","0"
"Erdheim-Chester Disease[SEP][CLS]pituitary gland disease","0"
"Encephalomalacia[SEP][CLS]brain disease","1"
"Whipple Disease[SEP][CLS]mitral valve disease","0"
"Fibroblastic Osteosarcoma[SEP][CLS]anxiety disorder","0"
"Mucoepidermoid Carcinoma[SEP][CLS]vulvar squamous tumor","0"
"Grand Mal Epilepsy[SEP][CLS]diabetic retinopathy","0"
"Diffuse Infiltrative Lymphocytosis Syndrome[SEP][CLS]acute disseminated encephalomyelitis","0"
"Renal Osteodystrophy[SEP][CLS]color blindness","0"
"Breast Intraductal Papillary Neoplasm[SEP][CLS]pulmonary neuroendocrine tumor","0"
"Papillary Adenocarcinoma[SEP][CLS]mature B-cell neoplasm","0"
"Graves Disease[SEP][CLS]autoimmune disease of endocrine system","1"
"Irritable Bowel Syndrome[SEP][CLS]lymphatic system cancer","0"
"Cervical Verrucous Carcinoma[SEP][CLS]benign mesothelioma","0"
"Breast Medullary Carcinoma[SEP][CLS]disease of mental health","0"
"Achard Syndrome[SEP][CLS]leiomyosarcoma","0"
"Blastic Plasmacytoid Dendritic Cell Neoplasm[SEP][CLS]lung large cell carcinoma","0"
"Infectious Mononucleosis[SEP][CLS]Epstein-Barr virus infectious disease","1"
"Fox-Fordyce Disease[SEP][CLS]neural tube defect","0"
"Non-Proliferative Diabetic Retinopathy[SEP][CLS]cognitive disorder","0"
"Cervical Basaloid Carcinoma[SEP][CLS]skin melanoma","0"
"Leukostasis[SEP][CLS]congenital mesoblastic nephroma","0"
"Phobia[SEP][CLS]bladder adenocarcinoma","0"
"Malignant Skeletal Muscle Neoplasm[SEP][CLS]muscle cancer","1"
"Hereditary Elliptocytosis[SEP][CLS]meningitis","0"
"Fallopian Tube Serous Cystadenofibroma[SEP][CLS]intestinal obstruction","0"
"Adenocarcinoma[SEP][CLS]lung disease","0"
"Intracranial Meningioma[SEP][CLS]tracheal disease","0"
"Fredrickson Type V Lipidemia[SEP][CLS]islet cell tumor","0"
"Polyclonal Hypergammaglobulinemia[SEP][CLS]pleural disease","0"
"Chronic Inflammatory Demyelinating Polyneuropathy[SEP][CLS]myeloid and lymphoid neoplasms with eosinophilia and abnormalities of PDGFRA, PDGFRB, and FGFR1","0"
"Sensorineural Hearing Loss[SEP][CLS]spinal cancer","0"
"Cervical Mucinous Adenocarcinoma, Intestinal-Type[SEP][CLS]meningioma","0"
"Internal Strabismus[SEP][CLS]strabismus","1"
"Mixed Epithelial and Mesenchymal Hepatoblastoma[SEP][CLS]anal squamous cell carcinoma","0"
"Schizotypal Personality Disorder[SEP][CLS]chondroma","0"
"Borrelia Burgdorferi Infection[SEP][CLS]Bartholin's gland carcinoma","0"
"Pulmonary Valvular Insufficiency[SEP][CLS]kidney sarcoma","0"
"Interstitial Myositis[SEP][CLS]vulva cancer","0"
"Ebola Hemorrhagic Fever[SEP][CLS]familial hyperlipidemia","0"
"Mitral Valve Stenosis[SEP][CLS]vulvar benign neoplasm","0"
"Meningeal Melanomatosis[SEP][CLS]eosinophilic pneumonia","0"
"Acute Disseminated Encephalomyelitis[SEP][CLS]breast hemangioma","0"
"Mesenchymoma[SEP][CLS]Coronavirus infectious disease","0"
"Aplastic Anemia[SEP][CLS]respiratory system disease","0"
"Mucocele of the Appendix[SEP][CLS]breast benign neoplasm","0"
"Rickets[SEP][CLS]ovary adenocarcinoma","0"
"Mixed Receptive-Expressive Language Disorder[SEP][CLS]thyroiditis","0"
"Extraskeletal Ewing Sarcoma/Peripheral Primitive Neuroectodermal Tumor[SEP][CLS]Ewing sarcoma","1"
"Kearns-Sayre Syndrome[SEP][CLS]nasal cavity benign neoplasm","0"
"Juvenile Myelomonocytic Leukemia[SEP][CLS]multiple sclerosis","0"
"Prostate Disorder[SEP][CLS]syndrome","0"
"Esophageal Small Cell Neuroendocrine Carcinoma[SEP][CLS]cranial nerve malignant neoplasm","0"
"Testicular Germ Cell Tumor[SEP][CLS]primary bacterial infectious disease","0"
"Migraine With Aura[SEP][CLS]immune system disease","0"
"Rosacea[SEP][CLS]color blindness","0"
"Orofaciodigital Syndrome Type 6[SEP][CLS]malaria","0"
"Breast Hemangioma[SEP][CLS]breast benign neoplasm","1"
"CHARGE Syndrome[SEP][CLS]bladder benign neoplasm","0"
"Seborrheic Dermatitis[SEP][CLS]dermatitis","1"
"Sideroblastic Anemia[SEP][CLS]breast adenocarcinoma","0"
"Idiopathic Pulmonary Fibrosis[SEP][CLS]breast benign neoplasm","0"
"Neurodermatitis[SEP][CLS]dental pulp disease","0"
"Childhood Meningioma[SEP][CLS]granulosa cell tumor","0"
"Childhood Embryonal Tumor with Multilayered Rosettes, C19MC-Altered[SEP][CLS]mouth disease","0"
"Angiolipoma[SEP][CLS]uterine ligament adenocarcinoma","0"
"Giant Cell Tumor of Bone[SEP][CLS]central nervous system mesenchymal non-meningothelial tumor","0"
"Nut Allergy[SEP][CLS]brain ependymoma","0"
"Panniculitis[SEP][CLS]anemia","0"
"Plasmacytoma[SEP][CLS]syndrome","0"
"Intrahepatic Bile Duct Adenoma[SEP][CLS]mixed glioma","0"
"Homocystinuria[SEP][CLS]acute inflammation of lacrimal passage","0"
"Orchitis[SEP][CLS]central nervous system embryonal tumor","0"
"Villous Adenocarcinoma[SEP][CLS]invasive bladder transitional cell carcinoma","0"
"Adult Anaplastic Ependymoma[SEP][CLS]high grade ependymoma","1"
"Hypothyroidism[SEP][CLS]intracranial hypertension","0"
"Giant Papillary Conjunctivitis[SEP][CLS]nose disease","0"
"Trochlear Nerve Neoplasm[SEP][CLS]benign ependymoma","0"
"Benign Vaginal Mixed Epithelial and Mesenchymal Neoplasm[SEP][CLS]transient hypogammaglobulinemia","0"
"Gliofibroma[SEP][CLS]malignant pineal area germ cell neoplasm","0"
"Vulvar Porocarcinoma[SEP][CLS]tetanus","0"
"Galactosemia[SEP][CLS]nephroblastoma","0"
"Lipoatrophic Diabetes Mellitus[SEP][CLS]ovarian benign neoplasm","0"
"Vitamin C Deficiency[SEP][CLS]basal cell carcinoma","0"
"Uveal Spindle Cell Melanoma[SEP][CLS]gastrointestinal system benign neoplasm","0"
"Giant Hemangioma[SEP][CLS]keratosis","0"
"Elephantiasis[SEP][CLS]functioning pituitary adenoma","0"
"Encephalitis Lethargica[SEP][CLS]cerebrum cancer","0"
"Lower Clivus Meningioma[SEP][CLS]vasculitis","0"
"Vulvar Clear Cell Hidradenocarcinoma[SEP][CLS]cholecystitis","0"
"Congenital Glaucoma[SEP][CLS]choriocarcinoma of the testis","0"
"Subacute Bacterial Endocarditis[SEP][CLS]personality disorder","0"
"Cervical Lymphadenitis[SEP][CLS]corneal degeneration","0"
"Dubin-Johnson Syndrome[SEP][CLS]parotid disease","0"
"Central Neurocytoma[SEP][CLS]leukodystrophy","0"
"Non-Invasive Verrucous Carcinoma of the Penis[SEP][CLS]chronic leukemia","0"
"EBV Infection[SEP][CLS]thymus gland disease","0"
"Enophthalmos[SEP][CLS]pineal region teratoma","0"
"Cardiac Granular Cell Tumor[SEP][CLS]endometrial adenocarcinoma","0"
"Childhood Germ Cell Tumor[SEP][CLS]glucose metabolism disease","0"
"Keratoconjunctivitis[SEP][CLS]viral infectious disease","0"
"Xerophthalmia[SEP][CLS]inner ear disease","0"
"Microcystic Meningioma[SEP][CLS]plasma protein metabolism disease","0"
"Mucopolysaccharidosis Type I[SEP][CLS]retinoblastoma","0"
"Multilocular Cystic Renal Neoplasm of Low Malignant Potential[SEP][CLS]bacterial infectious disease","0"
"Endosalpingiosis[SEP][CLS]breast adenocarcinoma","0"
"Posterior Uveitis[SEP][CLS]scrotal carcinoma","0"
"Essential Tremor[SEP][CLS]idiopathic interstitial pneumonia","0"
"Band Keratopathy[SEP][CLS]autosomal dominant intellectual developmental disorder","0"
"Myasthenia Gravis[SEP][CLS]balanitis","0"
"Status Epilepticus[SEP][CLS]carbohydrate metabolic disorder","0"
"Thrombocytopenia Due to Immune Destruction[SEP][CLS]chondrosarcoma","0"
"Subungual Glomus Tumor[SEP][CLS]dermatitis","0"
"Werdnig-Hoffmann Disease[SEP][CLS]hereditary sensory neuropathy","0"
"Glomangiomatosis[SEP][CLS]hematologic cancer","0"
"Acute Sinusitis[SEP][CLS]breast disease","0"
"Posterior Uveitis[SEP][CLS]bile duct cystadenoma","0"
"Gallbladder Stone[SEP][CLS]gallbladder disease","1"
"Pancreatic Ductal Adenocarcinoma[SEP][CLS]foramen magnum meningioma","0"
"B Acute Lymphoblastic Leukemia with t(v;11q23.3); KMT2A Rearranged[SEP][CLS]spindle cell thymoma","0"
"Struma Ovarii[SEP][CLS]thyroid gland disease","0"
"Ureter Abscess[SEP][CLS]meningioma","0"
"Yaws[SEP][CLS]spinal cord ependymoma","0"
"Subglottic Carcinoma[SEP][CLS]female reproductive system disease","0"
"Pituitary Gland Necrosis[SEP][CLS]pituitary gland disease","1"
"Nephrogenic Diabetes Insipidus[SEP][CLS]epilepsy","0"
"Aagenaes Syndrome[SEP][CLS]lymphadenitis","0"
"Nipple Neoplasm[SEP][CLS]breast benign neoplasm","1"
"Sacral Intraspinal Meningioma[SEP][CLS]nutritional deficiency disease","0"
"Fallopian Tube Papillary Adenocarcinoma[SEP][CLS]nutritional deficiency disease","0"
"Peripheral Nerve Schwannoma[SEP][CLS]neurilemmoma","1"
"Hypoglycemia[SEP][CLS]thymic carcinoma","0"
"Cystadenocarcinoma[SEP][CLS]cell type benign neoplasm","0"
"Central Nervous System Hibernoma[SEP][CLS]vascular disease","0"
"Skin Atrophy[SEP][CLS]primary cutaneous T-cell non-Hodgkin lymphoma","0"
"Adult Liposarcoma[SEP][CLS]esophageal disease","0"
"Elephantiasis[SEP][CLS]amino acid metabolic disorder","0"
"Pilar Sheath Acanthoma[SEP][CLS]acanthoma","1"
"Ovarian Seromucinous Tumor[SEP][CLS]vulva squamous cell carcinoma","0"
"Isosporiasis[SEP][CLS]squamous cell carcinoma","0"
"GM1 Gangliosidosis[SEP][CLS]hemoglobinuria","0"
"Prostate Leiomyosarcoma[SEP][CLS]lymphopenia","0"
"Rhinitis[SEP][CLS]Coronavirus infectious disease","0"
"Cervical Adenosarcoma[SEP][CLS]pre-eclampsia","0"
"Gliomatosis Cerebri[SEP][CLS]cholangitis","0"
"Malignant Leptomeningeal Neoplasm[SEP][CLS]syndrome","0"
"Favism[SEP][CLS]glucosephosphate dehydrogenase deficiency","1"
"Glomangioma[SEP][CLS]carcinoma","0"
"Sexual Sadism[SEP][CLS]sexual health disorder","1"
"Fredrickson Type V Lipidemia[SEP][CLS]low grade glioma","0"
"Invasive Bladder Micropapillary Urothelial Carcinoma[SEP][CLS]invasive bladder transitional cell carcinoma","1"
"Movement Disorder[SEP][CLS]malignant astrocytoma","0"
"Balloon Cell Melanoma[SEP][CLS]acute myeloid leukemia","0"
"Hepatoid Adenocarcinoma[SEP][CLS]carotid artery disease","0"
"Anal Verrucous Carcinoma[SEP][CLS]Ewing sarcoma","0"
"Pituitary Gland Mixed Acidophil-Basophil Adenoma[SEP][CLS]pituitary adenoma","1"
"Chronic Lymphocytic Leukemia/Small Lymphocytic Lymphoma with Unmutated Immunoglobulin Heavy Chain Variable-Region Gene[SEP][CLS]disease","0"
"Keratosis[SEP][CLS]bone giant cell tumor","0"
"Skin Adamantinoid Basal Cell Carcinoma[SEP][CLS]parasitic ectoparasitic infectious disease","0"
"Malignant Glomus Tumor[SEP][CLS]liposarcoma","0"
"Pulmonary Valve Disorder[SEP][CLS]conjunctivitis","0"
"Benign Vaginal Mixed Epithelial and Mesenchymal Neoplasm[SEP][CLS]anxiety disorder","0"
"Microphthalmos[SEP][CLS]eye disease","1"
"Prostate Acinar Lymphoepithelioma-Like Adenocarcinoma[SEP][CLS]eye disease","0"
"Childhood Central Nervous System Germinoma[SEP][CLS]gastrointestinal system disease","0"
"Pyomyositis[SEP][CLS]carotid artery disease","0"
"Multifocal Osteosarcoma[SEP][CLS]endometrial adenocarcinoma","0"
"Myoclonic Epilepsy Associated with Ragged-Red Fibers[SEP][CLS]seminoma","0"
"Myxedema[SEP][CLS]schizophrenia","0"
"Antibiotic-Associated Colitis[SEP][CLS]retinal artery occlusion","0"
"Lacrimal Gland Adenoid Cystic Carcinoma[SEP][CLS]dysgerminoma","0"
"Primary Hypertrophic Osteoarthropathy[SEP][CLS]malignant pineal area germ cell neoplasm","0"
"Malignant Ovarian Brenner Tumor[SEP][CLS]chondrosarcoma","0"
"Thyroid Gland Disorder[SEP][CLS]myeloproliferative neoplasm","0"
"Malignant Spermatic Cord Neoplasm[SEP][CLS]physical disorder","0"
"Bile Duct Disorder[SEP][CLS]ganglioneuroblastoma","0"
"Gastric Small Cell Neuroendocrine Carcinoma[SEP][CLS]stomach cancer","0"
"Childhood Pilocytic Astrocytoma[SEP][CLS]esophageal disease","0"
"Chondroma[SEP][CLS]cervical carcinosarcoma","0"
"Acquired Immunodeficiency Syndrome[SEP][CLS]severe pre-eclampsia","0"
"Dermatosis Papulosa Nigra[SEP][CLS]ovarian endometrioid adenofibroma","0"
"Retinoblastoma[SEP][CLS]hereditary sensory neuropathy","0"
"Acute Myeloid Leukemia with Maturation[SEP][CLS]disease","0"
"Germ Cell Tumor[SEP][CLS]brain disease","0"
"Botulism[SEP][CLS]adrenal adenoma","0"
"Breast Inflammatory Carcinoma[SEP][CLS]choroid plexus cancer","0"
"Acute Myeloid Leukemia with Minimal Differentiation[SEP][CLS]cervical carcinosarcoma","0"
"Breast Intracanalicular Fibroadenoma[SEP][CLS]chronic lymphocytic leukemia","0"
"Rectal Prolapse[SEP][CLS]osteosarcoma","0"
"Medulloepithelioma Not Otherwise Specified[SEP][CLS]ovarian cystadenocarcinoma","0"
"Skin Fibroepithelial Basal Cell Carcinoma[SEP][CLS]intestinal disease","0"
"Fallopian Tube Clear Cell Adenocarcinoma[SEP][CLS]bile duct carcinoma","0"
"Occult Lung Small Cell Carcinoma[SEP][CLS]syndrome","0"
"Ebstein Anomaly[SEP][CLS]lung large cell carcinoma","0"
"Cardiac Tamponade[SEP][CLS]disease of metabolism","0"
"Intravascular Angioleiomyoma[SEP][CLS]breast myoepitheliosis","0"
"Achondroplasia[SEP][CLS]central nervous system germinoma","0"
"Minimal Change Glomerulonephritis[SEP][CLS]thyroid gland disease","0"
"Metastatic Carotid Body Paraganglioma[SEP][CLS]cavernous hemangioma","0"
"Blepharoconjunctivitis[SEP][CLS]blepharitis","1"
"Anal Canal Paget Disease[SEP][CLS]plasmacytoma","0"
"Protozoal Infection[SEP][CLS]blepharitis","0"
"Glucose-6-Phosphate Dehydrogenase Deficiency[SEP][CLS]carbohydrate metabolic disorder","1"
"Supratentorial Ependymoma ZFTA Fusion-Positive[SEP][CLS]parasitic ectoparasitic infectious disease","0"
"Paracoccidioidomycosis[SEP][CLS]spinal cancer","0"
"Spindle Cell Melanoma[SEP][CLS]melanoma","1"
"Tooth Sensitivity[SEP][CLS]nervous system disease","0"
"Retinal Dystrophy[SEP][CLS]type 2 diabetes mellitus","0"
"Nodal Marginal Zone Lymphoma[SEP][CLS]communication disorder","0"
"Glioblastoma, IDH-Wildtype[SEP][CLS]central nervous system disease","0"
"Mediastinal Ganglioneuroblastoma[SEP][CLS]sarcoma","0"
"Hyperglycemia[SEP][CLS]gallbladder adenocarcinoma","0"
"Adult Central Nervous System Germinoma[SEP][CLS]breast carcinoma in situ","0"
"Malignant Labia Majora Neoplasm[SEP][CLS]cervical carcinosarcoma","0"
"Frontal Convexity Meningioma[SEP][CLS]cranial nerve malignant neoplasm","0"
"Lymph Node Disorder[SEP][CLS]myositis","0"
"Myocarditis[SEP][CLS]pituitary adenoma","0"
"Breast Oncocytic Carcinoma[SEP][CLS]chondrosarcoma","0"
"Henoch-Schönlein Purpura[SEP][CLS]follicular adenoma","0"
"Cervical Mesonephric Adenocarcinoma[SEP][CLS]intraductal breast benign neoplasm","0"
"Nonanaplastic Kidney Wilms Tumor[SEP][CLS]salpingitis","0"
"Rheumatologic Disorder[SEP][CLS]connective tissue disease","1"
"Transitional Meningioma[SEP][CLS]bone deterioration disease","0"
"Poland Syndrome[SEP][CLS]physical disorder","1"
"Ovarian Monodermal Teratoma[SEP][CLS]color blindness","0"
"Childhood Malignant Mesenchymoma[SEP][CLS]bone cancer","0"
"Tabes Dorsalis[SEP][CLS]cytochrome-c oxidase deficiency disease","0"
"Meningothelial Meningioma[SEP][CLS]placenta disease","0"
"Sarcomatoid Transitional Cell Carcinoma[SEP][CLS]acute asthma","0"
"Breast Flat Ductal Epithelial Atypia[SEP][CLS]chromosomal duplication syndrome","0"
"Childhood Acute Lymphoblastic Leukemia[SEP][CLS]lupus erythematosus","0"
"Lung Large Cell Carcinoma[SEP][CLS]lipoma","0"
"Dyschromatosis Symmetrica Hereditaria[SEP][CLS]spinal cord disease","0"
"Endocrine System Disorder[SEP][CLS]disease of anatomical entity","1"
"Ovarian Sex Cord-Stromal Tumor[SEP][CLS]sex cord-gonadal stromal tumor","1"
"Cellular Leiomyoma[SEP][CLS]leiomyoma","1"
"Bird Fancier's Lung[SEP][CLS]nerve plexus neoplasm","0"
"Pediculosis Pubis[SEP][CLS]neurilemmoma","0"
"Dysostosis[SEP][CLS]oral cavity cancer","0"
"Hypertrophic Cardiomyopathy[SEP][CLS]interstitial lung disease","0"
"Brain Sarcoma[SEP][CLS]apocrine sweat gland neoplasm","0"
"Combined Lung Small Cell and Squamous Cell Carcinoma[SEP][CLS]pulmonary neuroendocrine tumor","1"
"WDHA Syndrome[SEP][CLS]hypertension","0"
"Sensorineural Hearing Loss[SEP][CLS]pineoblastoma","0"
"Propionic Acidemia[SEP][CLS]male reproductive system disease","0"
"Vaginal Endometrioid Stromal and Related Neoplasms[SEP][CLS]reproductive system disease","0"
"Dermatophytosis of Scalp and Beard[SEP][CLS]brain stem cancer","0"
"Adult Central Nervous System Embryonal Tumor, Not Otherwise Specified[SEP][CLS]neurodegenerative disease","0"
"Cystitis[SEP][CLS]parasitic helminthiasis infectious disease","0"
"Endometrial Endometrioid Adenocarcinoma, Secretory Variant[SEP][CLS]central nervous system benign neoplasm","0"
"Osteopetrosis[SEP][CLS]breast fibroadenoma","0"
"Brain Sarcoma[SEP][CLS]breast disease","0"
"Vulvar Paget Disease[SEP][CLS]vulva adenocarcinoma","1"
"Mucinous Cystadenocarcinoma[SEP][CLS]vulva squamous cell carcinoma","0"
"Thyroid Gland Microfollicular Adenoma[SEP][CLS]follicular adenoma","1"
"Indolent Multiple Myeloma[SEP][CLS]rhabdomyosarcoma","0"
"Peroxisomal Acyl-CoA Oxidase Deficiency[SEP][CLS]sweat gland disease","0"
"Gingival Disorder[SEP][CLS]bladder benign neoplasm","0"
"Asperger Syndrome[SEP][CLS]pancreatic intraductal papillary-colloid carcinoma","0"
"Somatoform Disorder[SEP][CLS]disease of mental health","1"
"Gallbladder Mucinous Adenocarcinoma[SEP][CLS]skull base cancer","0"
"Granuloma Inguinale[SEP][CLS]second-degree atrioventricular block","0"
"Short Bowel Syndrome[SEP][CLS]anus benign neoplasm","0"
"Diphyllobothriasis[SEP][CLS]peripheral vascular disease","0"
"Acute Periodontitis[SEP][CLS]eye disease","0"
"Urinary Tract Obstruction[SEP][CLS]thymic carcinoma","0"
"Corneal Melanoma[SEP][CLS]viral infectious disease","0"
"Childhood Leukemia[SEP][CLS]hyperparathyroidism","0"
"Malignant Supraglottis Neoplasm[SEP][CLS]larynx cancer","1"
"Childhood Meningeal Melanoma[SEP][CLS]amino acid metabolic disorder","0"
"Thrombocytosis[SEP][CLS]sweat gland disease","0"
"Malignant Childhood Hemangiopericytoma[SEP][CLS]hemangiopericytoma","1"
"Vaginal Mullerian Papilloma[SEP][CLS]migraine","0"
"Meningitis[SEP][CLS]pharynx cancer","0"
"Vitamin B6 Deficiency[SEP][CLS]vulvar disease","0"
"Myotonic Dystrophy[SEP][CLS]viral infectious disease","0"
"Osteopoikilosis[SEP][CLS]peritoneal serous adenocarcinoma","0"
"Urethral Urothelial Papilloma[SEP][CLS]atrophic glossitis","0"
"Cervical Mesonephric Adenocarcinoma[SEP][CLS]oligodendroglioma","0"
"Adult Acute Monocytic Leukemia[SEP][CLS]pulmonary emphysema","0"
"Pseudohermaphroditism[SEP][CLS]intrahepatic cholestasis","0"
"Breast Acinic Cell Carcinoma[SEP][CLS]intestinal disease","0"
"Cervical Adenofibroma[SEP][CLS]autonomic neuropathy","0"
"Glucose Intolerance[SEP][CLS]glaucoma","0"
"Status Asthmaticus[SEP][CLS]syndrome","0"
"Sudden Infant Death Syndrome[SEP][CLS]ampulla of Vater adenocarcinoma","0"
"Marburg Virus Disease[SEP][CLS]paraphilia disorder","0"
"Conventional Fibrosarcoma[SEP][CLS]peptic ulcer disease","0"
"Mixed Astrocytoma-Ependymoma-Oligodendroglioma[SEP][CLS]mixed glioma","1"
"Deep Hemangioma[SEP][CLS]tongue disease","0"
"Cardiac Fibrosarcoma[SEP][CLS]communication disorder","0"
"Myotonic Cataract[SEP][CLS]strabismus","0"
"Hyperlipoproteinemia, Type II[SEP][CLS]testicular yolk sac tumor","0"
"GM2-Gangliosidosis, AB Variant[SEP][CLS]peroxisomal disease","0"
"Breast Columnar Cell Mucinous Carcinoma[SEP][CLS]breast mucinous carcinoma","1"
"Cushing Disease[SEP][CLS]malignant astrocytoma","0"
"Pancreatic Signet Ring Cell Carcinoma[SEP][CLS]microcytic anemia","0"
"Granulomatous Arteritis[SEP][CLS]epidermolysis bullosa","0"
"Balanitis[SEP][CLS]epilepsy","0"
"B Acute Lymphoblastic Leukemia with t(5;14)(q31.1;q32.3); IL3-IGH[SEP][CLS]nervous system benign neoplasm","0"
"Olfactory Groove Meningioma[SEP][CLS]craniopharyngioma","0"
"Acquired Hemangioma[SEP][CLS]cystitis","0"
"Dengue Fever[SEP][CLS]viral infectious disease","1"
"Broad Ligament Clear Cell Adenocarcinoma[SEP][CLS]adrenal cortex disease","0"
"Transient Arthropathy[SEP][CLS]sebaceous carcinoma","0"
"Hereditary Fallopian Tube Carcinoma[SEP][CLS]mouth disease","0"
"Xanthogranulomatous Pyelonephritis[SEP][CLS]skin melanoma","0"
"Visual Epilepsy[SEP][CLS]invasive bladder transitional cell carcinoma","0"
"Bare Lymphocyte Syndrome[SEP][CLS]substance abuse","0"
"Uveal Intermediate Cell Type Melanoma[SEP][CLS]connective tissue disease","0"
"Nevoid Basal Cell Carcinoma Syndrome[SEP][CLS]splenic disease","0"
"Minimally Invasive Lung Adenocarcinoma[SEP][CLS]ocular motility disease","0"
"Mediastinal Granular Cell Tumor[SEP][CLS]mediastinal neurilemmoma","1"
"Breast Rhabdomyosarcoma[SEP][CLS]ovarian germ cell cancer","0"
"Acute Laryngitis[SEP][CLS]salpingitis","0"
"Renal Cell Carcinoma[SEP][CLS]ureter transitional cell carcinoma","0"
"Anal Leiomyosarcoma[SEP][CLS]gastrointestinal system disease","0"
"Penile Paget Disease[SEP][CLS]penis carcinoma","1"
"Argininemia[SEP][CLS]female reproductive system disease","0"
"Necrobiosis Lipoidica[SEP][CLS]syndrome","0"
"Ovarian Stromal Hyperthecosis[SEP][CLS]hyperthyroidism","0"
"Lacrimal Gland Adenoid Cystic Carcinoma[SEP][CLS]bone development disease","0"
"Clear Cell Cystadenofibroma[SEP][CLS]thyroid gland disease","0"
"Invasive Renal Pelvis and Ureter Urothelial Carcinoma[SEP][CLS]West Nile encephalitis","0"
"Tenosynovial Giant Cell Tumor[SEP][CLS]mouth disease","0"
"Dry Eye Syndrome[SEP][CLS]skin squamous cell carcinoma","0"
"Sphenoorbital Meningioma[SEP][CLS]urinary tract papillary transitional cell benign neoplasm","0"
"Emery-Dreifuss Muscular Dystrophy[SEP][CLS]kidney benign neoplasm","0"
"Supraglottic Carcinoma[SEP][CLS]ovarian embryonal carcinoma","0"
"Superior Sulcus Lung Carcinoma[SEP][CLS]vulva squamous cell carcinoma","0"
"Primary Hyperoxaluria Type I[SEP][CLS]viral infectious disease","0"
"Miliaria[SEP][CLS]coccidiosis","0"
"Vulvar Clear Cell Hidradenocarcinoma[SEP][CLS]acute monocytic leukemia","0"
"Blastema Predominant Kidney Wilms Tumor[SEP][CLS]deep keratitis","0"
"Focal Embolic Glomerulonephritis[SEP][CLS]breast duct papilloma","0"
"Mature Ovarian Teratoma[SEP][CLS]pericardial effusion","0"
"Iris Melanoma[SEP][CLS]sphingolipidosis","0"
"Learning Disorder[SEP][CLS]specific developmental disorder","1"
"Benign Ovarian Sex Cord-Stromal Tumor[SEP][CLS]sex cord-stromal benign neoplasm","1"
"Breast Peripheral Papilloma[SEP][CLS]acute orbital inflammation","0"
"Kabuki Syndrome[SEP][CLS]syndrome","1"
"Malignant Hypertension[SEP][CLS]syndrome","0"
"Hidradenitis Suppurativa[SEP][CLS]cell type cancer","0"
"Supraglottis Neoplasm[SEP][CLS]laryngeal benign neoplasm","1"
"Pancreatic Somatostatinoma[SEP][CLS]eye disease","0"
"Hypertropia[SEP][CLS]conventional osteosarcoma","0"
"Uterine Corpus Atypical Polypoid Adenomyoma[SEP][CLS]carcinoma","0"
"Lymphoid Leukemia[SEP][CLS]breast adenocarcinoma","0"
"Kidney Sarcoma[SEP][CLS]viral infectious disease","0"
"Porocarcinoma[SEP][CLS]inherited metabolic disorder","0"
"Adult Choroid Plexus Neoplasm[SEP][CLS]choroid plexus cancer","1"
"Primary Lateral Sclerosis[SEP][CLS]thymoma type B","0"
"Intestinal Atresia[SEP][CLS]syndrome","0"
"Exocervical Carcinoma[SEP][CLS]vascular disease","0"
"Luminal B Breast Carcinoma[SEP][CLS]rhabdomyosarcoma","0"
"Heart Disorder[SEP][CLS]delusional disorder","0"
"Neurofibroma[SEP][CLS]eccrine sweat gland neoplasm","0"
"Breast Lipid-Rich Carcinoma[SEP][CLS]meningioma","0"
"Fibroblastic Osteosarcoma[SEP][CLS]urinary tract papillary transitional cell benign neoplasm","0"
"Glycogen-Rich Carcinoma[SEP][CLS]breast adenocarcinoma","1"
"Mature Teratoma[SEP][CLS]viral infectious disease","0"
"Skin Nodular Basal Cell Carcinoma[SEP][CLS]hypopituitarism","0"
"Autoimmune Polyendocrinopathy Syndrome[SEP][CLS]brain disease","0"
"Renal Tubular Acidosis[SEP][CLS]dermatitis","0"
"Blepharospasm[SEP][CLS]ovarian cancer","0"
"Cystadenoma[SEP][CLS]neurilemmoma","0"
"Persistent Fetal Circulation[SEP][CLS]myositis","0"
"Ovarian Mucinous Cystadenocarcinoma[SEP][CLS]urea cycle disorder","0"
"Multifocal Osteosarcoma[SEP][CLS]struma ovarii","0"
"Horner Syndrome[SEP][CLS]stomach cancer","0"
"BN2 Diffuse Large B-Cell Lymphoma[SEP][CLS]diffuse large B-cell lymphoma","1"
"Reactive Cutaneous Fibrous Lesion[SEP][CLS]fallopian tube adenocarcinoma","0"
"Nephritis[SEP][CLS]combined immunodeficiency","0"
"Glomangioma[SEP][CLS]liver cancer","0"
"Gastric Ulcer[SEP][CLS]anus adenocarcinoma","0"
"Multiple Intraspinal Meningiomas[SEP][CLS]thoracic disease","0"
"Labia Minora Carcinoma[SEP][CLS]osteochondrodysplasia","0"
"Abducens Nerve Neoplasm[SEP][CLS]thyroid gland papillary carcinoma","0"
"Bowel Obstruction[SEP][CLS]ovary epithelial cancer","0"
"Rectal Neoplasm[SEP][CLS]neurilemmoma","0"
"Villous Adenocarcinoma[SEP][CLS]lymphangioma","0"
"Encephalitis Lethargica[SEP][CLS]encephalitis","1"
"Anaplastic Astrocytoma, IDH-Wildtype[SEP][CLS]adolescence-adult electroclinical syndrome","0"
"Childhood Ovarian Yolk Sac Tumor[SEP][CLS]teeth hard tissue disease","0"
"Fibroblastic Osteosarcoma[SEP][CLS]primary bacterial infectious disease","0"
"Nontoxic Goiter[SEP][CLS]cholangitis","0"
"Tropical Sprue[SEP][CLS]pineal region teratoma","0"
"Rheumatic Fever[SEP][CLS]spinal canal and spinal cord meningioma","0"
"Farmer's Lung[SEP][CLS]hypertrophic cardiomyopathy","0"
"Blastic Plasmacytoid Dendritic Cell Neoplasm[SEP][CLS]congenital heart disease","0"
"Bronchopneumonia[SEP][CLS]pneumonia","1"
"Embryonal Rhabdomyosarcoma[SEP][CLS]lipid metabolism disorder","0"
"COVID-19 Infection[SEP][CLS]endocrine system disease","0"
"Aleukemic Leukemia Cutis[SEP][CLS]extrinsic cardiomyopathy","0"
"Gallbladder Disorder[SEP][CLS]stomach carcinoma","0"
"Chronic Cholangitis[SEP][CLS]lacrimal gland cancer","0"
"Bursitis[SEP][CLS]prostate adenocarcinoma","0"
"Myotonic Cataract[SEP][CLS]sweat gland cancer","0"
"Legionellosis[SEP][CLS]restrictive cardiomyopathy","0"
"Progressive Myoclonus Epilepsy[SEP][CLS]epilepsy","0"
"Compartment Syndrome[SEP][CLS]glaucoma","0"
"Bladder Obstruction[SEP][CLS]skin benign neoplasm","0"
"Hypoglossal Nerve Neoplasm[SEP][CLS]cranial nerve malignant neoplasm","1"
"Acute Contagious Conjunctivitis[SEP][CLS]medulloblastoma","0"
"Esophageal Small Cell Neuroendocrine Carcinoma[SEP][CLS]carotid artery disease","0"
"Retinitis Pigmentosa[SEP][CLS]liver cancer","0"
"Aortitis[SEP][CLS]benign mediastinal neurilemmoma","0"
"Metastatic Carotid Body Paraganglioma[SEP][CLS]nose disease","0"
"Selective IgE Immunodeficiency[SEP][CLS]testicular malignant germ cell cancer","0"
"Neurodermatitis[SEP][CLS]histone mutated tumor","0"
"Fibroblastic Liposarcoma[SEP][CLS]myeloid neoplasm","0"
"Serous Cystadenocarcinoma[SEP][CLS]movement disease","0"
"Hyperhomocysteinemia[SEP][CLS]childhood leukemia","0"
"Diabetes Mellitus[SEP][CLS]glucose metabolism disease","1"
"Conduct Disorder[SEP][CLS]epilepsy","0"
"Childhood Adrenal Gland Pheochromocytoma[SEP][CLS]chronic progressive external ophthalmoplegia","0"
"Bagassosis[SEP][CLS]acute myeloid leukemia","0"
"Ovarian Stromal Hyperthecosis[SEP][CLS]testicular disease","0"
"Uric Acid Urolithiasis[SEP][CLS]lower respiratory tract disease","0"
"Keratitis[SEP][CLS]steroid inherited metabolic disorder","0"
"Asthma[SEP][CLS]bronchial disease","1"
"Miliary Tuberculosis[SEP][CLS]extrapulmonary tuberculosis","1"
"Lymphedema[SEP][CLS]urinary system disease","0"
"Retinoschisis[SEP][CLS]adult brain stem glioma","0"
"Central Nervous System Mature Teratoma[SEP][CLS]central nervous system teratoma","1"
"Gingival Disorder[SEP][CLS]skin squamous cell carcinoma","0"
"Intestinal Disorder[SEP][CLS]autoimmune disease of endocrine system","0"
"Vitreous Detachment[SEP][CLS]cholangitis","0"
"Cerebral Convexity Meningioma[SEP][CLS]supratentorial cancer","0"
"Childhood Cerebellar Neoplasm[SEP][CLS]cerebellum cancer","1"
"Ovarian Surface Papilloma[SEP][CLS]hematologic cancer","0"
"Osteopoikilosis[SEP][CLS]central nervous system disease","0"
"Intrahepatic Bile Duct Mucinous Cystic Neoplasm[SEP][CLS]angiosarcoma","0"
"Scirrhous Adenocarcinoma[SEP][CLS]adenocarcinoma","1"
"Uterine Corpus Leiomyosarcoma[SEP][CLS]orbit sarcoma","0"
"Amenorrhea[SEP][CLS]laryngeal benign neoplasm","0"
"Carcinoma ex Pleomorphic Adenoma[SEP][CLS]lung small cell carcinoma","0"
"Blastomycosis[SEP][CLS]rhabdoid meningioma","0"
"Ovarian Seromucinous Carcinoma[SEP][CLS]hepatoblastoma","0"
"Spongiotic Dermatitis[SEP][CLS]bladder clear cell adenocarcinoma","0"
"Antiphospholipid Syndrome[SEP][CLS]high grade ependymoma","0"
"Tracheal Calcification[SEP][CLS]lung adenocarcinoma","0"
"Bladder Enteric Type Adenocarcinoma[SEP][CLS]familial periodic paralysis","0"
"Chorioretinitis[SEP][CLS]thymoma type B","0"
"Complement Deficiency[SEP][CLS]intestinal benign neoplasm","0"
"Ovarian Malignant Mesothelioma[SEP][CLS]ovarian benign neoplasm","0"
"Telangiectatic Glomangioma[SEP][CLS]periodontal disease","0"
"Spinal Muscular Atrophy of Childhood[SEP][CLS]keratoacanthoma","0"
"Erdheim-Chester Disease[SEP][CLS]pericardial effusion","0"
"Remnant Hyperlipidemia[SEP][CLS]impulse control disorder","0"
"Malignant Dermal Neoplasm[SEP][CLS]rhabdomyosarcoma","0"
"Vaginal Villous Adenoma[SEP][CLS]vestibular gland benign neoplasm","0"
"Dermoid Cyst[SEP][CLS]testicular yolk sac tumor","0"
"Cranial Nerve Palsy[SEP][CLS]pneumoconiosis","0"
"T-Cell Large Granular Lymphocyte Leukemia[SEP][CLS]bladder squamous cell carcinoma","0"
"Mixed Phenotype Acute Leukemia with BCR-ABL1 Fusion[SEP][CLS]pancreas disease","0"
"Pleomorphic Lipoma[SEP][CLS]cranial nerve III tumor","0"
"HIV Infection[SEP][CLS]viral infectious disease","1"
"Hemoglobinopathy[SEP][CLS]Joubert syndrome","0"
"Intraocular Pressure Decreased[SEP][CLS]eye disease","1"
"Nerve Plexus Neoplasm[SEP][CLS]peripheral nervous system neoplasm","1"
"Oligospermia[SEP][CLS]retinal vascular disease","0"
"Retinal Tear[SEP][CLS]clivus chordoma","0"
"Paralytic Ileus[SEP][CLS]atrophic glossitis","0"
"Sclerosteosis[SEP][CLS]ovarian cystadenocarcinoma","0"
"High Grade Astrocytoma with Piloid Features[SEP][CLS]paranasal sinus cancer","0"
"Acute Cholangitis[SEP][CLS]vulva squamous cell carcinoma","0"
"Colon Kaposi Sarcoma[SEP][CLS]ovary adenocarcinoma","0"
"Erectile Dysfunction[SEP][CLS]osteochondrodysplasia","0"
"Gnathostomiasis[SEP][CLS]disease by infectious agent","0"
"Macrocytic Anemia[SEP][CLS]thymoma","0"
"Mucolipidosis[SEP][CLS]pulmonary blastoma","0"
"Keratoacanthoma[SEP][CLS]syndrome","0"
"Anuria[SEP][CLS]angiomyoma","0"
"Pemphigus Vulgaris[SEP][CLS]chronic meningitis","0"
"Erythromelalgia[SEP][CLS]nutritional deficiency disease","0"
"Thyroid Gland Hyalinizing Trabecular Tumor[SEP][CLS]psychotic disorder","0"
"Breast Adenoid Cystic Carcinoma[SEP][CLS]benign giant cell tumor","0"
"Pelvic Lipomatosis[SEP][CLS]non-Langerhans-cell histiocytosis","0"
"Hepatosplenic T-Cell Lymphoma[SEP][CLS]mature T-cell and NK-cell lymphoma","1"
"Adult Epithelioid Sarcoma[SEP][CLS]congenital nervous system abnormality","0"
"Obsessive Compulsive Disorder[SEP][CLS]autoimmune disease","0"
"Pyloric Stenosis[SEP][CLS]personality disorder","0"
"Cranial Nerve Disorder[SEP][CLS]primary bacterial infectious disease","0"
"Pyothorax[SEP][CLS]lung squamous cell carcinoma","0"
"Thymoma Type B[SEP][CLS]intestinal cancer","0"
"Vasculitis[SEP][CLS]pituitary gland disease","0"
"Splenic Disorder[SEP][CLS]lymphatic system disease","1"
"Glaucoma[SEP][CLS]ovarian carcinoma","0"
"Endometrial Endometrioid Adenocarcinoma with Spindled Epithelial Cells[SEP][CLS]heart conduction disease","0"
"Capillary Leak Syndrome[SEP][CLS]capillary disease","1"
"Childhood Cerebral Astrocytoma[SEP][CLS]intestinal disease","0"
"Pancreatic Neuroendocrine Carcinoma[SEP][CLS]coronary artery disease","0"
"Proctitis[SEP][CLS]cervical squamous cell carcinoma","0"
"Microcystic Meningioma[SEP][CLS]meningioma","1"
"Tinea Versicolor[SEP][CLS]superficial mycosis","1"
"Bacillary Angiomatosis[SEP][CLS]bartonellosis","1"
"Polycythemia[SEP][CLS]bone marrow disease","1"
"Chordoma[SEP][CLS]glomerulonephritis","0"
"Intermittent Explosive Disorder[SEP][CLS]acute conjunctivitis","0"
"Interstitial Cystitis[SEP][CLS]female reproductive system disease","0"
"Orbit Alveolar Rhabdomyosarcoma[SEP][CLS]parathyroid gland disease","0"
"Epiglottis Neoplasm[SEP][CLS]multiple myeloma","0"
"Q Fever[SEP][CLS]metal metabolism disorder","0"
"Methemoglobinemia[SEP][CLS]motor neuron disease","0"
"Hypertension[SEP][CLS]fibrosarcoma","0"
"Venous Hemangioma[SEP][CLS]hemangioma","1"
"Fibroosseous Pseudotumor of Digits[SEP][CLS]myocardial infarction","0"
"Metabolic Syndrome[SEP][CLS]bladder benign neoplasm","0"
"Retinitis Pigmentosa[SEP][CLS]retinal degeneration","1"
"Diffuse Cutaneous Mastocytosis[SEP][CLS]melanoma","0"
"Pancreatic Serous Neoplasm[SEP][CLS]Ewing sarcoma of bone","0"
"Granulomatous Arteritis[SEP][CLS]vasculitis","1"
"Bile Duct Mucinous Cystic Neoplasm with an Associated Invasive Carcinoma[SEP][CLS]breast hemangioma","0"
"Liver Angiomyolipoma[SEP][CLS]syndrome","0"
"Gerstmann-Straussler-Scheinker Disease[SEP][CLS]lymphatic system disease","0"
"Gastrointestinal Stromal Tumor[SEP][CLS]lymphoma","0"
"Glomangiomatosis[SEP][CLS]vulvar benign neoplasm","0"
"Malignant Melanotic Peripheral Nerve Sheath Tumor[SEP][CLS]viral infectious disease","0"
"Papillary Tumor of the Pineal Region[SEP][CLS]lymphatic system cancer","0"
"45,X/46,XY Mixed Gonadal Dysgenesis[SEP][CLS]leukocyte disease","0"
"Ileal Neoplasm[SEP][CLS]small intestine benign neoplasm","1"
"Adult Cerebellar Neoplasm[SEP][CLS]breast sarcoma","0"
"Herpetic Gastritis[SEP][CLS]herpes simplex","0"
"Bladder Urothelial Carcinoma In Situ[SEP][CLS]carcinoma","0"
"Azoospermia[SEP][CLS]male infertility","1"
"Diabetic Autonomic Neuropathy[SEP][CLS]autonomic neuropathy","1"
"Malignant Supraglottis Neoplasm[SEP][CLS]malignant astrocytoma","0"
"Mucoepidermoid Carcinoma[SEP][CLS]hypogonadotropic hypogonadism","0"
"Polydactyly[SEP][CLS]acute myeloid leukemia","0"
"Chronic Granulomatous Disease[SEP][CLS]autoimmune disease of endocrine system","0"
"Childhood Visual Pathway Astrocytoma[SEP][CLS]breast squamous cell carcinoma","0"
"Ear Disorder[SEP][CLS]sensory system disease","1"
"Central Nervous System Tumor with BCOR Internal Tandem Duplication[SEP][CLS]central nervous system embryonal tumor","1"
"Vulvar Leiomyosarcoma[SEP][CLS]vulvar sarcoma","1"
"Cervical Disc Degenerative Disorder[SEP][CLS]chronic lymphocytic leukemia","0"
"Testicular Infarction[SEP][CLS]liposarcoma","0"
"Papillary Conjunctivitis[SEP][CLS]testicular disease","0"
"Neuropathy[SEP][CLS]central nervous system melanocytic neoplasm","0"
"Meckel Diverticulum[SEP][CLS]cholestasis","0"
"Cole-Carpenter Syndrome[SEP][CLS]osteogenesis imperfecta","1"
"Uremic Neuropathy[SEP][CLS]testicular yolk sac tumor","0"
"Bile Duct Mucinous Cystic Neoplasm with an Associated Invasive Carcinoma[SEP][CLS]skin disease","0"
"Eclampsia[SEP][CLS]hemangiopericytoma","0"
"Paranoid Personality Disorder[SEP][CLS]lung disease","0"
"Erythroleukemia[SEP][CLS]skull base cancer","0"
"Lipoma-Like Atypical Lipomatous Tumor/Well Differentiated Liposarcoma[SEP][CLS]embryonal rhabdomyosarcoma","0"
"Adult Central Nervous System Teratoma[SEP][CLS]extraskeletal myxoid chondrosarcoma","0"
"Breast Apocrine Adenosis[SEP][CLS]cranial nerve malignant neoplasm","0"
"Somatoform Disorder[SEP][CLS]viral infectious disease","0"
"Pedophilia[SEP][CLS]bone osteosarcoma","0"
"Adult Lymphoma[SEP][CLS]hypopharynx cancer","0"
"Meningeal Melanocytoma[SEP][CLS]acute myeloid leukemia","0"
"Connective Tissue Disorder[SEP][CLS]leiomyoma","0"
"Facioscapulohumeral Muscular Dystrophy[SEP][CLS]low grade glioma","0"
"Suprasellar Meningioma[SEP][CLS]salivary gland disease","0"
"Gastroparesis[SEP][CLS]uterine cancer","0"
"Skin Undifferentiated Pleomorphic Sarcoma[SEP][CLS]specific developmental disorder","0"
"Hereditary Spastic Paraplegia[SEP][CLS]chromosomal deletion syndrome","0"
"Myasthenia Gravis[SEP][CLS]aplastic anemia","0"
"Pneumoconiosis[SEP][CLS]central nervous system benign neoplasm","0"
"Prostatic Urethral Malignant Neoplasm[SEP][CLS]liver benign neoplasm","0"
"Fallopian Tube Teratoma[SEP][CLS]testicular disease","0"
"Childhood Lymphoma[SEP][CLS]urethra squamous cell carcinoma","0"
"Paraphimosis[SEP][CLS]viral infectious disease","0"
"Testicular Non-Seminomatous Germ Cell Tumor[SEP][CLS]retinal artery occlusion","0"
"Acatalasemia[SEP][CLS]anal squamous cell carcinoma","0"
"Neuroaxonal Dystrophy[SEP][CLS]cerebral degeneration","1"
"Skin Leiomyoma[SEP][CLS]sex cord-stromal benign neoplasm","0"
"Medullomyoblastoma[SEP][CLS]complex regional pain syndrome","0"
"Non-Neoplastic Urinary System Disorder[SEP][CLS]primary systemic mycosis","0"
"Hydranencephaly[SEP][CLS]parasitic helminthiasis infectious disease","0"
"Intrahepatic Cholangiocarcinoma[SEP][CLS]aplastic anemia","0"
"Malignant Type A Thymoma[SEP][CLS]thyroid gland disease","0"
"Lung Non-Small Cell Carcinoma[SEP][CLS]jaw cancer","0"
"Frontal Sinus Neoplasm[SEP][CLS]sweat gland disease","0"
"Malignant Small Intestinal Neoplasm[SEP][CLS]central nervous system disease","0"
"Nontoxic Goiter[SEP][CLS]rhabdomyosarcoma","0"
"Adult Brain Stem Mixed Glioma[SEP][CLS]vulva carcinoma","0"
"Granuloma Inguinale[SEP][CLS]cerebral hemisphere lipoma","0"
"Diffuse Cutaneous Systemic Sclerosis[SEP][CLS]fundus dystrophy","0"
"Axonal Neuropathy[SEP][CLS]cranial nerve malignant neoplasm","0"
"Gallbladder Signet Ring Cell Carcinoma[SEP][CLS]phobic disorder","0"
"Solid/Trabecular Variant Thyroid Gland Papillary Carcinoma[SEP][CLS]lacrimal gland cancer","0"
"Phosphorus Metabolic Disorder[SEP][CLS]Bartholin's gland carcinoma","0"
"Hypochondriasis[SEP][CLS]somatoform disorder","1"
"Degenerative Disorder[SEP][CLS]psychosexual disorder","0"
"Non-Invasive Urothelial Neoplasm[SEP][CLS]adenocarcinoma","0"
"Adult Central Nervous System Teratoma[SEP][CLS]opiate dependence","0"
"Kidney Hemangiopericytoma[SEP][CLS]adrenal gland cancer","0"
"Adenocarcinoma[SEP][CLS]peptic ulcer disease","0"
"Proliferative Fasciitis[SEP][CLS]congenital hemolytic anemia","0"
"Accessory Nerve Neoplasm[SEP][CLS]smooth muscle cancer","0"
"Spongiotic Dermatitis[SEP][CLS]peripheral nervous system disease","0"
"Horner Syndrome[SEP][CLS]autonomic neuropathy","1"
"Neurodermatitis[SEP][CLS]breast adenoma","0"
"Myoepithelial Tumor[SEP][CLS]sweat gland benign neoplasm","1"
"Mikulicz Disease[SEP][CLS]acute myeloid leukemia","0"
"Subglottic Verrucous Carcinoma[SEP][CLS]parasitic helminthiasis infectious disease","0"
"Vitamin B1 Deficiency[SEP][CLS]malignant ovarian germ cell neoplasm","0"
"Choriocarcinoma[SEP][CLS]brain cancer","0"
"Uterine Corpus Epithelioid Leiomyosarcoma[SEP][CLS]adenocarcinoma","0"
"Malignant Tenosynovial Giant Cell Tumor[SEP][CLS]syndrome","0"
"Bladder Hepatoid Adenocarcinoma[SEP][CLS]central nervous system disease","0"
"Helminthiasis[SEP][CLS]breast duct papilloma","0"
"Eosinophilic Gastroenteritis[SEP][CLS]ovarian cancer","0"
"Clear Cell Chondrosarcoma[SEP][CLS]vulvar sarcoma","0"
"Vulvar Basaloid Carcinoma[SEP][CLS]disease","0"
"Iritis[SEP][CLS]epilepsy","0"
"Uveitis[SEP][CLS]T-cell acute lymphoblastic leukemia","0"
"Inflammatory Leiomyosarcoma[SEP][CLS]immune system disease","0"
"Superficial Multifocal Basal Cell Carcinoma[SEP][CLS]Epstein-Barr virus infectious disease","0"
"Metabolic Syndrome[SEP][CLS]malignant pineal area germ cell neoplasm","0"
"Anthracosilicosis[SEP][CLS]thalassemia","0"
"Ophthalmoplegia[SEP][CLS]endometrial adenocarcinoma","0"
"Testicular Choriocarcinoma[SEP][CLS]esophageal cancer","0"
"Vulvar Leiomyosarcoma[SEP][CLS]bladder carcinoma","0"
"Breast Myoepithelial Tumor[SEP][CLS]thyroiditis","0"
"Acute Cervicitis[SEP][CLS]parachordoma","0"
"Fuchs Endothelial Dystrophy[SEP][CLS]corneal endothelial dystrophy","1"
"Hypoglycemic Coma[SEP][CLS]cystadenofibroma","0"
"Hemochromatosis[SEP][CLS]pancreatic cystadenocarcinoma","0"
"Acantholytic Acanthoma[SEP][CLS]lipomatosis","0"
"Sclerosteosis[SEP][CLS]cholecystitis","0"
"Secondary Polycythemia[SEP][CLS]fibrosarcoma","0"
"Peripheral Sensory Neuropathy[SEP][CLS]pilocytic astrocytoma","0"
"Cutaneous Granular Cell Tumor[SEP][CLS]personality disorder","0"
"Cushing Disease[SEP][CLS]pilocytic astrocytoma","0"
"Thymoma Type B1[SEP][CLS]glucose metabolism disease","0"
"Squamous Papillomatosis[SEP][CLS]gastrointestinal system benign neoplasm","1"
"Mixed Liposarcoma[SEP][CLS]complement deficiency","0"
"Clear Cell Meningioma[SEP][CLS]islet cell tumor","0"
"Plantar Verrucous Carcinoma[SEP][CLS]central nervous system benign neoplasm","0"
"Ataxia Telangiectasia Syndrome[SEP][CLS]carcinoma","0"
"Pseudobulbar Palsy[SEP][CLS]personality disorder","0"
"Granulomatous Gastritis[SEP][CLS]panuveitis","0"
"Conus Medullaris Neoplasm[SEP][CLS]fundus dystrophy","0"
"Hemolytic Disease of the Newborn[SEP][CLS]microcytic anemia","1"
"Uterine Corpus Apoplectic Leiomyoma[SEP][CLS]nervous system disease","0"
"Alagille Syndrome[SEP][CLS]cerebral arterial disease","0"
"Acromegaly[SEP][CLS]amino acid metabolic disorder","0"
"Hepatobiliary Disorder[SEP][CLS]bullous skin disease","0"
"Anaplastic Pleomorphic Xanthoastrocytoma[SEP][CLS]multiple system atrophy","0"
"Renal Pelvis Neoplasm[SEP][CLS]kidney benign neoplasm","1"
"Bladder Hepatoid Adenocarcinoma[SEP][CLS]pancreatic ductal adenocarcinoma","0"
"Testicular Yolk Sac Tumor, Glandular-Alveolar Pattern[SEP][CLS]pancreatic adenocarcinoma","0"
"Adult Mesenchymal Chondrosarcoma[SEP][CLS]mature teratoma of the ovary","0"
"Malignant Pyriform Fossa Neoplasm[SEP][CLS]hypopharynx cancer","1"
"Bacterial Infection[SEP][CLS]male reproductive organ benign neoplasm","0"
"Mixed Phenotype Acute Leukemia with BCR-ABL1 Fusion[SEP][CLS]acute biphenotypic leukemia","1"
"Mastocytoma[SEP][CLS]opportunistic mycosis","0"
"Tetralogy of Fallot[SEP][CLS]follicular adenoma","0"
"Epidermolytic Acanthoma[SEP][CLS]epithelioid sarcoma","0"
"Sanfilippo Syndrome[SEP][CLS]parasitic helminthiasis infectious disease","0"
"Hemangioblastoma[SEP][CLS]meningioma","0"
"Marshall Syndrome[SEP][CLS]lung squamous cell carcinoma","0"
"Ductal Eccrine Adenocarcinoma[SEP][CLS]vulva carcinoma","0"
"Tylosis[SEP][CLS]liposarcoma","0"
"Breast Granular Cell Tumor[SEP][CLS]breast adenocarcinoma","0"
"Gastric Leiomyosarcoma[SEP][CLS]testis seminoma","0"
"Duodenal Obstruction[SEP][CLS]acute lymphoblastic leukemia","0"
"Syringomyelia[SEP][CLS]rhabdoid cancer","0"
"Fucosidosis[SEP][CLS]diabetes mellitus","0"
"Orbital Granuloma[SEP][CLS]breast carcinoma","0"
"Testicular Yolk Sac Tumor, Hepatoid Pattern[SEP][CLS]testicular yolk sac tumor","1"
"Galloway-Mowat Syndrome[SEP][CLS]adenofibroma","0"
"Acute Myeloid Leukemia with t(6;9)(p22.3;q34.1); DEK-NUP214[SEP][CLS]sarcoma","0"
"Thyrotroph Pituitary Neuroendocrine Tumor[SEP][CLS]esophagitis","0"
"Adult Brain Stem Glioma[SEP][CLS]pemphigoid","0"
"Gallbladder Small Cell Neuroendocrine Carcinoma[SEP][CLS]paranasal sinus cancer","0"
"Nervous System Disorder[SEP][CLS]disease of anatomical entity","1"
"Combined Lung Small Cell Carcinoma[SEP][CLS]breast benign neoplasm","0"
"Gout[SEP][CLS]arthritis","1"
"Liver Sarcoma[SEP][CLS]central nervous system embryonal tumor","0"
"Melanotic Neuroectodermal Tumor[SEP][CLS]anemia","0"
"Lymph Node Disorder[SEP][CLS]lymphatic system disease","1"
"Cogan-Reese Syndrome[SEP][CLS]laryngeal disease","0"
"Bizarre Leiomyoma[SEP][CLS]leiomyoma","1"
"Indolent Multiple Myeloma[SEP][CLS]cervix disease","0"
"Ganglioneuroblastoma[SEP][CLS]vasculitis","0"
"Communication Disorder[SEP][CLS]myocardial infarction","0"
"Intracerebral Cystic Meningioma[SEP][CLS]liver carcinoma","0"
"Liver Rhabdomyosarcoma[SEP][CLS]bone inflammation disease","0"
"Solitary Breast Cyst[SEP][CLS]microscopic colitis","0"
"Inclusion Body Myositis[SEP][CLS]eye disease","0"
"Childhood Visual Pathway Glioma[SEP][CLS]fetishism","0"
"Myeloproliferative Neoplasm[SEP][CLS]cervical cancer","0"
"Osteomalacia[SEP][CLS]skin papilloma","0"
"Visual Cortex Disorder[SEP][CLS]gastrointestinal system benign neoplasm","0"
"Portal Hypertension[SEP][CLS]chronic lymphocytic leukemia/small lymphocytic lymphoma","0"
"Extraskeletal Ewing Sarcoma/Peripheral Primitive Neuroectodermal Tumor[SEP][CLS]Epstein-Barr virus infectious disease","0"
"Cavernous Hemangioma of the Face[SEP][CLS]female reproductive system disease","0"
"Buruli Ulcer[SEP][CLS]connective tissue benign neoplasm","0"
"Prostate Stromal Sarcoma[SEP][CLS]mixed type thymoma","0"
"Tracheal Stenosis[SEP][CLS]autoimmune disease of cardiovascular system","0"
"Malignant Dermal Neoplasm[SEP][CLS]lung disease","0"
"Malignant Essential Hypertension[SEP][CLS]essential hypertension","1"
"Plasmablastic Lymphoma[SEP][CLS]leukocyte disease","0"
"Tenosynovial Giant Cell Tumor, Diffuse Type[SEP][CLS]synovitis","1"
"Tooth Sensitivity[SEP][CLS]teeth hard tissue disease","1"
"Invasive Bladder Sarcomatoid Urothelial Carcinoma[SEP][CLS]cervicitis","0"
"Parietal Lobe Neoplasm[SEP][CLS]glomerulonephritis","0"
"Caroli Disease[SEP][CLS]gallbladder carcinoma","0"
"Pulmonary Valve Disorder[SEP][CLS]lacrimal gland cancer","0"
"Bladder Disorder[SEP][CLS]pineal region teratoma","0"
"Anxiety Disorder[SEP][CLS]paranasal sinus benign neoplasm","0"
"Childhood Intracranial Meningioma[SEP][CLS]laryngeal benign neoplasm","0"
"Buruli Ulcer[SEP][CLS]chronic conjunctivitis","0"
"Monophasic Synovial Sarcoma[SEP][CLS]auditory system disease","0"
"Exanthem[SEP][CLS]benign vaginal carcinosarcoma","0"
"Columnar Cell Variant Thyroid Gland Papillary Carcinoma[SEP][CLS]nodular ganglioneuroblastoma","0"
"Papillary Conjunctivitis[SEP][CLS]apocrine sweat gland neoplasm","0"
"Ainhum[SEP][CLS]thymic carcinoma","0"
"Pancreatic Mucinous-Cystic Neoplasm with an Associated Invasive Carcinoma[SEP][CLS]cervical adenocarcinoma","0"
"Apocrine Adenoma[SEP][CLS]apocrine sweat gland neoplasm","1"
"Ovarian Teratoma[SEP][CLS]ovarian germ cell cancer","1"
"Retinoschisis[SEP][CLS]dermis tumor","0"
"Alcoholic Cardiomyopathy[SEP][CLS]extrinsic cardiomyopathy","1"
"Malignant Sublingual Gland Neoplasm[SEP][CLS]intrinsic cardiomyopathy","0"
"Pancreatic Signet Ring Cell Carcinoma[SEP][CLS]open-angle glaucoma","0"
"Endometrial Endometrioid Adenocarcinoma, Secretory Variant[SEP][CLS]breast benign neoplasm","0"
"Delusional Disorder[SEP][CLS]breast disease","0"
"Testicular Mixed Germ Cell Tumor[SEP][CLS]congenital hemolytic anemia","0"
"Familial Periodic Paralysis[SEP][CLS]primary bacterial infectious disease","0"
"Subungual Glomus Tumor[SEP][CLS]kidney benign neoplasm","0"
"Tolosa-Hunt Syndrome[SEP][CLS]ocular motility disease","1"
"Uterine Disorder[SEP][CLS]pemphigoid","0"
"Extrahepatic Bile Duct Clear Cell Adenocarcinoma[SEP][CLS]meningioma","0"
"Adult Central Nervous System Mixed Germ Cell Tumor[SEP][CLS]cauda equina neoplasm","0"
"Protoplasmic Astrocytoma[SEP][CLS]breast sarcoma","0"
"Lung Clear Cell Tumor[SEP][CLS]lung benign neoplasm","1"
"Hallucinogen Dependence[SEP][CLS]beta thalassemia","0"
"Anthrax[SEP][CLS]breast duct papilloma","0"
"Adult Brain Ependymoma[SEP][CLS]pre-eclampsia","0"
"Echinococcosis[SEP][CLS]encephalitis","0"
"Echinococcosis[SEP][CLS]skin benign neoplasm","0"
"Language Disorder[SEP][CLS]epidermolysis bullosa","0"
"Myeloid/Lymphoid Neoplasms with Eosinophilia and Tyrosine Kinase Gene Fusions[SEP][CLS]extrinsic allergic alveolitis","0"
"Childhood Supratentorial Ependymoma, Not Otherwise Specified[SEP][CLS]bladder adenocarcinoma","0"
"Cervical Adenosarcoma[SEP][CLS]anaplastic oligodendroglioma","0"
"Pituitary Dwarfism[SEP][CLS]sphingolipidosis","0"
"Epiglottis Neoplasm[SEP][CLS]supraglottis neoplasm","1"
"Testicular Leukemia[SEP][CLS]open-angle glaucoma","0"
"Intermediate Uveitis[SEP][CLS]muscle tissue disease","0"
"GM1 Gangliosidosis[SEP][CLS]hemangiopericytic tumor","0"
"Malignant Essential Hypertension[SEP][CLS]ureter transitional cell carcinoma","0"
"Mature Gastric Teratoma[SEP][CLS]anxiety disorder","0"
"Balantidiasis[SEP][CLS]pituitary gland disease","0"
"Lewy Body Dementia[SEP][CLS]lacrimal apparatus disease","0"
"Krukenberg Tumor[SEP][CLS]tongue disease","0"
"Supratentorial Ependymoma YAP1 Fusion-Positive[SEP][CLS]thalassemia","0"
"Thymic Lymphoepithelial Carcinoma[SEP][CLS]carcinoma","0"
"Tolosa-Hunt Syndrome[SEP][CLS]uterine fibroid","0"
"Cranial Nerve Disorder[SEP][CLS]glucose metabolism disease","0"
"Cerebellopontine Angle Embryonal Tumor, Not Otherwise Specified[SEP][CLS]mucinous cystadenocarcinoma of pancreas","0"
"Cranial Nerve IV Palsy[SEP][CLS]sella turcica neoplasm","0"
"Tay-Sachs Disease[SEP][CLS]penis squamous cell carcinoma","0"
"Glomangiomatosis[SEP][CLS]peroxisomal disease","0"
"Lens Disorder[SEP][CLS]testicular malignant germ cell cancer","0"
"Testicular Mixed Germ Cell Tumor[SEP][CLS]meningioma","0"
"Childhood Pilocytic Astrocytoma[SEP][CLS]adenoma","0"
"Endometrial Mixed Cell Adenocarcinoma[SEP][CLS]endometrial adenocarcinoma","1"
"Prostate Rhabdomyosarcoma[SEP][CLS]stomach cancer","0"
"Malignant Testicular Sex Cord-Stromal Tumor[SEP][CLS]laryngeal benign neoplasm","0"
"Malignant Neoplasm of Lower Jaw Bone[SEP][CLS]thrombocytopenia","0"
"Ductal Eccrine Adenocarcinoma[SEP][CLS]pituitary gland disease","0"
"Barrett Esophagus[SEP][CLS]lung benign neoplasm","0"
"Morbid Obesity[SEP][CLS]Guillain-Barre syndrome","0"
"Myxoid Liposarcoma[SEP][CLS]bilateral breast cancer","0"
"Childhood Meningeal Melanoma[SEP][CLS]glossopharyngeal nerve disease","0"
"Chronic Suppurative Otitis Media[SEP][CLS]suppurative otitis media","1"
"Osteopetrosis[SEP][CLS]coronary artery disease","0"
"Intracranial Abscess[SEP][CLS]cognitive disorder","0"
"Persistent Hyperplastic Primary Vitreous[SEP][CLS]breast benign neoplasm","0"
"Breast Fibrosarcoma[SEP][CLS]breast sarcoma","1"
"Collecting Duct Carcinoma[SEP][CLS]testicular disease","0"
"Essential Hypertension[SEP][CLS]anxiety disorder","0"
"X-Linked Centronuclear Myopathy[SEP][CLS]centronuclear myopathy","1"
"Signet Ring Cell Intrahepatic Cholangiocarcinoma[SEP][CLS]intrahepatic cholangiocarcinoma","1"
"Cervical Leukoplakia[SEP][CLS]eye disease","0"
"Lymphoid Leukemia[SEP][CLS]carcinoma","0"
"Pulmonary Valvular Insufficiency[SEP][CLS]breast benign neoplasm","0"
"Posterolateral Myocardial Infarction by ECG Finding[SEP][CLS]nose disease","0"
"Bile Duct Mucinous Cystic Neoplasm with an Associated Invasive Carcinoma[SEP][CLS]appendix adenocarcinoma","0"
"Mitral Valve Disorder[SEP][CLS]intestinal disease","0"
"Pilar Sheath Acanthoma[SEP][CLS]testicular yolk sac tumor","0"
"Synovitis[SEP][CLS]connective tissue disease","1"
"Amyotrophic Lateral Sclerosis[SEP][CLS]parasitic helminthiasis infectious disease","0"
"Hypopyon[SEP][CLS]follicular adenoma","0"
"Rete Ovarii Neoplasm[SEP][CLS]female reproductive organ benign neoplasm","1"
"Rickets[SEP][CLS]inner ear cancer","0"
"Myositis Ossificans[SEP][CLS]integumentary system disease","0"
"Granuloma Annulare[SEP][CLS]biliary tract disease","0"
"Hypospadias[SEP][CLS]nephroblastoma","0"
"Rectal Sarcomatoid Carcinoma[SEP][CLS]lymphadenitis","0"
"Esophageal Leukoplakia[SEP][CLS]disease by infectious agent","0"
"Penile Paget Disease[SEP][CLS]biliary papillomatosis","0"
"Brenner Tumor[SEP][CLS]benign ependymoma","0"
"Peptic Ulcer[SEP][CLS]glossopharyngeal nerve disease","0"
"Ankylosis[SEP][CLS]lipomatosis","0"
"Ectopic Thymus[SEP][CLS]upper respiratory tract disease","0"
"Mature Gastric Teratoma[SEP][CLS]hypersensitivity reaction type III disease","0"
"Chronic Leukemia[SEP][CLS]leukemia","1"
"Annular Pancreas[SEP][CLS]cystitis","0"
"Oral Cavity Hairy Leukoplakia[SEP][CLS]pulmonary artery disease","0"
"Secondary Hyperparathyroidism[SEP][CLS]ovarian carcinoma","0"
"Multinodular and Vacuolated Neuronal Tumor[SEP][CLS]central nervous system disease","0"
"Malignant Testicular Non-Seminomatous Germ Cell Tumor[SEP][CLS]female reproductive system disease","0"
"Rectal Neoplasm[SEP][CLS]multiple myeloma","0"
"Mastitis[SEP][CLS]mesenchymal chondrosarcoma","0"
"Adult Central Nervous System Germ Cell Tumor[SEP][CLS]syphilis","0"
"Benign Essential Hypertension[SEP][CLS]oligodendroglioma","0"
"Colon Leiomyosarcoma[SEP][CLS]cognitive disorder","0"
"Melanoma[SEP][CLS]breast fibrocystic disease","0"
"Intracranial Aneurysm[SEP][CLS]prostatic urethral cancer","0"
"Diffuse Hemispheric Glioma, H3 G34-Mutant[SEP][CLS]viral infectious disease","0"
"Homocystinuria[SEP][CLS]organic acidemia","0"
"Hypoglossal Nerve Disorder[SEP][CLS]glossopharyngeal nerve disease","1"
"Arrhythmogenic Right Ventricular Dysplasia[SEP][CLS]cervix carcinoma","0"
"Bilateral Retinoblastoma[SEP][CLS]high grade glioma","0"
"Cervical Adenofibroma[SEP][CLS]GM2 gangliosidosis","0"
"Uterine Ligament Serous Adenocarcinoma[SEP][CLS]hormone producing pituitary cancer","0"
"Eosinophilic Gastritis[SEP][CLS]gastritis","1"
"Inverted Papilloma[SEP][CLS]sweat gland cancer","0"
"Tactile Epilepsy[SEP][CLS]smallpox","0"
"Diphyllobothriasis[SEP][CLS]connective tissue cancer","0"
"Amblyopia[SEP][CLS]communication disorder","0"
"Actinic Keratosis[SEP][CLS]sweat gland cancer","0"
"Oligodendroglioma[SEP][CLS]syndrome","0"
"Neuroaxonal Dystrophy[SEP][CLS]gastritis","0"
"Adult Testicular Granulosa Cell Tumor[SEP][CLS]ethmoidal sinus benign neoplasm","0"
"Cranial Nerve Palsy[SEP][CLS]upper respiratory tract disease","0"
"Vulvar Squamous Neoplasm[SEP][CLS]sweat gland benign neoplasm","0"
"Posterior Urethral Malignant Neoplasm[SEP][CLS]breast metaplastic carcinoma","0"
"Encephalitis[SEP][CLS]malignant astrocytoma","0"
"Maxillary Sinus Neoplasm[SEP][CLS]benign giant cell tumor","0"
"Endometriosis[SEP][CLS]spinal cancer","0"
"Primary Cutaneous T-Cell Non-Hodgkin Lymphoma[SEP][CLS]peripheral T-cell lymphoma","1"
"Aortic Valve Stenosis[SEP][CLS]pituitary adenoma","0"
"Vasomotor Rhinitis[SEP][CLS]cataract","0"
"Ileal Neoplasm[SEP][CLS]B-cell acute lymphoblastic leukemia","0"
"Extrahepatic Bile Duct Adenoma[SEP][CLS]small intestine benign neoplasm","0"
"Lymphomatoid Granulomatosis[SEP][CLS]malignant mediastinal neurogenic neoplasm","0"
"Malignant Apocrine Neoplasm[SEP][CLS]Epstein-Barr virus infectious disease","0"
"Brown-Sequard Syndrome[SEP][CLS]proteinuria","0"
"Extrahepatic Bile Duct Adenoma[SEP][CLS]testicular yolk sac tumor","0"
"Mood Disorder[SEP][CLS]aleukemic leukemia cutis","0"
"Heart Disorder[SEP][CLS]benign mesothelioma","0"
"Maffucci Syndrome[SEP][CLS]syndrome","1"
"Demyelinating Disorder[SEP][CLS]Usher syndrome","0"
"Myxedema[SEP][CLS]spinal canal and spinal cord meningioma","0"
"Thyroid Storm[SEP][CLS]glossopharyngeal nerve disease","0"
"Brain Liposarcoma[SEP][CLS]polycythemia","0"
"Myoclonic Epilepsy Associated with Ragged-Red Fibers[SEP][CLS]pituitary gland disease","0"
"Lung Lymphangioleiomyomatosis[SEP][CLS]bone sarcoma","0"
"Nesidioblastosis[SEP][CLS]pancreatic carcinoma","0"
"Anuria[SEP][CLS]impulse control disorder","0"
"Metastatic Lactotroph Pituitary Neuroendocrine Tumor[SEP][CLS]supraglottis neoplasm","0"
"Ureter Urothelial Papilloma[SEP][CLS]brain glioma","0"
"Juvenile Breast Papillomatosis[SEP][CLS]disseminated intravascular coagulation","0"
"Ossifying Fibromyxoid Tumor[SEP][CLS]liver benign neoplasm","0"
"Desbuquois Dysplasia[SEP][CLS]tracheal disease","0"
"Spindle Cell Oncocytoma[SEP][CLS]ovary epithelial cancer","0"
"Atypical Teratoid/Rhabdoid Tumor[SEP][CLS]skin sarcoma","0"
"Cervical Large Cell Neuroendocrine Carcinoma[SEP][CLS]hormone producing pituitary cancer","0"
"Pierre Robin Syndrome[SEP][CLS]eye disease","0"
"Pituitary Gland Infarction[SEP][CLS]ureteral disease","0"
"Adult Malignant Peripheral Nerve Sheath Tumor[SEP][CLS]acquired polycythemia","0"
"Hand Foot and Mouth Disease[SEP][CLS]carbohydrate metabolic disorder","0"
"Childhood Spinal Cord Neoplasm[SEP][CLS]myocarditis","0"
"Uveal Necrotic Melanoma[SEP][CLS]pleural disease","0"
"Spindle Cell Sarcoma[SEP][CLS]leukodystrophy","0"
"Adult Central Nervous System Germ Cell Tumor[SEP][CLS]meningioma","0"
"Diffuse Hemispheric Glioma, H3 G34-Mutant[SEP][CLS]integumentary system disease","0"
"Benign Teratoma[SEP][CLS]germ cell benign neoplasm","1"
"Bile Duct Disorder[SEP][CLS]ovarian germ cell monodermal and highly specialized teratoma","0"
"Double Outlet Right Ventricle[SEP][CLS]thyroid gland papillary carcinoma","0"
"Ovarian Endometrioid Cystadenofibroma[SEP][CLS]liver sarcoma","0"
"Epithelial Predominant Pulmonary Blastoma[SEP][CLS]nutritional deficiency disease","0"
"Persistent Hyperplastic Primary Vitreous[SEP][CLS]vitreous disease","1"
"Duodenal Somatostatin-Producing Neuroendocrine Tumor[SEP][CLS]duodenum cancer","1"
"Thrombotic Thrombocytopenic Purpura[SEP][CLS]islet cell tumor","0"
"Mastocytosis[SEP][CLS]leukocyte disease","1"
"Childhood Brain Stem Glioma[SEP][CLS]peripheral T-cell lymphoma","0"
"Plexopathy[SEP][CLS]syndrome","0"
"Ovarian Mucinous Adenocarcinofibroma[SEP][CLS]ovarian mucinous neoplasm","1"
"Subglottic Carcinoma[SEP][CLS]testicular cancer","0"
"Undifferentiated Pleomorphic Sarcoma with Osteoclast-Like Giant Cells[SEP][CLS]laryngeal benign neoplasm","0"
"Inverted Follicular Keratosis[SEP][CLS]visual pathway disease","0"
"Chondroid Chordoma[SEP][CLS]hemangiopericytoma","0"
"Carotid Artery Dissection[SEP][CLS]carotid artery disease","1"
"Skin Angiosarcoma[SEP][CLS]sleep disorder","0"
"Whipple Disease[SEP][CLS]acute porphyria","0"
"Chronic Lymphoproliferative Disorder of NK-Cells[SEP][CLS]acanthoma","0"
"Pedophilia[SEP][CLS]botryoid rhabdomyosarcoma","0"
"Chronic Lymphocytic Leukemia/Small Lymphocytic Lymphoma with Immunoglobulin Heavy Chain Variable-Region Gene Somatic Hypermutation[SEP][CLS]lung leiomyoma","0"
"Medulloblastoma, Non-WNT/Non-SHH, Group 4[SEP][CLS]cervix disease","0"
"Anthracosis[SEP][CLS]nodular ganglioneuroblastoma","0"
"Hyperuricemia[SEP][CLS]postgastrectomy syndrome","0"
"Autism[SEP][CLS]autism spectrum disorder","1"
"Primary Intraocular Non-Hodgkin Lymphoma[SEP][CLS]meningioma","0"
"Pancreatic Serous Cystadenoma[SEP][CLS]pancreatic cystadenoma","1"
"Subclavian Steal Syndrome[SEP][CLS]salivary gland cancer","0"
"Urethral Verrucous Carcinoma[SEP][CLS]rectum cancer","0"
"Bladder Disorder[SEP][CLS]ectodermal dysplasia","0"
"Ataxia Telangiectasia Syndrome[SEP][CLS]autosomal recessive cerebellar ataxia","1"
"Breast Ductal Adenoma[SEP][CLS]uterine disease","0"
"Toxic Shock Syndrome[SEP][CLS]commensal bacterial infectious disease","1"
"Glossitis[SEP][CLS]central nervous system teratoma","0"
"Small Intestinal L-Cell Glucagon-Like Peptide-Producing Neuroendocrine Tumor[SEP][CLS]cardiovascular system disease","0"
"Breast Sebaceous Carcinoma[SEP][CLS]corneal disease","0"
"Lung Mucous Gland Adenoma[SEP][CLS]primary bacterial infectious disease","0"
"Restrictive Cardiomyopathy[SEP][CLS]thrombophilia","0"
"Pleural Disorder[SEP][CLS]skin benign neoplasm","0"
"Acute Leukemia[SEP][CLS]pancreatic cystadenocarcinoma","0"
"Progressive Familial Intrahepatic Cholestasis[SEP][CLS]subependymal glioma","0"
"Gastroenteritis[SEP][CLS]skin benign neoplasm","0"
"Villous Adenocarcinoma[SEP][CLS]mature T-cell and NK-cell lymphoma","0"
"Clear Cell Adenoma[SEP][CLS]viral infectious disease","0"
"Oculopharyngeal Muscular Dystrophy[SEP][CLS]myxoid chondrosarcoma","0"
"Central Sleep Apnea[SEP][CLS]melanoma","0"
"Diffuse Sclerosing Variant Thyroid Gland Papillary Carcinoma[SEP][CLS]spinal muscular atrophy","0"
"Thymic Low Grade Papillary Adenocarcinoma[SEP][CLS]thymus adenocarcinoma","1"
"Clear Cell Chondrosarcoma[SEP][CLS]spinal cord disease","0"
"Brain Oligodendroglioma[SEP][CLS]aortic valve stenosis","0"
"Diabetic Retinopathy[SEP][CLS]functioning pituitary adenoma","0"
"Mucinous Tubular and Spindle Cell Carcinoma of the Kidney[SEP][CLS]gonadal dysgenesis","0"
"Esophageal Verrucous Carcinoma[SEP][CLS]choroid plexus cancer","0"
"Childhood Ovarian Immature Teratoma[SEP][CLS]perivascular tumor","0"
"Tooth and Nail Syndrome[SEP][CLS]laryngeal carcinoma","0"
"Pulmonary Interstitial Emphysema[SEP][CLS]germ cell and embryonal cancer","0"
"Rumination Disorder[SEP][CLS]psychotic disorder","0"
"Photokeratitis[SEP][CLS]keratitis","1"
"Leber Hereditary Optic Atrophy[SEP][CLS]pancreatic adenocarcinoma","0"
"Mixed Embryonal Carcinoma and Teratoma[SEP][CLS]ovarian germ cell cancer","0"
"Sly Syndrome[SEP][CLS]leiomyosarcoma","0"
"Necrotizing Ulcerative Gingivitis[SEP][CLS]microscopic colitis","0"
"Aplastic Anemia[SEP][CLS]impulse control disorder","0"
"Clubfoot[SEP][CLS]hyperostosis","0"
"Anaplastic Oligodendroglioma, IDH-Mutant and 1p/19q-Codeleted[SEP][CLS]colitis","0"
"AV Block Second Degree Mobitz Type II[SEP][CLS]mesenchymal cell neoplasm","0"
"Hemangiopericytoma[SEP][CLS]male reproductive organ cancer","0"
"Ovarian Yolk Sac Tumor, Hepatoid Pattern[SEP][CLS]medulloblastoma SHH activated","0"
"Pancreatic Cystadenocarcinoma[SEP][CLS]malignant melanocytic neoplasm of the peripheral nerve sheath","0"
"Variegate Porphyria[SEP][CLS]cervical mucinous adenocarcinoma","0"
"Somatotroph Pituitary Neuroendocrine Tumor[SEP][CLS]functioning pituitary adenoma","1"
"Malignant Uterine Corpus Mixed Epithelial and Mesenchymal Neoplasm[SEP][CLS]extraosseous Ewing sarcoma","0"
"Conventional Leiomyosarcoma[SEP][CLS]dermatophytosis","0"
"Chronic Atrophic Gastritis[SEP][CLS]malignant astrocytoma","0"
"Ovarian Papillary Cystadenoma[SEP][CLS]impulse control disorder","0"
"Nasopharyngitis[SEP][CLS]germ cell cancer","0"
"Fructose-1,6-Bisphosphatase Deficiency[SEP][CLS]leiomyosarcoma","0"
"Phosphorus Metabolic Disorder[SEP][CLS]malignant mediastinal neurogenic neoplasm","0"
"Generalized Atherosclerosis[SEP][CLS]breast benign neoplasm","0"
"Liver Leiomyoma[SEP][CLS]epilepsy","0"
"Childhood Pleomorphic Rhabdomyosarcoma[SEP][CLS]uterine benign neoplasm","0"
"Malignant Jejunal Neoplasm[SEP][CLS]chronic lymphocytic leukemia","0"
"Autism[SEP][CLS]syndrome","0"
"Mastocytosis[SEP][CLS]sex cord-gonadal stromal tumor","0"
"Hepatic Encephalopathy[SEP][CLS]sensory system disease","0"
"Intermittent Explosive Disorder[SEP][CLS]lung carcinoma","0"
"Fallopian Tube Serous Papilloma[SEP][CLS]fallopian tube benign neoplasm","1"
"Byssinosis[SEP][CLS]malignant leptomeningeal neoplasm","0"
"Meningeal Sarcomatosis[SEP][CLS]meninges sarcoma","1"
"Intratubular Non-Seminoma[SEP][CLS]B-lymphoblastic leukemia/lymphoma","0"
"Dyslexia[SEP][CLS]artery disease","0"
"B Lymphoblastic Leukemia/Lymphoma with Intrachromosomal Amplification of Chromosome 21[SEP][CLS]gonadal dysgenesis","0"
"Malignant Essential Hypertension[SEP][CLS]brain disease","0"
"Anhidrosis[SEP][CLS]disease by infectious agent","0"
"Spindle Cell Sarcoma[SEP][CLS]gastrointestinal system benign neoplasm","0"
"Synpolydactyly[SEP][CLS]lipoma","0"
"Clubfoot[SEP][CLS]salpingitis","0"
"Interdigitating Dendritic Cell Sarcoma[SEP][CLS]hypersensitivity reaction type IV disease","0"
"Extracranial Neuroblastoma[SEP][CLS]pemphigoid","0"
"Paratesticular Brenner Tumor[SEP][CLS]idiopathic interstitial pneumonia","0"
"Chronic Metabolic Polyneuropathy[SEP][CLS]strabismus","0"
"Corneal Abscess[SEP][CLS]phosphorus metabolism disease","0"
"Toxic Shock Syndrome[SEP][CLS]syndrome","0"
"Peripartum Cardiomyopathy[SEP][CLS]opiate dependence","0"
"Trochlear Nerve Neoplasm[SEP][CLS]auditory system disease","0"
"Bartholin Gland Adenosquamous Carcinoma[SEP][CLS]neonatal jaundice","0"
"Childhood Intraocular Retinoblastoma[SEP][CLS]central nervous system mature teratoma","0"
"Irritant Contact Dermatitis[SEP][CLS]contact dermatitis","1"
"Mastitis[SEP][CLS]variable age at onset electroclinical syndrome","0"
"Downward Ocular Deviation[SEP][CLS]carbohydrate metabolic disorder","0"
"Clivus Chondroid Chordoma[SEP][CLS]papilloma","0"
"Lupus Erythematosus[SEP][CLS]pyloric stenosis","0"
"Subglottic Carcinoma[SEP][CLS]intrahepatic cholangiocarcinoma","0"
"Posterior Fossa Meningioma[SEP][CLS]myositis","0"
"Olivopontocerebellar Atrophy[SEP][CLS]Crohn's disease","0"
"Gastroesophageal Junction Adenocarcinoma[SEP][CLS]kidney disease","0"
"Intraventricular Meningioma[SEP][CLS]ectodermal dysplasia","0"
"Miller Fisher Syndrome[SEP][CLS]thymic carcinoma","0"
"Dermatitis[SEP][CLS]viral infectious disease","0"
"B Lymphoblastic Leukemia/Lymphoma with t(9;22)(q34.1;q11.2); BCR-ABL1[SEP][CLS]non-proliferative fibrocystic change of the breast","0"
"Melanoacanthoma[SEP][CLS]supraglottis cancer","0"
"Intestinal Disorder[SEP][CLS]testicular yolk sac tumor","0"
"Burning Mouth Syndrome[SEP][CLS]beta thalassemia","0"
"Pituitary Gland Necrosis[SEP][CLS]primary thrombocytopenia","0"
"Benign Essential Hypertension[SEP][CLS]angiomyolipoma","0"
"Tactile Epilepsy[SEP][CLS]skin disease","0"
"Childhood Parosteal Osteosarcoma[SEP][CLS]brain disease","0"
"Lung Leiomyosarcoma[SEP][CLS]cerebral ventricle cancer","0"
"Intestinal Disorder[SEP][CLS]supratentorial cancer","0"
"Secondary Syphilis[SEP][CLS]cranial nerve disease","0"
"Rhinitis[SEP][CLS]acute myeloid leukemia","0"
"Developmental Coordination Disorder[SEP][CLS]bile duct disease","0"
"Favism[SEP][CLS]glomus tumor","0"
"Breast Intracanalicular Fibroadenoma[SEP][CLS]glomerulonephritis","0"
"Vitamin B1 Deficiency[SEP][CLS]thiamine deficiency disease","1"
"Indolent Systemic Mastocytosis[SEP][CLS]systemic mastocytosis","1"
"Adult Spinal Cord Glioblastoma[SEP][CLS]skin benign neoplasm","0"
"Cervical Adenosarcoma[SEP][CLS]cauda equina neoplasm","0"
"Peroneal Nerve Paralysis[SEP][CLS]hypolipoproteinemia","0"
"Pleomorphic Liposarcoma[SEP][CLS]benign vascular tumor","0"
"Hand Foot and Mouth Disease[SEP][CLS]primary bacterial infectious disease","0"
"Multiple Acyl-CoA Dehydrogenase Deficiency[SEP][CLS]bone remodeling disease","0"
"Childhood Malignant Mesenchymoma[SEP][CLS]acute conjunctivitis","0"
"Secondary Hyperparathyroidism[SEP][CLS]germ cell cancer","0"
"von Willebrand Disease, Type 1[SEP][CLS]malignant pineal area germ cell neoplasm","0"
"Lens Subluxation[SEP][CLS]blood coagulation disease","0"
"Kidney Extraskeletal Osteosarcoma[SEP][CLS]rectum sarcoma","0"
"Pancreatic Vipoma[SEP][CLS]dermatitis","0"
"Acute Cervicitis[SEP][CLS]nephroblastoma","0"
"Pediculosis Pubis[SEP][CLS]pulmonary valve stenosis","0"
"Syringomyelia[SEP][CLS]bladder urachal carcinoma","0"
"Bladder Enteric Type Adenocarcinoma[SEP][CLS]spinal cord primitive neuroectodermal neoplasm","0"
"Fetal Valproate Syndrome[SEP][CLS]carbohydrate metabolic disorder","0"
"Giant Cell Glioblastoma[SEP][CLS]uterine benign neoplasm","0"
"Glottis Verrucous Carcinoma[SEP][CLS]glottis squamous cell carcinoma","1"
"Vulvar Porocarcinoma[SEP][CLS]glucose metabolism disease","0"
"Spindle Cell Oncocytoma[SEP][CLS]pancreatic cystadenocarcinoma","0"
"Atypical Teratoid/Rhabdoid Tumor[SEP][CLS]leukemia","0"
"Extrahepatic Bile Duct Signet Ring Cell Carcinoma[SEP][CLS]brain stem cancer","0"
"Neuroleptic Malignant Syndrome[SEP][CLS]nervous system disease","1"
"Metachronous Kidney Wilms Tumor[SEP][CLS]breast carcinoma in situ","0"
"Hemangioblastoma[SEP][CLS]skin disease","0"
"Usher Syndrome Type 2[SEP][CLS]fallopian tube adenocarcinoma","0"
"Anemia of Prematurity[SEP][CLS]agnosia","0"
"Elephantiasis[SEP][CLS]lymphedema","1"
"Cervical Large Cell Neuroendocrine Carcinoma[SEP][CLS]salivary gland carcinoma","0"
"Tabes Dorsalis[SEP][CLS]childhood brain stem neoplasm","0"
"Neuroma[SEP][CLS]chromosomal deletion syndrome","0"
"Pseudobulbar Palsy[SEP][CLS]congenital heart disease","0"
"Obstructive Jaundice[SEP][CLS]extrinsic allergic alveolitis","0"
"Esophagitis[SEP][CLS]muscular dystrophy","0"
"Somatoform Disorder[SEP][CLS]kidney angiomyolipoma","0"
"Sly Syndrome[SEP][CLS]disseminated intravascular coagulation","0"
"Angiomyolipoma[SEP][CLS]high grade ependymoma","0"
"Meningeal Melanocytosis[SEP][CLS]gastrointestinal system disease","0"
"Dermoid Cyst[SEP][CLS]carcinosarcoma","0"
"Paraphimosis[SEP][CLS]middle ear disease","0"
"Gastric Small Cell Neuroendocrine Carcinoma[SEP][CLS]cholangitis","0"
"Uterine Corpus Adenosarcoma[SEP][CLS]intraductal breast benign neoplasm","0"
"Chorioretinitis[SEP][CLS]cervical adenocarcinoma","0"
"Pleomorphic Carcinoma[SEP][CLS]uterine corpus sarcoma","0"
"Angiokeratoma Circumscriptum[SEP][CLS]gallbladder disease","0"
"Childhood Ovarian Dysgerminoma[SEP][CLS]childhood ovarian germ cell tumor","1"
"Breast Inflammatory Carcinoma[SEP][CLS]intrahepatic cholestasis","0"
"Oxyphilic Endometrial Endometrioid Adenocarcinoma[SEP][CLS]fallopian tube cancer","0"
"Parathyroid Gland Mixed Cell Type Adenoma[SEP][CLS]parathyroid adenoma","1"
"Mediastinal Granular Cell Tumor[SEP][CLS]tertiary neurosyphilis","0"
"Acute Myeloid Leukemia with KMT2A Rearrangement[SEP][CLS]complex regional pain syndrome","0"
"Encephalitis[SEP][CLS]gastritis","0"
"Appendix L-Cell Glucagon-Like Peptide-Producing Neuroendocrine Tumor[SEP][CLS]central nervous system germ cell tumor","0"
"Pancreatic Acinar Cell Carcinoma[SEP][CLS]pancreatic adenocarcinoma","1"
"Meckel Diverticulum[SEP][CLS]connective tissue disease","0"
"Ovarian Cystadenoma[SEP][CLS]blepharitis","0"
"Splenic Abscess[SEP][CLS]primary bacterial infectious disease","0"
"Cutis Laxa[SEP][CLS]testis seminoma","0"
"Bladder Papillary Urothelial Neoplasm[SEP][CLS]ovarian benign neoplasm","0"
"Appendicitis[SEP][CLS]liver disease","0"
"Ovarian Endometrioid Adenofibroma[SEP][CLS]viral infectious disease","0"
"Skin Basal Cell Carcinoma with Sarcomatoid Differentiation[SEP][CLS]eosinophilic pneumonia","0"
"Primary Hyperoxaluria Type III[SEP][CLS]breast cancer","0"
"Adrenocortical Insufficiency[SEP][CLS]breast adenoma","0"
"Pineal Parenchymal Tumor of Intermediate Differentiation[SEP][CLS]pancreas disease","0"
"Infiltrating Bladder Urothelial Carcinoma, Lymphoma-Like Variant[SEP][CLS]primary bacterial infectious disease","0"
"Mature B-Cell Neoplasm[SEP][CLS]primary bacterial infectious disease","0"
"Glomangioma[SEP][CLS]blepharitis","0"
"Undifferentiated Pleomorphic Sarcoma, Inflammatory Variant[SEP][CLS]penis verrucous carcinoma","0"
"Sick Sinus Syndrome[SEP][CLS]epilepsy","0"
"Lens Disorder[SEP][CLS]eye disease","1"
"Selective Immunoglobulin Isotype Deficiency[SEP][CLS]gastrointestinal system disease","0"
"Childhood Testicular Embryonal Carcinoma[SEP][CLS]embryonal testis carcinoma","1"
"Prostate Rhabdomyosarcoma[SEP][CLS]lower respiratory tract disease","0"
"Parosteal Osteosarcoma[SEP][CLS]male reproductive organ cancer","0"
"Subacute Lymphocytic Thyroiditis[SEP][CLS]primary ciliary dyskinesia","0"
"Kaolin Pneumoconiosis[SEP][CLS]prostate adenocarcinoma","0"
"Aggressive Systemic Mastocytosis[SEP][CLS]medulloblastoma SHH activated","0"
"Bursitis[SEP][CLS]disease by infectious agent","0"
"Non-Functioning Pancreatic Neuroendocrine Tumor[SEP][CLS]skull base meningioma","0"
"Uveomeningoencephalitic Syndrome[SEP][CLS]Hodgkin's lymphoma","0"
"Amebiasis[SEP][CLS]encephalomyelitis","0"
"Malignant Skeletal Muscle Neoplasm[SEP][CLS]degeneration of macula and posterior pole","0"
"Central Nervous System Angiosarcoma[SEP][CLS]colitis","0"
"Verrucous Lesion[SEP][CLS]hypersensitivity reaction type III disease","0"
"Corneal Edema[SEP][CLS]acquired polycythemia","0"
"Central Nervous System Neuroblastoma[SEP][CLS]adenocarcinoma","0"
"Breast Fibrocystic Change[SEP][CLS]breast carcinoma","0"
"Malignant Olfactory Nerve Neoplasm[SEP][CLS]cervical carcinosarcoma","0"
"Myotonic Dystrophy[SEP][CLS]mediastinal cancer","0"
"Benign Vaginal Mixed Epithelial and Mesenchymal Neoplasm[SEP][CLS]systemic mastocytosis","0"
"Bone Angiosarcoma[SEP][CLS]psychotic disorder","0"
"Granulomatous Dermatitis[SEP][CLS]viral infectious disease","0"
"Uterine Disorder[SEP][CLS]familial hyperlipidemia","0"
"Macular Hole[SEP][CLS]soft palate cancer","0"
"Malignant Adult Hemangiopericytoma[SEP][CLS]parathyroid gland disease","0"
"Hemolytic Disease of the Newborn[SEP][CLS]disease by infectious agent","0"
"Sclerosing Atypical Lipomatous Tumor/Well Differentiated Liposarcoma[SEP][CLS]well-differentiated liposarcoma","1"
"Food Allergy[SEP][CLS]gastrointestinal system cancer","0"
"Epiphora[SEP][CLS]type 2 diabetes mellitus","0"
"Bronchiectasis[SEP][CLS]dermatitis","0"
"Hypogonadism[SEP][CLS]papilloma","0"
"Skin Leiomyoma[SEP][CLS]dermis tumor","1"
"Borrelia Burgdorferi Infection[SEP][CLS]intestinal cancer","0"
"Hyperlipoproteinemia, Type IIb[SEP][CLS]familial hyperlipidemia","1"
"Echolalia[SEP][CLS]invasive bladder transitional cell carcinoma","0"
"Familial Hyperaldosteronism Type 1[SEP][CLS]female reproductive system disease","0"
"Carcinoma ex Pleomorphic Adenoma[SEP][CLS]well-differentiated liposarcoma","0"
"Acrocephalosyndactyly[SEP][CLS]disease of anatomical entity","0"
"Testicular Thecoma[SEP][CLS]IDH-mutant anaplastic astrocytoma","0"
"Conjunctival Disorder[SEP][CLS]retinal artery occlusion","0"
"Sideroblastic Anemia[SEP][CLS]aplastic anemia","1"
"Mixed Astrocytoma-Ependymoma-Oligodendroglioma[SEP][CLS]congenital mesoblastic nephroma","0"
"Collecting Duct Carcinoma[SEP][CLS]islet cell tumor","0"
"Myelitis[SEP][CLS]penis squamous cell carcinoma","0"
"Mixed Germ Cell Tumor[SEP][CLS]skin sarcoma","0"
"Apocrine Neoplasm[SEP][CLS]androgen insensitivity syndrome","0"
"Conn Syndrome[SEP][CLS]malignant astrocytoma","0"
"Vagus Nerve Neoplasm[SEP][CLS]drug dependence","0"
"Mycetoma[SEP][CLS]blepharitis","0"
"NUT Carcinoma[SEP][CLS]spinal cancer","0"
"Hypoglycemic Coma[SEP][CLS]nephroblastoma","0"
"Focal Segmental Glomerulosclerosis[SEP][CLS]cerebral arterial disease","0"
"Porphyria[SEP][CLS]autosomal dominant cerebellar ataxia","0"
"Abdominal Aortic Aneurysm[SEP][CLS]strabismus","0"
"Multiple Intraspinal Meningiomas[SEP][CLS]disease by infectious agent","0"
"Orbital Cellulitis[SEP][CLS]parasitic infectious disease","0"
"Addison's Disease[SEP][CLS]urethra squamous cell carcinoma","0"
"Anal Verrucous Carcinoma[SEP][CLS]primary bacterial infectious disease","0"
"Primary Cutaneous Gamma-Delta T-Cell Lymphoma[SEP][CLS]meningioma","0"
"Papillary Ependymoma[SEP][CLS]neurilemmoma","0"
"Neurofibromatosis Type 2[SEP][CLS]lipomatosis","0"
"Quartan Malaria[SEP][CLS]spinal cancer","0"
"Plantar Fibromatosis[SEP][CLS]connective tissue disease","1"
"Situs Inversus[SEP][CLS]scleroderma","0"
"Pancreatic Serous Cystadenocarcinoma[SEP][CLS]primary bacterial infectious disease","0"
"Blind Loop Syndrome[SEP][CLS]intestinal disease","1"
"Breast Peripheral Papilloma[SEP][CLS]iris disease","0"
"Compartment Syndrome[SEP][CLS]central nervous system mesenchymal non-meningothelial tumor","0"
"Metachronous Kidney Wilms Tumor[SEP][CLS]vaginal benign neoplasm","0"
"Melkersson-Rosenthal Syndrome[SEP][CLS]necrosis of pituitary","0"
"Thyroid Storm[SEP][CLS]mixed cell type cancer","0"
"Upper Clivus Meningioma[SEP][CLS]epithelioid sarcoma","0"
"Cyclic Neutropenia[SEP][CLS]neutropenia","1"
"Uterine Corpus Atypical Polypoid Adenomyoma[SEP][CLS]basal cell carcinoma","0"
"Proximal-Type Epithelioid Sarcoma[SEP][CLS]mitochondrial encephalomyopathy","0"
"Kaolin Pneumoconiosis[SEP][CLS]central nervous system lipoma","0"
"Contact Dermatitis[SEP][CLS]eating disorder","0"
"Fibroosseous Pseudotumor of Digits[SEP][CLS]lymphatic system disease","0"
"Bladder Disorder[SEP][CLS]urinary system disease","1"
"Lymphangioma[SEP][CLS]intestinal benign neoplasm","0"
"Alpha-1 Antitrypsin Deficiency[SEP][CLS]renal tubular transport disease","0"
"Glanzmann Thrombasthenia[SEP][CLS]severe pre-eclampsia","0"
"Laryngeal Adenoid Cystic Carcinoma[SEP][CLS]hypopituitarism","0"
"Childhood Infratentorial Neoplasm[SEP][CLS]kidney disease","0"
"Adult Fibrosarcoma[SEP][CLS]amino acid metabolic disorder","0"
"Vulvar Non-Keratinizing Squamous Cell Carcinoma[SEP][CLS]endometriosis","0"
"Acute Myocarditis[SEP][CLS]diabetic retinopathy","0"
"Gnathostomiasis[SEP][CLS]malignant mediastinal neurogenic neoplasm","0"
"Sudden Infant Death Syndrome[SEP][CLS]primary bacterial infectious disease","0"
"Uterine Corpus Leiomyosarcoma[SEP][CLS]islet cell tumor","0"
"Intestinal Volvulus[SEP][CLS]biliary papillomatosis","0"
"Cervicitis[SEP][CLS]spinal cancer","0"
"Bladder Papillary Clear Cell Adenocarcinoma[SEP][CLS]lung non-small cell carcinoma","0"
"Focal Epithelial Hyperplasia[SEP][CLS]viral infectious disease","1"
"Papillary Adenoma[SEP][CLS]osteochondrodysplasia","0"
"Meningeal Melanoma[SEP][CLS]endocrine system disease","0"
"Hereditary Leukokeratosis[SEP][CLS]liposarcoma","0"
"Chronic Toxic Polyneuropathy[SEP][CLS]gastroesophageal adenocarcinoma","0"
"Falciparum Malaria[SEP][CLS]malaria","1"
"Thymic Low Grade Papillary Adenocarcinoma[SEP][CLS]eye disease","0"
"Leri-Weill Dyschondrosteosis[SEP][CLS]personality disorder","0"
"Anisakiasis[SEP][CLS]adrenal adenoma","0"
"Thrombophilia[SEP][CLS]physical disorder","0"
"Malignant Small Intestinal Neoplasm[SEP][CLS]kidney disease","0"
"Clear Cell Sarcoma of the Kidney[SEP][CLS]kidney sarcoma","1"
"Hyperlipoproteinemia, Type II[SEP][CLS]familial hyperlipidemia","1"
"Ampulla of Vater Clear Cell Adenocarcinoma[SEP][CLS]biliary papillomatosis","0"
"Pleomorphic Xanthoastrocytoma[SEP][CLS]childhood brain stem neoplasm","0"
"Synovial Neoplasm[SEP][CLS]adenocarcinoma","0"
"Rosacea[SEP][CLS]skin disease","1"
"Intestinal Disorder[SEP][CLS]gallbladder adenocarcinoma","0"
"Penile Basaloid Squamous Cell Carcinoma[SEP][CLS]mesenchymal chondrosarcoma","0"
"Ovarian Serous Surface Papillary Adenocarcinoma[SEP][CLS]pigmentation disease","0"
"Breast Adenosis[SEP][CLS]ovarian endodermal sinus tumor","0"
"Herpes Simplex Virus Infection[SEP][CLS]cutaneous mastocytosis","0"
"Skin Vascular Disorder[SEP][CLS]squamous cell carcinoma","0"
"Bladder Papillary Urothelial Carcinoma[SEP][CLS]Coronavirus infectious disease","0"
"Falx Cerebri Meningioma[SEP][CLS]connective tissue disease","0"
"Granulomatous Dermatitis[SEP][CLS]osteosarcoma","0"
"Plasmacytoma[SEP][CLS]skin disease","0"
"Methemoglobinemia[SEP][CLS]fallopian tube disease","0"
"Ovarian Dysgerminoma[SEP][CLS]dysgerminoma","1"
"Polyhydramnios[SEP][CLS]sigmoid colon cancer","0"
"Ovarian Gestational Choriocarcinoma[SEP][CLS]esophageal disease","0"
"Colon Leiomyosarcoma[SEP][CLS]monodermal teratoma","0"
"Measles[SEP][CLS]bile duct rhabdomyosarcoma","0"
"Fructose-1,6-Bisphosphatase Deficiency[SEP][CLS]esophageal carcinoma","0"
"Lipoatrophic Diabetes Mellitus[SEP][CLS]hypersensitivity vasculitis","0"
"Cervicocranial Syndrome[SEP][CLS]syndrome","1"
"Plasma Cell Leukemia[SEP][CLS]skin benign neoplasm","0"
"Stevens-Johnson Syndrome[SEP][CLS]skin disease","1"
"Gout[SEP][CLS]nervous system benign neoplasm","0"
"Fuchs Endothelial Dystrophy[SEP][CLS]oral cavity cancer","0"
"Glomus Tumor[SEP][CLS]amino acid metabolic disorder","0"
"Latent Syphilis[SEP][CLS]vestibular gland benign neoplasm","0"
"Trichothiodystrophy[SEP][CLS]malignant peripheral nerve sheath tumor","0"
"Dermatitis Herpetiformis[SEP][CLS]hepatocellular carcinoma","0"
"Non-Hodgkin Lymphoma[SEP][CLS]lymphoma","1"
"Cardiac Tamponade[SEP][CLS]germ cell cancer","0"
"Small Cell Neuroendocrine Carcinoma[SEP][CLS]lung small cell carcinoma","1"
"Cerebellopontine Angle Schwannoma[SEP][CLS]impulse control disorder","0"
"Non-Communicating Hydrocephalus[SEP][CLS]B-cell lymphoma","0"
"Myxofibrosarcoma[SEP][CLS]aleukemic leukemia","0"
"Melanocytic Medulloblastoma[SEP][CLS]vitreous disease","0"
"Vitamin K Deficiency[SEP][CLS]viral infectious disease","0"
"Signet Ring Cell Carcinoma[SEP][CLS]muscular dystrophy","0"
"Pemphigus Vulgaris[SEP][CLS]Ewing sarcoma of bone","0"
"Uterine Corpus Adenomyoma[SEP][CLS]brain disease","0"
"Intra-Abdominal Hemangioma[SEP][CLS]pigmentation disease","0"
"Diffuse Cutaneous Systemic Sclerosis[SEP][CLS]endocrine organ benign neoplasm","0"
"Glomangiomyoma[SEP][CLS]vasculitis","0"
"Optic Nerve Disorder[SEP][CLS]breast squamous cell carcinoma","0"
"C5 Deficiency[SEP][CLS]adenocarcinoma","0"
"Liver Fibrosarcoma[SEP][CLS]pre-eclampsia","0"
"Subungual Glomus Tumor[SEP][CLS]breast squamous cell carcinoma","0"
"Distal-Type Epithelioid Sarcoma[SEP][CLS]acquired polycythemia","0"
"Distal Bile Duct Carcinoma[SEP][CLS]brain stem cancer","0"
"Hydrocephalus[SEP][CLS]eccrine sweat gland cancer","0"
"Stomatitis[SEP][CLS]lip disease","1"
"Acrocephalosyndactyly[SEP][CLS]pyoderma","0"
"Cellular Schwannoma[SEP][CLS]cervix carcinoma","0"
"Uterine Corpus Epithelioid Leiomyosarcoma[SEP][CLS]choriocarcinoma of the testis","0"
"Intestinal Volvulus[SEP][CLS]intestinal obstruction","1"
"Congenital Septal Defect[SEP][CLS]lupus erythematosus","0"
"Vulvar Alveolar Soft Part Sarcoma[SEP][CLS]integumentary system disease","0"
"Cervical Mucinous Adenocarcinoma, Intestinal-Type[SEP][CLS]gallbladder carcinoma","0"
"Adult Malignant Peripheral Nerve Sheath Tumor[SEP][CLS]Hodgkin's lymphoma","0"
"Depersonalization Disorder[SEP][CLS]dissociative disorder","1"
"Myoclonic Epilepsy Associated with Ragged-Red Fibers[SEP][CLS]mixed cell type cancer","0"
"Type II Acrocephalopolysyndactyly[SEP][CLS]bone deterioration disease","0"
"Supratentorial Ependymoma ZFTA Fusion-Positive[SEP][CLS]diffuse large B-cell lymphoma","0"
"Trophoblastic Tumor[SEP][CLS]hematopoietic system disease","0"
"Caroli Disease[SEP][CLS]neurilemmoma","0"
"Colon L-Cell Glucagon-Like Peptide-Producing Neuroendocrine Tumor[SEP][CLS]colon cancer","1"
"Childhood Ependymoma[SEP][CLS]central nervous system benign neoplasm","0"
"Fallopian Tube Papillary Adenocarcinoma[SEP][CLS]hypersensitivity vasculitis","0"
"Mixed Receptive-Expressive Language Disorder[SEP][CLS]testicular germ cell cancer","0"
"Kimura Disease[SEP][CLS]skin disease","1"
"Intraventricular Meningioma[SEP][CLS]transient hypogammaglobulinemia","0"
"Desmoplastic Small Round Cell Tumor[SEP][CLS]chromosomal disease","0"
"Cavernous Hemangioma[SEP][CLS]vulva squamous cell carcinoma","0"
"Paraphimosis[SEP][CLS]atherosclerosis","0"
"Olfactory Groove Meningioma[SEP][CLS]posterior pituitary gland neoplasm","0"
"Posteroinferior Myocardial Infarction by ECG Finding[SEP][CLS]myocardial infarction","1"
"Dependent Personality Disorder[SEP][CLS]vascular disease","0"
"Nephrotic Syndrome[SEP][CLS]fallopian tube disease","0"
"Childhood Ependymoma[SEP][CLS]cervical adenocarcinoma","0"
"T-Cell Non-Hodgkin Lymphoma[SEP][CLS]skin benign neoplasm","0"
"Acute Myeloid Leukemia with t(6;9)(p22.3;q34.1); DEK-NUP214[SEP][CLS]childhood kidney cancer","0"
"Nonossifying Fibromyxoid Tumor[SEP][CLS]eyelid disease","0"
"Frontal Lobe Neoplasm[SEP][CLS]metal metabolism disorder","0"
"Adult Central Nervous System Mixed Germ Cell Tumor[SEP][CLS]functional gastric disease","0"
"Supravalvular Aortic Stenosis[SEP][CLS]viral infectious disease","0"
"Leukostasis[SEP][CLS]paranasal sinus cancer","0"
"Conjunctival Vascular Disorder[SEP][CLS]testicular germ cell cancer","0"
"Sick Sinus Syndrome[SEP][CLS]cystadenocarcinoma","0"
"Kawasaki Disease[SEP][CLS]cardiovascular organ benign neoplasm","0"
"Graves Disease[SEP][CLS]motor neuron disease","0"
"Fasciolopsiasis[SEP][CLS]ischemic bone disease","0"
"Nodular Goiter[SEP][CLS]bone benign neoplasm","0"
"Pica Eating Disorder[SEP][CLS]pulmonary hypertension","0"
"Lung Sarcomatoid Carcinoma[SEP][CLS]schizophrenia","0"
"Subareolar Duct Papillomatosis[SEP][CLS]ocular motility disease","0"
"Pancreatic Colloid Carcinoma[SEP][CLS]testicular yolk sac tumor","0"
"Henoch-Schönlein Purpura[SEP][CLS]hypersensitivity vasculitis","1"
"Mature Teratoma[SEP][CLS]glomerulonephritis","0"
"Brachial Plexus Neoplasm[SEP][CLS]prostate cancer","0"
"Breast Lobular Neoplasia[SEP][CLS]colon sarcoma","0"
"Endometrial Endometrioid Adenocarcinoma, Secretory Variant[SEP][CLS]endometrial adenocarcinoma","1"
"Situs Inversus[SEP][CLS]vascular disease","0"
"Secondary Parkinsonism[SEP][CLS]neurodegenerative disease","1"
"Vagus Nerve Neoplasm[SEP][CLS]gastritis","0"
"Kaolin Pneumoconiosis[SEP][CLS]spinal canal and spinal cord meningioma","0"
"Bursitis[SEP][CLS]lung non-small cell carcinoma","0"
"Postauricular Lymphadenitis[SEP][CLS]glycogen storage disease","0"
"Citrullinemia[SEP][CLS]artery disease","0"
"Thymoma Type B2[SEP][CLS]pigmentation disease","0"
"Childhood Ovarian Immature Teratoma[SEP][CLS]kidney cancer","0"
"Aniridia[SEP][CLS]autonomic neuropathy","0"
"Pancytopenia[SEP][CLS]peripheral vascular disease","0"
"Tick-Borne Relapsing Fever[SEP][CLS]hemangiopericytoma","0"
"Yellow Fever Virus Infection[SEP][CLS]anemia","0"
"Central Nervous System Immature Teratoma[SEP][CLS]B-cell lymphoma","0"
"Pseudohermaphroditism[SEP][CLS]lysosomal storage disease","0"
"Hypoplastic Left Heart Syndrome[SEP][CLS]congenital heart disease","1"
"De Sanctis-Cacchione Syndrome[SEP][CLS]xeroderma pigmentosum","1"
"Varicose Vein[SEP][CLS]squamous cell carcinoma","0"
"Barrett Esophagus[SEP][CLS]parasitic helminthiasis infectious disease","0"
"Desmoplastic Small Round Cell Tumor[SEP][CLS]scrotal carcinoma","0"
"Childhood Dermatomyositis[SEP][CLS]chronic leukemia","0"
"Postencephalitic Parkinsonism[SEP][CLS]intrahepatic cholangiocarcinoma","0"
"Vitamin K Deficiency[SEP][CLS]anencephaly","0"
"Invasive Bladder Lipid-Rich Urothelial Carcinoma[SEP][CLS]cervical squamous cell carcinoma","0"
"Male Orgasmic Disorder[SEP][CLS]coronary artery disease","0"
"Parathyroid Gland Mixed Cell Type Adenoma[SEP][CLS]optic nerve glioma","0"
"Anal Canal Neuroendocrine Neoplasm[SEP][CLS]syndrome","0"
"Primary Lymphedema[SEP][CLS]gastric diffuse adenocarcinoma","0"
"Gestational Diabetes[SEP][CLS]lymphadenitis","0"
"Chronic Leukemia[SEP][CLS]lymphoproliferative syndrome","0"
"Spiradenoma[SEP][CLS]apocrine sweat gland neoplasm","1"
"Oral Cavity Submucous Fibrosis[SEP][CLS]thymoma","0"
"Tuberculum Sellae Meningioma[SEP][CLS]strabismus","0"
"Tuberculum Sellae Meningioma[SEP][CLS]central nervous system melanocytic neoplasm","0"
"Liver Sarcoma[SEP][CLS]syndrome","0"
"Gestational Diabetes[SEP][CLS]diabetes mellitus","1"
"Childhood Brain Stem Glioma[SEP][CLS]cerebrum cancer","0"
"Pilomatrical Carcinoma[SEP][CLS]myocardial infarction","0"
"Breast Fat Necrosis[SEP][CLS]lymphatic system disease","0"
"Sphenoid Sinus Neoplasm[SEP][CLS]paranasal sinus benign neoplasm","1"
"Megaloblastic Anemia[SEP][CLS]chronic conjunctivitis","0"
"Vulvar Syringoma[SEP][CLS]gastrointestinal system disease","0"
"Cheilitis[SEP][CLS]skin benign neoplasm","0"
"Ductal Eccrine Adenocarcinoma[SEP][CLS]basal cell carcinoma","0"
"Localized Chondrosarcoma[SEP][CLS]psychosexual disorder","0"
"Nephrotic Syndrome[SEP][CLS]nephrosis","1"
"Intra-Abdominal Hemangioma[SEP][CLS]hepatocellular carcinoma","0"
"Germ Cell Tumor[SEP][CLS]cell type cancer","1"
"Colon L-Cell Glucagon-Like Peptide-Producing Neuroendocrine Tumor[SEP][CLS]impulse control disorder","0"
"Posteroinferior Myocardial Infarction by ECG Finding[SEP][CLS]thymoma","0"
"Chronic Conjunctivitis[SEP][CLS]immune system disease","0"
"Intestinal Volvulus[SEP][CLS]artery disease","0"
"Scimitar Syndrome[SEP][CLS]transitional cell carcinoma","0"
"Favism[SEP][CLS]skin melanoma","0"
"Pathological Gambling[SEP][CLS]uveitis","0"
"Epithelioid Cell Melanoma[SEP][CLS]viral infectious disease","0"
"Vulvar Angiokeratoma[SEP][CLS]medulloblastoma","0"
"Ovarian Mucinous Cystadenoma[SEP][CLS]selective immunoglobulin deficiency disease","0"
"Aromatic L-Amino-Acid Decarboxylase Deficiency[SEP][CLS]lymphatic system disease","0"
"Conjunctival Vascular Disorder[SEP][CLS]lung adenocarcinoma","0"
"Connective Tissue Disorder[SEP][CLS]aortic aneurysm","0"
"Impulse-Control Disorder[SEP][CLS]brain infarction","0"
"Extraskeletal Osteosarcoma[SEP][CLS]osteosarcoma","1"
"Liver and Intrahepatic Bile Duct Disorder[SEP][CLS]hepatobiliary disease","1"
"Interdigitating Dendritic Cell Sarcoma[SEP][CLS]pancreatic adenocarcinoma","0"
"Cervical Symmetrical Lipomatosis[SEP][CLS]breast sarcoma","0"
"Pulmonary Interstitial Emphysema[SEP][CLS]intestinal disease","0"
"Urticaria Pigmentosa/Maculopapular Cutaneous Mastocytosis[SEP][CLS]bladder urothelial carcinoma","0"
"Vulvar Verrucous Carcinoma[SEP][CLS]phagocyte bactericidal dysfunction","0"
"Cardiac Malignant Peripheral Nerve Sheath Tumor[SEP][CLS]cervix disease","0"
"Congenital Glaucoma[SEP][CLS]acute biphenotypic leukemia","0"
"Tooth and Nail Syndrome[SEP][CLS]meningioma","0"
"Acute Myeloid Leukemia with RUNX1 Mutation[SEP][CLS]dilated cardiomyopathy","0"
"Pineal Region Teratoma[SEP][CLS]malignant pineal area germ cell neoplasm","1"
"Anthrax[SEP][CLS]breast adenocarcinoma","0"
"Gliosarcoma[SEP][CLS]syndrome","0"
"Childhood Central Nervous System Mature Teratoma[SEP][CLS]pneumoconiosis","0"
"Degenerative Disorder[SEP][CLS]skin disease","0"
"Cryptococcosis[SEP][CLS]opportunistic mycosis","1"
"Childhood Liposarcoma[SEP][CLS]cutaneous mastocytosis","0"
"Gonadal Dysgenesis[SEP][CLS]transient hypogammaglobulinemia","0"
"Bladder Signet Ring Cell Adenocarcinoma[SEP][CLS]bladder clear cell adenocarcinoma","0"
"Angioleiomyoma[SEP][CLS]esophageal disease","0"
"Posterior Fossa Ependymoma, Group A (PFA)[SEP][CLS]skin squamous cell carcinoma","0"
"Dacryoadenitis[SEP][CLS]carcinoma","0"
"Dracunculiasis[SEP][CLS]parasitic protozoa infectious disease","0"
"Osteosarcoma[SEP][CLS]pemphigus","0"
"Hemoglobinopathy[SEP][CLS]epithelioid sarcoma","0"
"Keratoconus[SEP][CLS]dermatitis","0"
"Retinoblastoma[SEP][CLS]primary bacterial infectious disease","0"
"Suprasellar Meningioma[SEP][CLS]psychotic disorder","0"
"Ganglioneuroblastoma, Nodular[SEP][CLS]ganglioneuroblastoma","1"
"Erectile Dysfunction[SEP][CLS]congenital mesoblastic nephroma","0"
"Thyroid Gland Oncocytic Adenoma[SEP][CLS]ovarian cancer","0"
"Adult Yolk Sac Tumor[SEP][CLS]intestinal disease","0"
"Skin Clear Cell Squamous Cell Carcinoma[SEP][CLS]meningioma","0"
"Adenomyoma[SEP][CLS]Bartholin's gland carcinoma","0"
"BN2 Diffuse Large B-Cell Lymphoma[SEP][CLS]bone sarcoma","0"
"Pituitary Gland Necrosis[SEP][CLS]bladder clear cell adenocarcinoma","0"
"Angioleiomyoma[SEP][CLS]laryngeal benign neoplasm","0"
"Prostate Disorder[SEP][CLS]vulva adenocarcinoma","0"
"Macrotrabecular Hepatoblastoma[SEP][CLS]hepatoblastoma","1"
"Vaginal Squamous Papilloma[SEP][CLS]mood disorder","0"
"Hirschsprung Disease[SEP][CLS]bladder urachal carcinoma","0"
"Farber Lipogranulomatosis[SEP][CLS]intracranial hypertension","0"
"Neuroendocrine Neoplasm[SEP][CLS]vein disease","0"
"Hemangioblastoma[SEP][CLS]hemangioma","1"
"Skull Neoplasm[SEP][CLS]medulloblastoma","0"
"Rhesus Isoimmunization[SEP][CLS]fallopian tube carcinoma","0"
"Osgood-Schlatter's Disease[SEP][CLS]personality disorder","0"
"Childhood Osteosarcoma[SEP][CLS]capillary disease","0"
"Migraine Without Aura[SEP][CLS]brain stem cancer","0"
"Hypoglossal Nerve Disorder[SEP][CLS]thyroid gland disease","0"
"Mixed Endometrial Stromal and Smooth Muscle Neoplasm[SEP][CLS]skin benign neoplasm","0"
"Marburg Virus Disease[SEP][CLS]central nervous system adult germ cell tumor","0"
"Anomia[SEP][CLS]chromosomal deletion syndrome","0"
"Retinoblastoma[SEP][CLS]demyelinating disease","0"
"Mastitis[SEP][CLS]chronic pyelonephritis","0"
"Cerebral Infarction[SEP][CLS]chromosomal deletion syndrome","0"
"Breast Apocrine Carcinoma In Situ[SEP][CLS]communication disorder","0"
"Papilledema[SEP][CLS]stomach carcinoma","0"
"Ciliary Body Disorder[SEP][CLS]cervical adenocarcinoma","0"
"Non-Functioning Pituitary Neuroendocrine Tumor[SEP][CLS]prostate sarcoma","0"
"Salivary Cyst[SEP][CLS]uveal melanoma","0"
"Primary Hypertrophic Osteoarthropathy[SEP][CLS]bone remodeling disease","0"
"Henoch-Schönlein Purpura[SEP][CLS]functioning pituitary adenoma","0"
"Malignant Cutaneous Granular Cell Tumor[SEP][CLS]cerebrum cancer","0"
"Chronic Toxic Polyneuropathy[SEP][CLS]cranial nerve malignant neoplasm","0"
"Alcohol Abuse[SEP][CLS]male infertility","0"
"Classic Congenital Mesoblastic Nephroma[SEP][CLS]bladder adenocarcinoma","0"
"Petrous Apex Meningioma[SEP][CLS]meningioma","1"
"Familial Polycythemia[SEP][CLS]spinal cord glioma","0"
"Papillary Squamous Cell Carcinoma[SEP][CLS]thiamine deficiency disease","0"
"Hyperthyroxinemia[SEP][CLS]connective tissue disease","0"
"Pseudobulbar Palsy[SEP][CLS]syndrome","0"
"Supratentorial Ependymoma, ZFTA-RELA Fusion-Positive[SEP][CLS]rectal disease","0"
"Childhood Acute Myeloid Leukemia[SEP][CLS]endometrial disease","0"
"Rhabdoid Meningioma[SEP][CLS]leukodystrophy","0"
"Acute Myeloid Leukemia with KMT2A Rearrangement[SEP][CLS]spinal canal and spinal cord meningioma","0"
"Adult Epithelioid Sarcoma[SEP][CLS]primary bacterial infectious disease","0"
"Ovarian Carcinosarcoma[SEP][CLS]eye disease","0"
"Mesangial Proliferative Glomerulonephritis[SEP][CLS]diabetic retinopathy","0"
"Mitral Valve Prolapse[SEP][CLS]adrenal gland cancer","0"
"Thyroid Gland Microfollicular Adenoma[SEP][CLS]optic nerve disease","0"
"HELLP Syndrome[SEP][CLS]legionellosis","0"
"Gonadotropin-Dependent Precocious Puberty[SEP][CLS]maxillary sinusitis","0"
"Cervical Melanoma[SEP][CLS]nephrosis","0"
"Chronic Lymphocytic Leukemia/Small Lymphocytic Lymphoma[SEP][CLS]cerebral convexity meningioma","0"
"VIP-Producing Neuroendocrine Tumor[SEP][CLS]follicular adenoma","0"
"Animal Phobia[SEP][CLS]drug dependence","0"
"Metabolic Syndrome[SEP][CLS]extraskeletal myxoid chondrosarcoma","0"
"Ganglioneuroblastoma[SEP][CLS]spinal canal and spinal cord meningioma","0"
"Telangiectasia[SEP][CLS]macular retinal edema","0"
"Bladder Diffuse Clear Cell Adenocarcinoma[SEP][CLS]pineal gland cancer","0"
"Hyperlipoproteinemia, Type II[SEP][CLS]irritant dermatitis","0"
"Breast Malignant Myoepithelioma[SEP][CLS]artery disease","0"
"Ischemic Fasciitis[SEP][CLS]adolescence-adult electroclinical syndrome","0"
"Breast Peripheral Papilloma[SEP][CLS]hepatocellular carcinoma","0"
"Gallbladder Signet Ring Cell Carcinoma[SEP][CLS]malignant astrocytoma","0"
"Mixed Astrocytoma-Ependymoma[SEP][CLS]agnosia","0"
"Agoraphobia[SEP][CLS]lipomatosis","0"
"Prediabetes[SEP][CLS]glucose metabolism disease","1"
"Male Urethral Malignant Neoplasm[SEP][CLS]nose disease","0"
"Follicular Helper T-Cell Lymphoma, Angioimmunoblastic-Type[SEP][CLS]connective tissue disease","0"
"Noninvasive Malignant Thymoma[SEP][CLS]glucose metabolism disease","0"
"Hypopyon[SEP][CLS]myositis","0"
"Pediculosis Pubis[SEP][CLS]pemphigoid","0"
"Filariasis[SEP][CLS]facial nerve disease","0"
"Proximal-Type Epithelioid Sarcoma[SEP][CLS]benign mesothelioma","0"
"Diffuse Low Grade Glioma, MAPK Pathway-Altered[SEP][CLS]lung small cell carcinoma","0"
"Embryonal Tumor with Multilayered Rosettes, C19MC-Altered[SEP][CLS]central nervous system germ cell tumor","0"
"Lung Large Cell Carcinoma with Rhabdoid Phenotype[SEP][CLS]dermatomycosis","0"
"Primary Hyperoxaluria Type I[SEP][CLS]hemangiopericytic tumor","0"
"Malignant Hypopharyngeal Neoplasm[SEP][CLS]malignant astrocytoma","0"
"Bacillary Angiomatosis[SEP][CLS]Pancoast tumor","0"
"Adult Brain Stem Astrocytoma[SEP][CLS]uveal disease","0"
"Acute Myeloid Leukemia with inv(3)(q21.3;q26.2) or t(3;3)(q21.3;q26.2); GATA2, MECOM[SEP][CLS]diffuse large B-cell lymphoma","0"
"C5 Deficiency[SEP][CLS]testicular disease","0"
"Retrograde Amnesia[SEP][CLS]malignant fibrous histiocytoma","0"
"Mixed Endometrial Stromal and Smooth Muscle Neoplasm[SEP][CLS]anxiety disorder","0"
"Nocardiosis[SEP][CLS]opportunistic bacterial infectious disease","1"
"Lymphohistiocytoid Mesothelioma[SEP][CLS]testicular malignant germ cell cancer","0"
"Pancreatic Non-Invasive Mucinous Cystadenocarcinoma[SEP][CLS]testicular malignant germ cell cancer","0"
"Bone Surface (Peripheral) Osteosarcoma[SEP][CLS]lipid storage disease","0"
"Dilated Cardiomyopathy[SEP][CLS]bilirubin metabolic disorder","0"
"Splenic Disorder[SEP][CLS]chromosomal duplication syndrome","0"
"Intramuscular Lipoma[SEP][CLS]lipoma","1"
"Hereditary Clear Cell Renal Cell Carcinoma[SEP][CLS]sex cord-gonadal stromal tumor","0"
"Spongiotic Dermatitis[SEP][CLS]dermatitis","1"
"Acute Hemorrhagic Leukoencephalitis[SEP][CLS]acute disseminated encephalomyelitis","1"
"Amnesia[SEP][CLS]anterior cranial fossa meningioma","0"
"Cerebral Infarction[SEP][CLS]central nervous system disease","0"
"Subvalvular Aortic Stenosis[SEP][CLS]renal tubular transport disease","0"
"Ovarian Papillary Tumor[SEP][CLS]ovary epithelial cancer","1"
"Breast Secretory Carcinoma[SEP][CLS]benign neurilemmoma","0"
"Pityriasis Rubra Pilaris[SEP][CLS]specific developmental disorder","0"
"Leuteoma of Pregnancy[SEP][CLS]non-proliferative fibrocystic change of the breast","0"
"Acanthoma[SEP][CLS]Hodgkin's lymphoma","0"
"Neuronal Ceroid Lipofuscinosis[SEP][CLS]meningioma","0"
"Tick-Borne Relapsing Fever[SEP][CLS]relapsing fever","1"
"Ovarian Monodermal and Highly Specialized Teratoma[SEP][CLS]uterine corpus sarcoma","0"
"Juvenile Myoclonic Epilepsy[SEP][CLS]sphingolipidosis","0"
"Hypoglycemia[SEP][CLS]vascular disease","0"
"Chronic Eosinophilic Pneumonia[SEP][CLS]eosinophilic pneumonia","1"
"Thyroid Gland Macrofollicular Adenoma[SEP][CLS]optic nerve astrocytoma","0"
"Skin Appendage Neoplasm[SEP][CLS]pancreatic intraductal papillary-colloid carcinoma","0"
"Malignant Supraglottis Neoplasm[SEP][CLS]pigmentation disease","0"
"Subacute Thyroiditis[SEP][CLS]germ cell cancer","0"
"Oligodendroglioma[SEP][CLS]lung disease","0"
"Clivus Chordoma[SEP][CLS]vulvar benign neoplasm","0"
"Childhood Mediastinal Neurogenic Neoplasm[SEP][CLS]glucose metabolism disease","0"
"Eosinophilic Gastritis[SEP][CLS]meningioma","0"
"Thyroid Gland Microfollicular Adenoma[SEP][CLS]pancreatic carcinoma","0"
"Hepatosplenic T-Cell Lymphoma[SEP][CLS]sweat gland disease","0"
"Vestibular Schwannoma[SEP][CLS]breast disease","0"
"Childhood Central Nervous System Embryonal Tumor, Not Otherwise Specified[SEP][CLS]central nervous system embryonal tumor","1"
"Amenorrhea[SEP][CLS]medulloblastoma","0"
"Congenital Septal Defect[SEP][CLS]Bartholin's gland carcinoma","0"
"Metastatic Corticotroph Pituitary Neuroendocrine Tumor[SEP][CLS]extrinsic allergic alveolitis","0"
"Primary Cutaneous Gamma-Delta T-Cell Lymphoma[SEP][CLS]peroxisomal disease","0"
"Primary Hyperoxaluria[SEP][CLS]tooth disease","0"
"Beta Thalassemia Major[SEP][CLS]lung disease","0"
"Epiretinal Membrane[SEP][CLS]retinal vein occlusion","0"
"Subependymal Giant Cell Astrocytoma[SEP][CLS]subependymal glioma","1"
"Ovarian Clear Cell Adenofibroma[SEP][CLS]nipple carcinoma","0"
"Sphingolipidosis[SEP][CLS]sarcoidosis","0"
"Pancreatic Intraductal Papillary-Mucinous Neoplasm, High Grade[SEP][CLS]lens disease","0"
"Schizotypal Personality Disorder[SEP][CLS]fallopian tube carcinosarcoma","0"
"Squamous Cell Carcinoma[SEP][CLS]adenoma","0"
"NUT Carcinoma[SEP][CLS]thyroid gland follicular carcinoma","0"
"Hereditary Ovarian Carcinoma[SEP][CLS]sweat gland benign neoplasm","0"
"Chronic Lymphocytic Leukemia/Small Lymphocytic Lymphoma with Immunoglobulin Heavy Chain Variable-Region Gene Somatic Hypermutation[SEP][CLS]endometritis","0"
"Tylosis[SEP][CLS]palmoplantar keratosis","1"
"Cerebellar Pilocytic Astrocytoma[SEP][CLS]epithelioid sarcoma","0"
"Cervical Villoglandular Adenocarcinoma[SEP][CLS]thalassemia","0"
"Uterine Corpus Adenomyoma[SEP][CLS]female reproductive system disease","0"
"Mixed Glioma[SEP][CLS]dermatitis","0"
"Diffuse Idiopathic Skeletal Hyperostosis[SEP][CLS]salivary gland carcinoma","0"
"Sarcomatoid Mesothelioma[SEP][CLS]choriocarcinoma of the testis","0"
"Carotenemia[SEP][CLS]sex cord-gonadal stromal tumor","0"
"Cellular Congenital Mesoblastic Nephroma[SEP][CLS]lysosomal storage disease","0"
"Mesenchymoma[SEP][CLS]hypertension","0"
"Eyelid Melanoma[SEP][CLS]spleen cancer","0"
"Epithelial-Myoepithelial Carcinoma[SEP][CLS]cerebral meningioma","0"
"Inverted Papilloma[SEP][CLS]vasculitis","0"
"Gastroschisis[SEP][CLS]thymoma","0"
"Bartholin Gland Adenoid Cystic Carcinoma[SEP][CLS]congenital hypoplastic anemia","0"
"Gastroesophageal Reflux Disease[SEP][CLS]gastrointestinal system disease","1"
"Disseminated Intravascular Coagulation[SEP][CLS]meningioma","0"
"Mental Retardation[SEP][CLS]brain stem glioma","0"
"Bulbomembranous Urethral Malignant Neoplasm[SEP][CLS]pemphigoid","0"
"Childhood Cerebellar Astrocytoma[SEP][CLS]cystadenofibroma","0"
"Barakat Syndrome[SEP][CLS]mediastinal cancer","0"
"Blastic Plasmacytoid Dendritic Cell Neoplasm[SEP][CLS]islet cell tumor","0"
"Bacillary Angiomatosis[SEP][CLS]connective tissue cancer","0"
"Rhesus Isoimmunization[SEP][CLS]brain stem infarction","0"
"Chronic Cervicitis[SEP][CLS]scleroderma","0"
"Granulomatous Endometritis[SEP][CLS]endometritis","1"
"Esophageal Granular Cell Tumor[SEP][CLS]vasculitis","0"
"Paratesticular Brenner Tumor[SEP][CLS]intestinal obstruction","0"
"Primary Intraocular Non-Hodgkin Lymphoma[SEP][CLS]eye lymphoma","1"
"Generalized Epilepsy[SEP][CLS]personality disorder","0"
"Patent Foramen Ovale[SEP][CLS]stomach cancer","0"
"Vaginal Leukoplakia[SEP][CLS]liver disease","0"
"Thymic Clear Cell Carcinoma[SEP][CLS]salivary gland disease","0"
"Proteus Syndrome[SEP][CLS]breast carcinoma","0"
"Lymphocytic Colitis[SEP][CLS]eye disease","0"
"Malignant Oropharyngeal Neoplasm[SEP][CLS]tricuspid valve disease","0"
"Subacute Thyroiditis[SEP][CLS]Bartholin's gland carcinoma","0"
"Cerebral Convexity Meningioma[SEP][CLS]cerebral arterial disease","0"
"Medullomyoblastoma[SEP][CLS]parasitic helminthiasis infectious disease","0"
"Juvenile Myoclonic Epilepsy[SEP][CLS]psoriasis","0"
"Proliferative Fasciitis[SEP][CLS]intestinal disease","0"
"Gout[SEP][CLS]prolymphocytic leukemia","0"
"Coagulation Disorder[SEP][CLS]muscle tissue disease","0"
"Klippel-Trenaunay-Weber Syndrome[SEP][CLS]breast benign neoplasm","0"
"Papillary Tumor of the Pineal Region[SEP][CLS]Castleman disease","0"
"Breast Adenosis[SEP][CLS]islet cell tumor","0"
"Oral Cavity Hairy Leukoplakia[SEP][CLS]nutritional deficiency disease","0"
"Chest Wall Parachordoma[SEP][CLS]melanoma","0"
"Periocular Meningioma[SEP][CLS]heart aneurysm","0"
"Obsessive-Compulsive Personality Disorder[SEP][CLS]sarcoma","0"
"Periapical Dental Abscess[SEP][CLS]intestinal cancer","0"
"Conn Syndrome[SEP][CLS]basal cell carcinoma","0"
"Pyothorax[SEP][CLS]thymoma","0"
"Thymoma[SEP][CLS]endometrial adenocarcinoma","0"
"Pleomorphic Liposarcoma[SEP][CLS]aleukemic leukemia cutis","0"
"Tetanus[SEP][CLS]primary bacterial infectious disease","1"
"Malignant Ethmoid Sinus Neoplasm[SEP][CLS]sarcomatoid carcinoma","0"
"Photokeratitis[SEP][CLS]parotid disease","0"
"Familial Dysautonomia[SEP][CLS]liposarcoma","0"
"Tamoxifen-Related Endometrial Disorder[SEP][CLS]ampulla of Vater adenocarcinoma","0"
"Cervical Lymphoepithelioma-Like Carcinoma[SEP][CLS]peroxisomal disease","0"
"Pineoblastoma[SEP][CLS]esophageal disease","0"
"Eating Disorder[SEP][CLS]gastroesophageal adenocarcinoma","0"
"Breast Apocrine Carcinoma In Situ[SEP][CLS]ovary epithelial cancer","0"
"Vasculitis[SEP][CLS]vascular disease","1"
"Multiple Skull Base Meningiomas[SEP][CLS]lymphatic system disease","0"
"Hyperostosis[SEP][CLS]bone remodeling disease","1"
"Syringoma[SEP][CLS]bile duct adenoma","0"
"Digestive System Neuroendocrine Neoplasm[SEP][CLS]prion disease","0"
"Plasmablastic Lymphoma[SEP][CLS]connective tissue disease","0"
"Postauricular Lymphadenitis[SEP][CLS]lymphadenitis","1"
"Psychogenic Vaginismus[SEP][CLS]bone marrow disease","0"
"Acute Hemorrhagic Encephalitis[SEP][CLS]encephalitis","1"
"Anaplastic Astrocytoma, IDH-Wildtype[SEP][CLS]cystadenocarcinoma","0"
"Urea Cycle Metabolism Disorder[SEP][CLS]amino acid metabolic disorder","1"
"Pick's Disease[SEP][CLS]vulva squamous cell carcinoma","0"
"Russell-Silver Syndrome[SEP][CLS]physical disorder","1"
"Motion Sickness[SEP][CLS]hallucinogen dependence","0"
"Intermittent Explosive Disorder[SEP][CLS]pericardium cancer","0"
"Osteosarcoma[SEP][CLS]bone sarcoma","1"
"Fabry Disease[SEP][CLS]sphingolipidosis","1"
"Inflammatory Bowel Disease[SEP][CLS]appendix adenocarcinoma","0"
"Panhypopituitarism[SEP][CLS]pre-eclampsia","0"
"Benign Vaginal Mixed Tumor[SEP][CLS]prostate adenocarcinoma","0"
"Indolent Multiple Myeloma[SEP][CLS]multiple myeloma","1"
"Castration-Resistant Prostate Carcinoma[SEP][CLS]spinal canal and spinal cord meningioma","0"
"Testicular Yolk Sac Tumor, Endodermal Sinus/Perivascular Pattern[SEP][CLS]cavernous hemangioma","0"
"B Acute Lymphoblastic Leukemia with t(5;14)(q31.1;q32.3); IL3-IGH[SEP][CLS]choriocarcinoma","0"
"Beta Thalassemia[SEP][CLS]personality disorder","0"
"Blepharitis[SEP][CLS]bile duct adenoma","0"
"Childhood Cerebellar Neoplasm[SEP][CLS]parasitic infectious disease","0"
"Ectopic Thymus[SEP][CLS]corneal endothelial dystrophy","0"
"Breast Pericanalicular Fibroadenoma[SEP][CLS]intrinsic cardiomyopathy","0"
"Grade I Lymphomatoid Granulomatosis[SEP][CLS]autonomic nervous system disease","0"
"46,XX Gonadal Dysgenesis[SEP][CLS]gonadal dysgenesis","1"
"Chronic Lymphoproliferative Disorder of NK-Cells[SEP][CLS]liver disease","0"
"Congenital Glaucoma[SEP][CLS]cell type benign neoplasm","0"
"Testicular Monophasic Choriocarcinoma[SEP][CLS]focal epilepsy","0"
"Intracranial Cavernous Hemangioma[SEP][CLS]leiomyoma","0"
"Fallopian Tube Serous Papilloma[SEP][CLS]primary bacterial infectious disease","0"
"Cerebral Infarction[SEP][CLS]B-lymphoblastic leukemia/lymphoma","0"
"Erythema Infectiosum[SEP][CLS]gastritis","0"
"Gastric Ulcer[SEP][CLS]cervical cancer","0"
"Brachial Plexus Neoplasm[SEP][CLS]autoimmune disease of gastrointestinal tract","0"
"Breast Sarcoma[SEP][CLS]sphingolipidosis","0"
"Vulvar Non-Keratinizing Squamous Cell Carcinoma[SEP][CLS]endocrine gland cancer","0"
"Anthracosis[SEP][CLS]scleroderma","0"
"Waterhouse-Friderichsen Syndrome[SEP][CLS]adrenal gland disease","1"
"Postencephalitic Parkinsonism[SEP][CLS]vagina botryoid rhabdomyosarcoma","0"
"Wolf-Hirschhorn Syndrome[SEP][CLS]mesenchymal chondrosarcoma","0"
"Acute Atopic Conjunctivitis[SEP][CLS]breast fibroadenoma","0"
"Brown-Sequard Syndrome[SEP][CLS]carcinoma","0"
"Osgood-Schlatter's Disease[SEP][CLS]lens disease","0"
"Human Papillomavirus-Independent Cervical Adenocarcinoma, Gastric-Type[SEP][CLS]chordoma","0"
"Blastoma[SEP][CLS]intrinsic cardiomyopathy","0"
"Gastric Small Cell Neuroendocrine Carcinoma[SEP][CLS]supratentorial cancer","0"
"Acute Suppurative Thyroiditis[SEP][CLS]kidney failure","0"
"Mitral Valve Disorder[SEP][CLS]lung disease","0"
"Acute Myeloid Leukemia with KMT2A Rearrangement[SEP][CLS]brain disease","0"
"Encapsulated Thymoma[SEP][CLS]personality disorder","0"
"Malignant Thymoma[SEP][CLS]functioning pituitary adenoma","0"
"Adult Infiltrating Astrocytic Tumor[SEP][CLS]adult astrocytic tumor","1"
"Seborrheic Dermatitis[SEP][CLS]complement deficiency","0"
"Rectal Rhabdomyosarcoma[SEP][CLS]arthritis","0"
"Deep Leiomyoma[SEP][CLS]hepatoblastoma","0"
"Mucinous Cystadenofibroma[SEP][CLS]tauopathy","0"
"Thyroid Gland Well-Differentiated Tumor of Uncertain Malignant Potential[SEP][CLS]mixed cell type cancer","0"
"Choroid Disorder[SEP][CLS]syndrome","0"
"Rectal Kaposi Sarcoma[SEP][CLS]glomus tumor","0"
"Cervical Adenoid Cystic Carcinoma[SEP][CLS]gastritis","0"
"Endocrine System Disorder[SEP][CLS]peptic ulcer disease","0"
"Monophasic Synovial Sarcoma[SEP][CLS]synovial sarcoma","1"
"Visual Cortex Disorder[SEP][CLS]autoimmune disease of gastrointestinal tract","0"
"Cellular Congenital Mesoblastic Nephroma[SEP][CLS]cell type cancer","0"
"Adult Vaginal Botryoid-Type Embryonal Rhabdomyosarcoma[SEP][CLS]ischemia","0"
"Oncocytic Adenoma[SEP][CLS]lipid metabolism disorder","0"
"Mastocytoma[SEP][CLS]liver cancer","0"
"Night Blindness[SEP][CLS]rhabdomyosarcoma","0"
"Primary Peritoneal Serous Papillary Adenocarcinoma[SEP][CLS]acute inflammation of lacrimal passage","0"
"Childhood Testicular Choriocarcinoma[SEP][CLS]syndrome","0"
"Early Invasive Cervical Adenocarcinoma[SEP][CLS]physical disorder","0"
"Vaginal Squamous Neoplasm[SEP][CLS]central nervous system adult germ cell tumor","0"
"Amino Acid Metabolism Disorder[SEP][CLS]mixed type thymoma","0"
"Cervical Melanoma[SEP][CLS]arteriosclerosis","0"
"Splenic Manifestation of Hairy Cell Leukemia[SEP][CLS]communication disorder","0"
"Glottis Neoplasm[SEP][CLS]multifocal osteogenic sarcoma","0"
"Diffuse Astrocytoma, MYBL1-Altered[SEP][CLS]mucopolysaccharidosis","0"
"Postauricular Lymphadenitis[SEP][CLS]tuberculosis","0"
"Cutis Laxa[SEP][CLS]chromosomal deletion syndrome","0"
"Vulvar Sarcoma[SEP][CLS]variable age at onset electroclinical syndrome","0"
"Pyruvate Dehydrogenase Deficiency[SEP][CLS]extraosseous Ewing sarcoma","0"
"Pharyngeal Neoplasm[SEP][CLS]synovial sarcoma","0"
"Iris Disorder[SEP][CLS]ureteral disease","0"
"Posterior Foramen Magnum Meningioma[SEP][CLS]viral infectious disease","0"
"Rectosigmoid Neoplasm[SEP][CLS]uterine corpus sarcoma","0"
"Breast Neuroendocrine Neoplasm[SEP][CLS]breast benign neoplasm","1"
"Peritoneal Solitary Fibrous Tumor[SEP][CLS]choriocarcinoma of ovary","0"
"Migraine[SEP][CLS]cutaneous mastocytosis","0"
"Extrahepatic Bile Duct Adenocarcinoma[SEP][CLS]heart aneurysm","0"
"Hepatitis A Infection[SEP][CLS]spinal cancer","0"
"Pulmonary Veno-Occlusive Disease[SEP][CLS]bone remodeling disease","0"
"Candidiasis[SEP][CLS]testicular yolk sac tumor","0"
"Endometrial Mixed Cell Adenocarcinoma[SEP][CLS]chromosomal deletion syndrome","0"
"Cribriform Carcinoma[SEP][CLS]primary bacterial infectious disease","0"
"Penile Basaloid Squamous Cell Carcinoma[SEP][CLS]adrenal cortex disease","0"
"Dermoid Cyst[SEP][CLS]cervicitis","0"
"Intracerebral Cystic Meningioma[SEP][CLS]breast hemangioma","0"
"Cushing Disease[SEP][CLS]cholangitis","0"
"Carcinoma In Situ[SEP][CLS]metabolic acidosis","0"
"Non-Specific Granulomatous Orchitis[SEP][CLS]paraplegia","0"
"Paranoid Personality Disorder[SEP][CLS]personality disorder","1"
"Epithelioid Hemangioma[SEP][CLS]ocular motility disease","0"
"Tracheal Disorder[SEP][CLS]upper respiratory tract disease","1"
"Conus Medullaris Neoplasm[SEP][CLS]renal tubular transport disease","0"
"Thyroid Gland Angiosarcoma[SEP][CLS]vascular disease","0"
"Plantar Fibromatosis[SEP][CLS]penile disease","0"
"Muir-Torre Syndrome[SEP][CLS]posterior pituitary gland neoplasm","0"
"Typhoid Fever[SEP][CLS]cystadenocarcinoma","0"
"Skin Nodular Basal Cell Carcinoma[SEP][CLS]lymphatic system disease","0"
"Gynatresia[SEP][CLS]vascular disease","0"
"Gliomatosis Cerebri[SEP][CLS]epithelioid sarcoma","0"
"Pseudomyxoma Peritonei[SEP][CLS]childhood spinal muscular atrophy","0"
"Vaginal Squamous Neoplasm[SEP][CLS]embryonal rhabdomyosarcoma","0"
"Smooth Muscle Neoplasm[SEP][CLS]gastric teratoma","0"
"Ptosis[SEP][CLS]glucose metabolism disease","0"
"Endosalpingiosis[SEP][CLS]myeloid neoplasm","0"
"Bartholin Gland Adenosquamous Carcinoma[SEP][CLS]non-Hodgkin lymphoma","0"
"Physiological Polycythemia[SEP][CLS]supratentorial ependymoma","0"
"Rapidly Progressive Glomerulonephritis[SEP][CLS]thymoma","0"
"Childhood Ovarian Dysgerminoma[SEP][CLS]gonadal dysgenesis","0"
"Substance-Related Disorder[SEP][CLS]cranial nerve palsy","0"
"Goldenhar Syndrome[SEP][CLS]bladder adenocarcinoma","0"
"Malignant Neoplasm[SEP][CLS]aphasia","0"
"Hypogammaglobulinemia[SEP][CLS]corneal endothelial dystrophy","0"
"Verrucous Papilloma[SEP][CLS]intestinal obstruction","0"
"Kidney Extraskeletal Osteosarcoma[SEP][CLS]esophageal disease","0"
"Acneiform Dermatitis[SEP][CLS]malignant ovarian germ cell neoplasm","0"
"Tooth Sensitivity[SEP][CLS]syndrome","0"
"Giant Hypertrophic Gastritis[SEP][CLS]scleral disease","0"
"Meningeal Melanocytosis[SEP][CLS]uterine ligament cancer","0"
"Postauricular Lymphadenitis[SEP][CLS]scabies","0"
"Conjunctivitis[SEP][CLS]hypohidrosis","0"
"Frontal Lobe Neoplasm[SEP][CLS]subglottis squamous cell carcinoma","0"
"Small Intestinal Neoplasm[SEP][CLS]cystadenocarcinoma","0"
"Papillary Cystadenocarcinoma[SEP][CLS]cranial nerve disease","0"
"Apical Myocardial Infarction by ECG Finding[SEP][CLS]myocardial infarction","1"
"Breast Mucinous Carcinoma[SEP][CLS]breast adenocarcinoma","1"
"Benign Breast Adenomyoepithelioma[SEP][CLS]arthritis","0"
"Sialadenitis[SEP][CLS]acute kidney failure","0"
"Childhood Ovarian Teratoma[SEP][CLS]melanotic neurilemmoma","0"
"Peroxisomal Acyl-CoA Oxidase Deficiency[SEP][CLS]bone benign neoplasm","0"
"Astrocytoma, IDH-Mutant[SEP][CLS]lymphoma","0"
"Corticotroph Pituitary Neuroendocrine Tumor[SEP][CLS]skull cancer","0"
"Ovarian Yolk Sac Tumor, Glandular Pattern[SEP][CLS]upper respiratory tract disease","0"
"Gliosarcoma[SEP][CLS]chromosomal duplication syndrome","0"
"Skin Adamantinoid Basal Cell Carcinoma[SEP][CLS]differentiated thyroid gland carcinoma","0"
"Chondroma[SEP][CLS]cell type benign neoplasm","1"
"Patent Foramen Ovale[SEP][CLS]progressive myoclonus epilepsy","0"
"Benign Meningioma[SEP][CLS]endocrine system disease","0"
"Goldenhar Syndrome[SEP][CLS]renal tubular transport disease","0"
"Ovarian Clear Cell Adenofibroma[SEP][CLS]ampulla of Vater adenocarcinoma","0"
"Nelson Syndrome[SEP][CLS]testicular yolk sac tumor","0"
"Benign Exocrine Pancreas Neoplasm[SEP][CLS]mucinous cystadenocarcinoma of pancreas","0"
"Malignant Postcricoid Neoplasm[SEP][CLS]hypopharynx cancer","1"
"Pancreatic Neuroendocrine Carcinoma[SEP][CLS]nail disease","0"
"Intraocular Retinoblastoma[SEP][CLS]lung leiomyoma","0"
"Acute Pyelonephritis[SEP][CLS]cervical adenocarcinoma","0"
"Histrionic Personality Disorder[SEP][CLS]adenocarcinoma","0"
"Lymphocytic Thyroiditis[SEP][CLS]primary bacterial infectious disease","0"
"Mastocytosis[SEP][CLS]bile duct disease","0"
"Cervical Villoglandular Adenocarcinoma[SEP][CLS]cervical mucinous adenocarcinoma","1"
"Fallopian Tube Mucinous Neoplasm[SEP][CLS]syndrome","0"
"Anal Disorder[SEP][CLS]inner ear disease","0"
"Breast Cyst[SEP][CLS]cholecystitis","0"
"Maffucci Syndrome[SEP][CLS]cerebellar disease","0"
"Childhood Ovarian Yolk Sac Tumor[SEP][CLS]bile duct carcinoma","0"
"Adenosquamous Carcinoma[SEP][CLS]germ cell cancer","0"
"Adult Embryonal Tumor with Multilayered Rosettes, C19MC-Altered[SEP][CLS]cranial nerve disease","0"
"Threatened Abortion[SEP][CLS]keratosis","0"
"Seminal Vesicle Neoplasm[SEP][CLS]lymphadenitis","0"
"Childhood Acute Megakaryoblastic Leukemia[SEP][CLS]leiomyosarcoma","0"
"Iris Disorder[SEP][CLS]uveal disease","1"
"Hereditary Glomangioma[SEP][CLS]glomangioma","1"
"Adult Anaplastic Ependymoma[SEP][CLS]small intestine cancer","0"
"Axonal Neuropathy[SEP][CLS]cerebrum cancer","0"
"Scirrhous Hepatocellular Carcinoma[SEP][CLS]coronary artery disease","0"
"Ganglioneuroblastoma[SEP][CLS]neuroblastoma","1"
"Ovarian Fetiform Teratoma[SEP][CLS]peptic ulcer disease","0"
"Breast Fat Necrosis[SEP][CLS]breast disease","1"
"Malignant Giant Cell Neoplasm[SEP][CLS]ganglioneuroblastoma","0"
"Non-Specific Granulomatous Orchitis[SEP][CLS]sphingolipidosis","0"
"Oculomotor Nerve Disorder[SEP][CLS]ureteral disease","0"
"Medulloepithelioma Not Otherwise Specified[SEP][CLS]central nervous system embryonal tumor","1"
"Childhood Adrenal Gland Pheochromocytoma[SEP][CLS]mesenchymal cell neoplasm","0"
"Uterine Corpus Apoplectic Leiomyoma[SEP][CLS]alopecia","0"
"Stromal Predominant Kidney Wilms Tumor[SEP][CLS]nephroblastoma","1"
"Lung Small Cell Carcinoma[SEP][CLS]prolymphocytic leukemia","0"
"Cerebellopontine Angle Embryonal Tumor, Not Otherwise Specified[SEP][CLS]B cell deficiency","0"
"GM1 Gangliosidosis[SEP][CLS]pervasive developmental disorder","0"
"Endometrial Stromal Nodule[SEP][CLS]opportunistic mycosis","0"
"Pancytopenia[SEP][CLS]connective tissue cancer","0"
"Colon L-Cell Glucagon-Like Peptide-Producing Neuroendocrine Tumor[SEP][CLS]gastric teratoma","0"
"Brain Stem Intraparenchymal Clear Cell Meningioma[SEP][CLS]lip disease","0"
"Squamous Papillomatosis[SEP][CLS]brain ependymoma","0"
"Inferolateral Myocardial Infarction by ECG Finding[SEP][CLS]skin benign neoplasm","0"
"Unstable Angina[SEP][CLS]breast benign neoplasm","0"
"Appendix L-Cell Glucagon-Like Peptide-Producing Neuroendocrine Tumor[SEP][CLS]congenital nervous system abnormality","0"
"Choroid Plexus Neoplasm[SEP][CLS]idiopathic interstitial pneumonia","0"
"Galloway-Mowat Syndrome[SEP][CLS]eye disease","0"
"Skin Adamantinoid Basal Cell Carcinoma[SEP][CLS]basal cell carcinoma","1"
"Spinal Cord Disorder[SEP][CLS]liver sarcoma","0"
"Dependent Personality Disorder[SEP][CLS]benign ependymoma","0"
"Pinguecula[SEP][CLS]skin squamous cell carcinoma","0"
"Lassa Fever[SEP][CLS]hepatocellular carcinoma","0"
"Atypical Spindle Cell/Pleomorphic Lipomatous Tumor[SEP][CLS]congenital hemolytic anemia","0"
"Kawasaki Disease[SEP][CLS]benign ependymoma","0"
"Ovarian Fetiform Teratoma[SEP][CLS]hemorrhagic disease","0"
"Tonsillitis[SEP][CLS]angiomyolipoma","0"
"Thyroid Gland Disorder[SEP][CLS]endocrine system disease","1"
"Peripheral Primitive Neuroectodermal Tumor of Bone[SEP][CLS]kidney disease","0"
"Malignant Synovial Neoplasm[SEP][CLS]ovarian endodermal sinus tumor","0"
"Pineal Region Immature Teratoma[SEP][CLS]laryngeal benign neoplasm","0"
"Legionellosis[SEP][CLS]cervical cancer","0"
"Pulmonary Alveolar Proteinosis[SEP][CLS]follicular adenoma","0"
"Renal Hypertrophy[SEP][CLS]glomerulonephritis","0"
"Vulvar Squamous Papillomatosis[SEP][CLS]cervical cancer","0"
"Orchitis[SEP][CLS]retinal disease","0"
"Childhood Leukemia[SEP][CLS]strabismus","0"
"Slate Pneumoconiosis[SEP][CLS]pneumoconiosis","1"
"Lymphocele[SEP][CLS]eye disease","0"
"Transitional Meningioma[SEP][CLS]metabolic acidosis","0"
"Ovarian Cystadenocarcinoma[SEP][CLS]malignant astrocytoma","0"
"Ampulla of Vater Signet Ring Cell Carcinoma[SEP][CLS]central nervous system benign neoplasm","0"
"Pilomatricoma[SEP][CLS]foramen magnum meningioma","0"
"Systemic Mastocytosis[SEP][CLS]stomach disease","0"
"High Grade B-Cell Lymphoma with MYC and BCL2 or BCL6 Rearrangements[SEP][CLS]myositis","0"
"Parotitis[SEP][CLS]diabetes insipidus","0"
"Minimally Invasive Lung Adenocarcinoma[SEP][CLS]renal cell carcinoma","0"
"Tall Cell Variant Thyroid Gland Papillary Carcinoma[SEP][CLS]chorioretinitis","0"
"Parathyroid Gland Chief Cell Adenoma[SEP][CLS]viral infectious disease","0"
"Verruca Plantaris[SEP][CLS]viral infectious disease","1"
"Malignant Mesenchymoma[SEP][CLS]endocrine pancreas disease","0"
"Ovarian Endometrioid Cystadenofibroma[SEP][CLS]cholecystitis","0"
"Lacrimal Mucocele[SEP][CLS]gastrointestinal system disease","0"
"Bladder Disorder[SEP][CLS]bile duct disease","0"
"Placental Site Trophoblastic Tumor[SEP][CLS]eyelid disease","0"
"Hereditary Kidney Oncocytoma[SEP][CLS]skin papilloma","0"
"Spinocerebellar Ataxia Type 3[SEP][CLS]open-angle glaucoma","0"
"Bone Liposarcoma[SEP][CLS]apocrine sweat gland neoplasm","0"
"Divergent Strabismus[SEP][CLS]strabismus","1"
"Thalamic Disease[SEP][CLS]bone benign neoplasm","0"
"Anal Canal Paget Disease[SEP][CLS]ovarian dysfunction","0"
"Asynchronous Multifocal Osteosarcoma[SEP][CLS]choroid plexus cancer","0"
"Anal Paget Disease[SEP][CLS]keratosis","0"
"Parosteal Osteosarcoma[SEP][CLS]malignant peripheral nerve sheath tumor","0"
"Breast Sarcoma[SEP][CLS]gastric outlet obstruction","0"
"Arteriolosclerosis[SEP][CLS]ovary epithelial cancer","0"
"Burning Mouth Syndrome[SEP][CLS]breast adenocarcinoma","0"
"Tracheitis[SEP][CLS]supratentorial cancer","0"
"Tay-Sachs Disease[SEP][CLS]perineurioma","0"
"Malignant Hard Palate Neoplasm[SEP][CLS]testis seminoma","0"
"Spindle Cell Sarcoma[SEP][CLS]ampulla of Vater carcinoma","0"
"Secondary Hyperparathyroidism[SEP][CLS]parasitic ectoparasitic infectious disease","0"
"Differentiated Thyroid Gland Carcinoma[SEP][CLS]dermatophytosis","0"
"Middle Ear Disorder[SEP][CLS]prostate adenocarcinoma","0"
"Breast Intraductal Papillomatosis[SEP][CLS]viral infectious disease","0"
"Testicular Pure Germ Cell Tumor[SEP][CLS]conjunctival disease","0"
"Thymoma Type B1[SEP][CLS]dermatitis","0"
"Multiple Self Healing Epithelioma of Ferguson-Smith[SEP][CLS]lipomatosis","0"
"Moyamoya Disease[SEP][CLS]mineral metabolism disease","0"
"Ovarian Cystadenocarcinoma[SEP][CLS]ovary adenocarcinoma","1"
"Thymoma Type B[SEP][CLS]thymoma","1"
"Temporal Lobe Epilepsy[SEP][CLS]adenocarcinoma","0"
"Acute Chest Syndrome[SEP][CLS]ectodermal dysplasia","0"
"Localized Pulmonary Fibrosis[SEP][CLS]cerebrum cancer","0"
"Diffuse Sclerosing Variant Thyroid Gland Papillary Carcinoma[SEP][CLS]muscular dystrophy","0"
"Epidemic Keratoconjunctivitis[SEP][CLS]liver disease","0"
"Cemento-Ossifying Fibroma[SEP][CLS]choroid cancer","0"
"Sclera Disorder[SEP][CLS]central nervous system disease","0"
"Status Asthmaticus[SEP][CLS]pneumoconiosis","0"
"Beta Thalassemia[SEP][CLS]gastrointestinal system benign neoplasm","0"
"Myoepithelial Tumor[SEP][CLS]ovarian primitive germ cell tumor","0"
"COVID-19 Infection[SEP][CLS]thyroid gland disease","0"
"von Willebrand Disease[SEP][CLS]herpes simplex","0"
"Malignant Melanotic Psammomatous Peripheral Nerve Sheath Tumor[SEP][CLS]personality disorder","0"
"Dysthymic Disorder[SEP][CLS]papilloma","0"
"Testicular Torsion[SEP][CLS]scleroderma","0"
"Delusional Disorder[SEP][CLS]breast cancer","0"
"Epidemic Keratoconjunctivitis[SEP][CLS]connective tissue cancer","0"
"Diabetic Autonomic Neuropathy[SEP][CLS]leukemia","0"
"Niemann-Pick Disease[SEP][CLS]central nervous system lipoma","0"
"Necrotizing Fasciitis[SEP][CLS]eye disease","0"
"Hyperlipoproteinemia, Type II[SEP][CLS]central nervous system teratoma","0"
"Dry Eye Syndrome[SEP][CLS]psoriasis","0"
"Conventional Osteosarcoma[SEP][CLS]gastrointestinal system cancer","0"
"Spastic Diplegia[SEP][CLS]peritoneal benign neoplasm","0"
"Megaloblastic Anemia[SEP][CLS]macrocytic anemia","1"
"Rhabdoid Tumor[SEP][CLS]parotid disease","0"
"Adult Extraskeletal Osteosarcoma[SEP][CLS]vaginal cancer","0"
"Adenocarcinofibroma[SEP][CLS]carcinosarcoma","1"
"Lactose Intolerance[SEP][CLS]breast carcinoma","0"
"Relapsing-Remitting Multiple Sclerosis[SEP][CLS]frontal sinusitis","0"
"Conjunctival Vascular Disorder[SEP][CLS]conjunctival disease","1"
"Diffuse Large B-Cell Lymphoma Activated B-Cell Type[SEP][CLS]diffuse large B-cell lymphoma","1"
"Mycetoma[SEP][CLS]glomerulonephritis","0"
"Carcinoma Arising in Nasal Papillomatosis[SEP][CLS]nasal cavity carcinoma","1"
"Prosopagnosia[SEP][CLS]multiple system atrophy","0"
"Corneal Abscess[SEP][CLS]urea cycle disorder","0"
"Purpura[SEP][CLS]middle ear disease","0"
"Peripheral Motor Neuropathy[SEP][CLS]acute myeloid leukemia","0"
"Verrucous Papilloma[SEP][CLS]brain infarction","0"
"Gastric Tubular Adenocarcinoma[SEP][CLS]gastric adenocarcinoma","1"
"Placenta Previa[SEP][CLS]acute myeloid leukemia","0"
"Primary Hyperparathyroidism[SEP][CLS]vein disease","0"
"Adult Epithelioid Sarcoma[SEP][CLS]lymphoma","0"
"Benign Mediastinal Schwannoma[SEP][CLS]germ cell cancer","0"
"Metastatic Thyrotroph Pituitary Neuroendocrine Tumor[SEP][CLS]malignant peripheral nerve sheath tumor","0"
"Carcinoma ex Pleomorphic Adenoma[SEP][CLS]salivary gland cancer","1"
"Keratopathy[SEP][CLS]gastric adenocarcinoma","0"
"Candidiasis[SEP][CLS]congenital nervous system abnormality","0"
"B-Cell Prolymphocytic Leukemia[SEP][CLS]maxillary sinusitis","0"
"Dystonia[SEP][CLS]bone remodeling disease","0"
"Craniofacial Dysostosis[SEP][CLS]primary ciliary dyskinesia","0"
"Urethritis[SEP][CLS]sarcoma","0"
"Cervical Serous Adenocarcinoma[SEP][CLS]breast fibroadenoma","0"
"Myelodysplastic/Myeloproliferative Neoplasm[SEP][CLS]parasitic helminthiasis infectious disease","0"
"Seizure Disorder[SEP][CLS]brain disease","1"
"Breast Lobular Carcinoma[SEP][CLS]testicular yolk sac tumor","0"
"Childhood Kidney Neoplasm[SEP][CLS]childhood spinal muscular atrophy","0"
"Hematologic and Lymphocytic Disorder[SEP][CLS]systemic scleroderma","0"
"Clivus Chondroid Chordoma[SEP][CLS]clivus chordoma","1"
"Malignant Gastric Granular Cell Tumor[SEP][CLS]breast carcinoma","0"
"Intrahepatic Cholestasis[SEP][CLS]malignant astrocytoma","0"
"Spiradenoma[SEP][CLS]syndrome","0"
"Eye Disorder[SEP][CLS]thymoma type B","0"
"Labia Minora Carcinoma[SEP][CLS]kidney disease","0"
"Extrahepatic Bile Duct Clear Cell Adenocarcinoma[SEP][CLS]uterine ligament cancer","0"
"Osteosarcoma[SEP][CLS]myeloproliferative neoplasm","0"
"Malignant Oculomotor Nerve Neoplasm[SEP][CLS]dysgammaglobulinemia","0"
"Hepatorenal Syndrome[SEP][CLS]parathyroid gland disease","0"
"Obsessive-Compulsive Personality Disorder[SEP][CLS]inherited metabolic disorder","0"
"Indolent Multiple Myeloma[SEP][CLS]ovarian germ cell cancer","0"
"Adenosquamous Carcinoma[SEP][CLS]breast cyst","0"
"Carcinoma ex Pleomorphic Adenoma[SEP][CLS]gastrointestinal system benign neoplasm","0"
"Early/Prefibrotic Primary Myelofibrosis[SEP][CLS]myelofibrosis","1"
"Solid/Trabecular Variant Thyroid Gland Papillary Carcinoma[SEP][CLS]pulmonary blastoma","0"
"Neurofibromatosis Type 2[SEP][CLS]lipoma","0"
"Central Nervous System Mature Teratoma[SEP][CLS]sphingolipidosis","0"
"Bursitis[SEP][CLS]arthropathy","1"
"Melorheostosis[SEP][CLS]osteosclerosis","1"
"Pseudohypoaldosteronism[SEP][CLS]parasitic helminthiasis infectious disease","0"
"Choroid Melanoma[SEP][CLS]lymphatic system disease","0"
"Lactating Adenoma[SEP][CLS]breast adenoma","1"
"Tracheal Disorder[SEP][CLS]syphilis","0"
"Endometrial Endometrioid Adenocarcinoma with Spindled Epithelial Cells[SEP][CLS]autonomic nervous system neoplasm","0"
"Trigeminal Schwannoma[SEP][CLS]trigeminal nerve neoplasm","1"
"Mikulicz Disease[SEP][CLS]focal dystonia","0"
"Microphthalmos[SEP][CLS]cervical adenocarcinoma","0"
"Communication Disorder[SEP][CLS]malignant mesothelioma","0"
"Melioidosis[SEP][CLS]carbohydrate metabolic disorder","0"
"Chronic Lymphocytic Leukemia/Small Lymphocytic Lymphoma with Immunoglobulin Heavy Chain Variable-Region Gene Somatic Hypermutation[SEP][CLS]neuroblastoma","0"
"Supraglottic Carcinoma[SEP][CLS]cervical cancer","0"
"Keratosis[SEP][CLS]connective tissue cancer","0"
"Antiphospholipid Syndrome[SEP][CLS]meningioma","0"
"Hereditary Papillary Renal Cell Carcinoma[SEP][CLS]fallopian tube adenocarcinoma","0"
"L-Cell Glucagon-Like Peptide-Producing Neuroendocrine Tumor[SEP][CLS]osteogenesis imperfecta","0"
"Conventional Fibrosarcoma[SEP][CLS]carcinoma","0"
"Acute Myelomonocytic Leukemia[SEP][CLS]osteogenesis imperfecta","0"
"Omphalocele[SEP][CLS]autoimmune disease of skin and connective tissue","0"
"Breast Apocrine Adenosis[SEP][CLS]renal adenoma","0"
"Bartholin Gland Adenosquamous Carcinoma[SEP][CLS]well-differentiated liposarcoma","0"
"Glanders[SEP][CLS]pancreatic ductal adenocarcinoma","0"
"Scleroderma[SEP][CLS]disease","0"
"Breast Signet Ring Cell Carcinoma[SEP][CLS]glomerulonephritis","0"
"Arthritis[SEP][CLS]retinal artery occlusion","0"
"Ethmoid Sinus Papilloma[SEP][CLS]cavernous hemangioma","0"
"Learning Disorder[SEP][CLS]urinary tract papillary transitional cell benign neoplasm","0"
"von Willebrand Disease, Type 3[SEP][CLS]skull cancer","0"
"Upper Clivus Meningioma[SEP][CLS]clivus meningioma","1"
"Central Nervous System Disorder[SEP][CLS]tinea capitis","0"
"Malignant Eccrine Neoplasm[SEP][CLS]parathyroid adenoma","0"
"Femoral Neuropathy[SEP][CLS]stomach cancer","0"
"Esophageal Achalasia[SEP][CLS]tic disorder","0"
"Adamantinomatous Craniopharyngioma[SEP][CLS]breast myoepithelial neoplasm","0"
"Prostate Acinar Signet Ring Cell-Like Adenocarcinoma[SEP][CLS]lung carcinoma","0"
"Landau-Kleffner Syndrome[SEP][CLS]lung small cell carcinoma","0"
"Blepharospasm[SEP][CLS]personality disorder","0"
"Adult Mesenchymal Chondrosarcoma[SEP][CLS]acquired polycythemia","0"
"Breast Lobular Carcinoma[SEP][CLS]benign vaginal carcinosarcoma","0"
"Pseudotumor Cerebri[SEP][CLS]laryngeal benign neoplasm","0"
"Pyruvate Carboxylase Deficiency[SEP][CLS]paraphilia disorder","0"
"Central Nervous System Neuroblastoma[SEP][CLS]cerebrum cancer","1"
"Pancreatitis[SEP][CLS]brain infarction","0"
"Acute Necrotizing Encephalitis[SEP][CLS]B-lymphoblastic leukemia/lymphoma","0"
"Peripheral Retinal Degeneration[SEP][CLS]retinal degeneration","1"
"Upper Clivus Meningioma[SEP][CLS]extrahepatic bile duct carcinoma","0"
"Rectal Cloacogenic Carcinoma[SEP][CLS]pneumonia","0"
"Cardiac Malignant Peripheral Nerve Sheath Tumor[SEP][CLS]blepharitis","0"
"Breast Periductal Myoepitheliosis[SEP][CLS]anus benign neoplasm","0"
"Laryngeal Neuroendocrine Neoplasm[SEP][CLS]laryngeal benign neoplasm","1"
"Liver and Intrahepatic Bile Duct Disorder[SEP][CLS]sebaceous gland disease","0"
"Lymphocyte-Depleted Classic Hodgkin Lymphoma[SEP][CLS]essential hypertension","0"
"Acute Megakaryoblastic Leukemia[SEP][CLS]malignant mesothelioma","0"
"Mixed Glioma[SEP][CLS]hematopoietic system disease","0"
"Intrahepatic Cholestasis[SEP][CLS]cholestasis","1"
"Late Yaws[SEP][CLS]yaws","1"
"Polyclonal Hypergammaglobulinemia[SEP][CLS]liver sarcoma","0"
"Bullous Keratopathy[SEP][CLS]pancreas disease","0"
"Human Papillomavirus-Independent Cervical Adenocarcinoma, Clear Cell-Type[SEP][CLS]personality disorder","0"
"Goiter[SEP][CLS]gastritis","0"
"Sphenocavernous Meningioma[SEP][CLS]paraphilia disorder","0"
"Diabetes Mellitus[SEP][CLS]cerebral degeneration","0"
"Gingival Disorder[SEP][CLS]cervical adenomyoma","0"
"Dehydration Polycythemia[SEP][CLS]ethmoid sinusitis","0"
"Progressive Familial Intrahepatic Cholestasis[SEP][CLS]long bone adamantinoma","0"
"Clear Cell Renal Cell Carcinoma[SEP][CLS]pulmonary blastoma","0"
"Childhood Choroid Plexus Neoplasm[SEP][CLS]connective tissue cancer","0"
"Cystitis Cystica[SEP][CLS]peritoneal serous adenocarcinoma","0"
"Malignant Triton Tumor[SEP][CLS]malignant peripheral nerve sheath tumor","1"
"Lung Non-Small Cell Carcinoma[SEP][CLS]peripheral nervous system disease","0"
"Osteosclerosis[SEP][CLS]bone remodeling disease","1"
"Aortic Valve Stenosis[SEP][CLS]paranasal sinus benign neoplasm","0"
"Autism[SEP][CLS]ureteral disease","0"
"Testicular Thecoma[SEP][CLS]conjunctival disease","0"
"Cleft Palate[SEP][CLS]breast fibrocystic disease","0"
"Focal Segmental Glomerulosclerosis[SEP][CLS]thymoma type B","0"
"Desbuquois Dysplasia[SEP][CLS]posterior pituitary gland neoplasm","0"
"Latent Syphilis[SEP][CLS]well-differentiated liposarcoma","0"
"L-Cell Glucagon-Like Peptide-Producing Neuroendocrine Tumor[SEP][CLS]acute biphenotypic leukemia","0"
"Herpetic Gastritis[SEP][CLS]adrenal cortical hypofunction","0"
"Esophageal Leiomyosarcoma[SEP][CLS]meningioma","0"
"Diffuse Large B-Cell Lymphoma, Not Otherwise Specified[SEP][CLS]carbohydrate metabolic disorder","0"
"Tonsillitis[SEP][CLS]vulvar sarcoma","0"
"Epithelioid Neurofibroma[SEP][CLS]neurofibroma","1"
"Lens Disorder[SEP][CLS]endocrine system disease","0"
"Necrobiosis Lipoidica[SEP][CLS]synovial sarcoma","0"
"Deep Leiomyoma[SEP][CLS]small intestine benign neoplasm","0"
"Latent Syphilis[SEP][CLS]familial hyperlipidemia","0"
"Secretory Meningioma[SEP][CLS]parasitic infectious disease","0"
"Amyloidosis[SEP][CLS]disease of metabolism","1"
"Short Bowel Syndrome[SEP][CLS]intestinal disease","1"
"Myeloproliferative Neoplasm[SEP][CLS]myeloid neoplasm","1"
"Thyroid Gland Well-Differentiated Tumor of Uncertain Malignant Potential[SEP][CLS]central nervous system adult germ cell tumor","0"
"Type II Acrocephalopolysyndactyly[SEP][CLS]malignant cystadenoma","0"
"Ureter Disorder[SEP][CLS]sexual health disorder","0"
"Intrahepatic Bile Duct Mucinous Cystic Neoplasm[SEP][CLS]B cell deficiency","0"
"Gastric Neuroendocrine Neoplasm[SEP][CLS]ovarian carcinoma","0"
"Mediastinal Psammomatous Schwannoma[SEP][CLS]anaplastic astrocytoma","0"
"Mucinous Tubular and Spindle Cell Carcinoma of the Kidney[SEP][CLS]posterior pituitary gland neoplasm","0"
"Rhinitis[SEP][CLS]leiomyosarcoma","0"
"Macular Dystrophy, Retinal, 1[SEP][CLS]angiomyolipoma","0"
"Acinar Cell Carcinoma[SEP][CLS]benign ependymoma","0"
"Encephalomyelitis[SEP][CLS]central nervous system disease","1"
"Sexual Masochism[SEP][CLS]histiocytoma","0"
"Thoracic Intraspinal Meningioma[SEP][CLS]phlebitis","0"
"Teratoma[SEP][CLS]synovium cancer","0"
"Adult Teratoma[SEP][CLS]mitochondrial encephalomyopathy","0"
"Adult Central Nervous System Germinoma[SEP][CLS]central nervous system germinoma","1"
"Potocki-Lupski Syndrome[SEP][CLS]transient hypogammaglobulinemia","0"
"Progressive Multifocal Leukoencephalopathy[SEP][CLS]benign neurilemmoma","0"
"Communication Disorder[SEP][CLS]leukocyte disease","0"
"Epithelioid Cell Melanoma[SEP][CLS]embryonal tumor with multilayered rosettes, C19MC-altered","0"
"Bile Duct Mucinous Cystic Neoplasm[SEP][CLS]biliary tract benign neoplasm","1"
"Amebiasis[SEP][CLS]breast benign neoplasm","0"
"Vulvar Dystrophy[SEP][CLS]intrahepatic cholangiocarcinoma","0"
"Myotonic Cataract[SEP][CLS]cataract","1"
"Breast Carcinoma[SEP][CLS]hemangiopericytoma","0"
"Vaginal Squamous Papilloma[SEP][CLS]primary ciliary dyskinesia","0"
"Childhood Kidney Angiomyolipoma[SEP][CLS]encephalomyelitis","0"
"Adrenal Gland Disorder[SEP][CLS]cervix disease","0"
"Scarlet Fever[SEP][CLS]scleral disease","0"
"Testicular Torsion[SEP][CLS]neurilemmoma","0"
"Infiltrating Bladder Urothelial Carcinoma, Lymphoma-Like Variant[SEP][CLS]sarcoma","0"
"Testicular Yolk Sac Tumor, Polyvesicular Vitelline Pattern[SEP][CLS]testicular yolk sac tumor","1"
"Ovarian Mucinous Adenocarcinofibroma[SEP][CLS]colon cancer","0"
"Congo-Crimean Hemorrhagic Fever[SEP][CLS]spinal canal and spinal cord meningioma","0"
"Anaplastic Astrocytoma, IDH-Wildtype[SEP][CLS]hemangioma","0"
"Barrett Adenocarcinoma[SEP][CLS]thymoma","0"
"Ovarian Cystadenocarcinoma[SEP][CLS]acanthoma","0"
"Cutaneous Schwannoma[SEP][CLS]myelodysplastic/myeloproliferative neoplasm","0"
"Henoch-Schönlein Purpura[SEP][CLS]hepatocellular carcinoma","0"
"Vulvar Syringoma[SEP][CLS]cerebral degeneration","0"
"Retinal Disorder[SEP][CLS]vulva carcinoma","0"
"Apraxia[SEP][CLS]hepatoblastoma","0"
"Stiff Person Syndrome[SEP][CLS]ovarian primitive germ cell tumor","0"
"Chondroid Syringoma[SEP][CLS]intraocular retinoblastoma","0"
"Intradural Extramedullary Spinal Canal Neoplasm[SEP][CLS]congenital nervous system abnormality","0"
"Malignant Gingival Neoplasm[SEP][CLS]bile duct carcinoma","0"
"Fibrillary Astrocytoma[SEP][CLS]cerebral ventricle cancer","0"
"Wolff-Parkinson-White Syndrome[SEP][CLS]heart conduction disease","1"
"Diffuse Large B-Cell Lymphoma, Not Otherwise Specified[SEP][CLS]thyroid gland disease","0"
"Arthropathy in Behcet's Syndrome[SEP][CLS]neurofibroma","0"
"Intestinal Neuroendocrine Neoplasm[SEP][CLS]cranial nerve III tumor","0"
"Systemic Scleroderma[SEP][CLS]eye disease","0"
"Ovarian Adenosarcoma[SEP][CLS]artery disease","0"
"Anhidrotic Ectodermal Dysplasia 1[SEP][CLS]skin disease","0"
"Diabetes Mellitus[SEP][CLS]pilocytic astrocytoma","0"
"Small Cell Sarcoma[SEP][CLS]pulmonary fibrosis","0"
"Scrotal Paget Disease[SEP][CLS]vaginal benign neoplasm","0"
"Morbid Obesity[SEP][CLS]skin disease","0"
"Vulvar Verrucous Carcinoma[SEP][CLS]brain disease","0"
"Dartoic Leiomyoma[SEP][CLS]reproductive organ benign neoplasm","1"
"Ainhum[SEP][CLS]pancreatic cystadenoma","0"
"Cervical Melanoma[SEP][CLS]pancreatic cystadenoma","0"
"Cystitis Glandularis[SEP][CLS]Lynch syndrome","0"
"Supratentorial Ependymoma YAP1 Fusion-Positive[SEP][CLS]rhabdomyosarcoma","0"
"Vitiligo[SEP][CLS]uterine fibroid","0"
"Bladder Diverticulum[SEP][CLS]infratentorial cancer","0"
"Olfactory Nerve Disorder[SEP][CLS]vaginal adenoma","0"
"Ovarian Seromucinous Tumor[SEP][CLS]ovarian benign neoplasm","1"
"Urea Cycle Metabolism Disorder[SEP][CLS]bladder clear cell adenocarcinoma","0"
"Angiokeratoma of Fordyce[SEP][CLS]breast mucinous carcinoma","0"
"Anal Margin Paget Disease[SEP][CLS]strabismus","0"
"Generalized Atherosclerosis[SEP][CLS]granulosa cell tumor","0"
"Endosalpingiosis[SEP][CLS]hematopoietic system disease","0"
"Enophthalmos[SEP][CLS]cerebrum cancer","0"
"Intracranial Cavernous Hemangioma[SEP][CLS]impulse control disorder","0"
"Tricuspid Valve Stenosis[SEP][CLS]primary bacterial infectious disease","0"
"Cellular Neurofibroma[SEP][CLS]chronic leukemia","0"
"Ascending Cholangitis[SEP][CLS]lymphatic system disease","0"
"Ornithine Carbamoyltransferase Deficiency Disease[SEP][CLS]low grade glioma","0"
"Hereditary Retinal Dystrophy[SEP][CLS]thiamine deficiency disease","0"
"Balloon Cell Melanoma[SEP][CLS]breast disease","0"
"Sarcomatoid Transitional Cell Carcinoma[SEP][CLS]substance-related disorder","0"
"Beta Thalassemia[SEP][CLS]cervix carcinoma","0"
"Schizoaffective Disorder[SEP][CLS]lung disease","0"
"Facial Nerve Disorder[SEP][CLS]vitamin metabolic disorder","0"
"Histrionic Personality Disorder[SEP][CLS]dermatitis","0"
"Submandibular Lymphadenitis[SEP][CLS]cholecystitis","0"
"Myoclonic Epilepsy Associated with Ragged-Red Fibers[SEP][CLS]choroid cancer","0"
"Hypercortisolemia[SEP][CLS]musculoskeletal system disease","0"
"Cleft Palate[SEP][CLS]osteosarcoma","0"
"Cranial Nerve Disorder[SEP][CLS]laryngitis","0"
"Leprosy[SEP][CLS]supratentorial ependymoma","0"
"Melanoacanthoma[SEP][CLS]metabolic acidosis","0"
"Hepatorenal Syndrome[SEP][CLS]salpingitis","0"
"Adenosquamous Carcinoma[SEP][CLS]cervix disease","0"
"Acquired Immunodeficiency Syndrome[SEP][CLS]human immunodeficiency virus infectious disease","1"
"Medulloblastoma with Extensive Nodularity[SEP][CLS]hydrocephalus","0"
"Malignant Mixed Epithelial and Stromal Tumor of the Kidney[SEP][CLS]salivary gland carcinoma","0"
"Epidermolytic Ichthyosis[SEP][CLS]ichthyosis","1"
"Non-Proliferative Diabetic Retinopathy[SEP][CLS]carcinoma","0"
"Maffucci Syndrome[SEP][CLS]inflammatory and toxic neuropathy","0"
"Hereditary Kidney Wilms Tumor[SEP][CLS]parathyroid adenoma","0"
"Fibrolamellar Carcinoma[SEP][CLS]central nervous system disease","0"
"Craniofacial Dysostosis[SEP][CLS]germ cell cancer","0"
"Intracranial Abscess[SEP][CLS]mucinous cystadenocarcinoma of pancreas","0"
"Cerebral Malaria[SEP][CLS]lung non-small cell carcinoma","0"
"Scrotal Paget Disease[SEP][CLS]carcinosarcoma","0"
"Neurodermatitis[SEP][CLS]diffuse large B-cell lymphoma","0"
"Gliomatosis Cerebri[SEP][CLS]bile duct cystadenoma","0"
"Oligohydramnios[SEP][CLS]cervical carcinosarcoma","0"
"Tracheitis[SEP][CLS]eye disease","0"
"Frontal Convexity Meningioma[SEP][CLS]congenital heart disease","0"
"Sick Euthyroid Syndrome[SEP][CLS]skin disease","0"
"Onchocerciasis[SEP][CLS]impulse control disorder","0"
"Severe Combined Immunodeficiency[SEP][CLS]combined immunodeficiency","1"
"Chondroid Lipoma[SEP][CLS]stomach cancer","0"
"Metastatic Somatotroph Pituitary Neuroendocrine Tumor[SEP][CLS]autonomic nervous system neoplasm","0"
"Phimosis[SEP][CLS]congenital hypoplastic anemia","0"
"Uterine Ligament Papillary Cystadenoma Associated with von Hippel-Lindau Disease[SEP][CLS]uterine benign neoplasm","1"
"Ganglioneuroblastoma, Nodular[SEP][CLS]liposarcoma","0"
"Cherry Hemangioma[SEP][CLS]autoimmune disease of the nervous system","0"
"Hereditary Meningioma[SEP][CLS]meningioma","1"
"Pemphigoid Gestationis[SEP][CLS]basal cell carcinoma","0"
"Chronic Eosinophilic Pneumonia[SEP][CLS]cholangitis","0"
"Norwegian Scabies[SEP][CLS]syndrome","0"
"Glaucoma[SEP][CLS]gastritis","0"
"Dandy-Walker Malformation[SEP][CLS]malignant astrocytoma","0"
"Rectal Sarcomatoid Carcinoma[SEP][CLS]medulloblastoma","0"
"Ovarian Biphasic or Triphasic Teratoma[SEP][CLS]renal cell carcinoma","0"
"Epiglottitis[SEP][CLS]carcinoma","0"
"Anal Disorder[SEP][CLS]pancreatic cystadenoma","0"
"Medulloblastoma with Extensive Nodularity[SEP][CLS]teratoma","0"
"Esophageal Adenoid Cystic Carcinoma[SEP][CLS]esophageal carcinoma","1"
"Female Stress Incontinence[SEP][CLS]cranial nerve malignant neoplasm","0"
"Hyperdiploid B Lymphoblastic Leukemia/Lymphoma[SEP][CLS]skin papilloma","0"
"Tongue Disorder[SEP][CLS]centronuclear myopathy","0"
"Enophthalmos[SEP][CLS]papilloma","0"
"Mediastinal Melanotic Schwannoma[SEP][CLS]choroid disease","0"
"Childhood Central Nervous System Immature Teratoma[SEP][CLS]hyperpituitarism","0"
"Vulvar Granular Cell Tumor[SEP][CLS]chromosomal duplication syndrome","0"
"Hereditary Ovarian Carcinoma[SEP][CLS]ovary epithelial cancer","1"
"Adult Pineal Parenchymal Cell Neoplasm[SEP][CLS]idiopathic interstitial pneumonia","0"
"Cardiac Sarcoidosis[SEP][CLS]aortic disease","0"
"Arteriosclerosis[SEP][CLS]mononeuropathy","0"
"Ovarian Serous Adenofibroma[SEP][CLS]testicular yolk sac tumor","0"
"Ovarian Surface Papilloma[SEP][CLS]neurilemmoma","0"
"Acute Sinusitis[SEP][CLS]hair follicle neoplasm","0"
"Serous Surface Papilloma[SEP][CLS]chromosomal duplication syndrome","0"
"Non-Invasive Verrucous Carcinoma of the Penis[SEP][CLS]penis verrucous carcinoma","1"
"Seminal Vesicle Neoplasm[SEP][CLS]male reproductive organ benign neoplasm","1"
"Chondroid Syringoma[SEP][CLS]gastrointestinal system benign neoplasm","0"
"Valvular Heart Disorder[SEP][CLS]intestinal disease","0"
"Obese[SEP][CLS]testicular disease","0"
"Glucose Intolerance[SEP][CLS]viral exanthem","0"
"Giant Hypertrophic Gastritis[SEP][CLS]myositis","0"
"Adult Spinal Cord Ependymoma[SEP][CLS]connective tissue benign neoplasm","0"
"Epidermolysis Bullosa Simplex[SEP][CLS]epidermolysis bullosa","1"
"Retrograde Amnesia[SEP][CLS]amnestic disorder","1"
"Erythema Infectiosum[SEP][CLS]hyperostosis","0"
"Chest Wall Parachordoma[SEP][CLS]primary hyperoxaluria","0"
"Subglottis Neoplasm[SEP][CLS]laryngeal benign neoplasm","1"
"Diffuse Low Grade Glioma, MAPK Pathway-Altered[SEP][CLS]esophagus adenocarcinoma","0"
"Antisocial Personality Disorder[SEP][CLS]endocardium disease","0"
"Childhood Ovarian Dysgerminoma[SEP][CLS]colonic disease","0"
"Coronary Artery Aneurysm[SEP][CLS]uterine disease","0"
"Composite Ganglioneuroblastoma, Stroma-Dominant and Stroma-Poor[SEP][CLS]cell type benign neoplasm","0"
"Legionellosis[SEP][CLS]cervicitis","0"
"Non-Communicating Hydrocephalus[SEP][CLS]syndrome","0"
"Papillary Transitional Cell Carcinoma[SEP][CLS]breast sarcoma","0"
"Ductal Eccrine Adenocarcinoma[SEP][CLS]visual pathway disease","0"
"Choriocarcinoma[SEP][CLS]placenta cancer","1"
"Childhood Testicular Germ Cell Tumor[SEP][CLS]myopathy","0"
"Occult Lung Large Cell Carcinoma[SEP][CLS]pancreatic adenocarcinoma","0"
"Lysinuric Protein Intolerance[SEP][CLS]cerebrum cancer","0"
"Pulmonary Valve Disorder[SEP][CLS]urinary system disease","0"
"Vulvar Dystrophy[SEP][CLS]epilepsy","0"
"Aflatoxins-Related Hepatocellular Carcinoma[SEP][CLS]neurilemmoma","0"
"Parkinson's Disease[SEP][CLS]synucleinopathy","1"
"Mixed Germ Cell-Sex Cord-Stromal Tumor[SEP][CLS]primary bacterial infectious disease","0"
"Bladder Enteric Type Adenocarcinoma[SEP][CLS]pneumoconiosis","0"
"Atrioventricular Block by ECG Finding[SEP][CLS]agammaglobulinemia","0"
"Botryoid-Type Embryonal Rhabdomyosarcoma[SEP][CLS]hemangioma","0"
"Chronic Lymphocytic Leukemia/Small Lymphocytic Lymphoma with Immunoglobulin Heavy Chain Variable-Region Gene Somatic Hypermutation[SEP][CLS]medulloblastoma","0"
"Distal Bile Duct Carcinoma[SEP][CLS]gastrointestinal system disease","0"
"Parotitis[SEP][CLS]syndrome","0"
"Bone Paget Disease[SEP][CLS]thrombophilia","0"
"Neuroendocrine Neoplasm[SEP][CLS]endocrine gland cancer","1"
"Neuroleptic Malignant Syndrome[SEP][CLS]functional gastric disease","0"
"Testicular Leukemia[SEP][CLS]uveitis","0"
"Lymphoid Leukemia[SEP][CLS]leukemia","1"
"Genital Herpes[SEP][CLS]breast adenoma","0"
"Anaplastic Astrocytoma[SEP][CLS]testicular germ cell cancer","0"
"Ureterocele[SEP][CLS]uterine corpus cancer","0"
"Cutaneous Ganglioneuroma[SEP][CLS]steroid inherited metabolic disorder","0"
"Intra-Abdominal Hemangioma[SEP][CLS]complex regional pain syndrome","0"
"Mycetoma[SEP][CLS]cervical benign neoplasm","0"
"Spiradenoma[SEP][CLS]bladder urachal carcinoma","0"
"Blastic Plasmacytoid Dendritic Cell Neoplasm[SEP][CLS]duodenum disease","0"
"Adult Central Nervous System Embryonal Carcinoma[SEP][CLS]bladder disease","0"
"Phosphorus Metabolic Disorder[SEP][CLS]disease of anatomical entity","0"
"Avoidant Personality Disorder[SEP][CLS]pemphigoid","0"
"Vasculitis[SEP][CLS]epithelial and subepithelial dystrophy","0"
"Food Allergy[SEP][CLS]renal cell carcinoma","0"
"Glycine Encephalopathy[SEP][CLS]hepatocellular carcinoma","0"
"Hypoplastic Left Heart Syndrome[SEP][CLS]GM2 gangliosidosis","0"
"Proximal-Type Epithelioid Sarcoma[SEP][CLS]epithelioid sarcoma","1"
"Krukenberg Tumor[SEP][CLS]stomach cancer","0"
"Pancreatic Foamy Gland Adenocarcinoma[SEP][CLS]lymphadenitis","0"
"Vagus Nerve Neoplasm[SEP][CLS]cranial nerve malignant neoplasm","1"
"Lipodystrophy[SEP][CLS]vulva cancer","0"
"Gastric Signet Ring Cell Adenocarcinoma[SEP][CLS]ventricular septal defect","0"
"Aspergillosis[SEP][CLS]von Willebrand's disease","0"
"Postpartum Depression[SEP][CLS]meningitis","0"
"Glandular Malignant Peripheral Nerve Sheath Tumor[SEP][CLS]IDH-mutant anaplastic astrocytoma","0"
"Adult Infiltrating Astrocytic Tumor[SEP][CLS]acute conjunctivitis","0"
"Childhood Epithelioid Sarcoma[SEP][CLS]squamous cell carcinoma","0"
"Vaginal Tubulovillous Adenoma[SEP][CLS]choriocarcinoma","0"
"Childhood Meningioma[SEP][CLS]skin carcinoma","0"
"Cervical Serous Adenocarcinoma[SEP][CLS]bile duct disease","0"
"Idiopathic Pulmonary Fibrosis[SEP][CLS]endometrial stromal tumor","0"
"Substance-Related Disorder[SEP][CLS]thalassemia","0"
"Penile Verrucous Carcinoma[SEP][CLS]nervous system disease","0"
"Hypoglossal Nerve Disorder[SEP][CLS]central nervous system benign neoplasm","0"
"Ovarian Mucinous Cystadenoma[SEP][CLS]leiomyosarcoma","0"
"Metachronous Kidney Wilms Tumor[SEP][CLS]nephroblastoma","1"
"Mood Disorder[SEP][CLS]spinal canal and spinal cord meningioma","0"
"Mediastinal Melanotic Schwannoma[SEP][CLS]ureter carcinoma","0"
"Chronic Rhinitis[SEP][CLS]rhinitis","1"
"Liver Solitary Fibrous Tumor[SEP][CLS]lymphopenia","0"
"Mediastinal Leiomyosarcoma[SEP][CLS]phobic disorder","0"
"Cholecystitis[SEP][CLS]testicular malignant germ cell cancer","0"
"Endometritis[SEP][CLS]eye disease","0"
"Small Intestinal VIP-Producing Neuroendocrine Tumor[SEP][CLS]osteosclerosis","0"
"Neuroleptic Malignant Syndrome[SEP][CLS]choroid plexus cancer","0"
"Breast Central Papilloma[SEP][CLS]bile duct adenoma","0"
"Invasive Bladder Plasmacytoid Urothelial Carcinoma[SEP][CLS]malignant dermis tumor","0"
"Remnant Hyperlipidemia[SEP][CLS]benign perivascular tumor","0"
"Breast Fibrocystic Change, Non-Proliferative Type[SEP][CLS]breast fibrocystic disease","1"
"Adult Medulloblastoma[SEP][CLS]cervical benign neoplasm","0"
"Osteopoikilosis[SEP][CLS]bone sarcoma","0"
"Ovarian Endometrioid Stromal and Related Neoplasms[SEP][CLS]vaginal benign neoplasm","0"
"Mucocele of the Appendix[SEP][CLS]centronuclear myopathy","0"
"Trophoblastic Tumor[SEP][CLS]germ cell and embryonal cancer","1"
"Pyruvate Dehydrogenase Deficiency[SEP][CLS]spinal cord disease","0"
"Gasserian Meningioma[SEP][CLS]phagocyte bactericidal dysfunction","0"
"Breast Spiradenoma[SEP][CLS]plasmacytoma","0"
"Cutaneous Granular Cell Tumor[SEP][CLS]lichen disease","0"
"Cytochrome-C Oxidase Deficiency[SEP][CLS]mucinous cystadenocarcinoma of pancreas","0"
"Small Intestinal Neoplasm[SEP][CLS]B-lymphoblastic leukemia/lymphoma","0"
"Lactose Intolerance[SEP][CLS]cervical adenocarcinoma","0"
"Glycogen-Rich Carcinoma[SEP][CLS]ovarian germ cell teratoma","0"
"Progressive Familial Intrahepatic Cholestasis[SEP][CLS]intrahepatic cholestasis","1"
"Farmer's Lung[SEP][CLS]breast cancer","0"
"Mitral Valve Prolapse[SEP][CLS]infratentorial cancer","0"
"Subacute Lymphocytic Thyroiditis[SEP][CLS]breast adenoma","0"
"Nicotine Dependence[SEP][CLS]testicular germ cell cancer","0"
"Serous Cystadenocarcinoma[SEP][CLS]uterine disease","0"
"Pancreatic Foamy Gland Adenocarcinoma[SEP][CLS]autonomic nervous system neoplasm","0"
"Cutis Laxa[SEP][CLS]lung adenocarcinoma","0"
"Prostatic Urethral Malignant Neoplasm[SEP][CLS]blood platelet disease","0"
"AIDS Phobia[SEP][CLS]papilloma","0"
"Acute Myeloid Leukemia[SEP][CLS]urea cycle disorder","0"
"Psychogenic Vaginismus[SEP][CLS]psychosexual disorder","1"
"Anaplastic Oligodendroglioma, IDH-Mutant and 1p/19q-Codeleted[SEP][CLS]autosomal dominant distal hereditary motor neuronopathy","0"
"Patent Foramen Ovale[SEP][CLS]atrial heart septal defect","1"
"Lymphocele[SEP][CLS]B cell deficiency","0"
"Intrahepatic Bile Duct Intraductal Papillary Neoplasm[SEP][CLS]Waardenburg syndrome","0"
"Choroideremia[SEP][CLS]choroid disease","1"
"Benign Recurrent Intrahepatic Cholestasis[SEP][CLS]synovial sarcoma","0"
"Cervical Disc Degenerative Disorder[SEP][CLS]liposarcoma","0"
"Cranial Nerve Palsy[SEP][CLS]syndrome","0"
"Distal Muscular Dystrophy[SEP][CLS]vaginal benign neoplasm","0"
"Orbit Cavernous Hemangioma[SEP][CLS]tracheal disease","0"
"Scleredema Adultorum[SEP][CLS]substance-related disorder","0"
"Meningothelial Meningioma[SEP][CLS]syndrome","0"
"Meningitis[SEP][CLS]central nervous system disease","1"
"Thrombocytosis[SEP][CLS]testicular cancer","0"
"Vitamin B6 Deficiency[SEP][CLS]diffuse large B-cell lymphoma","0"
"Childhood Conventional Osteosarcoma[SEP][CLS]small intestine cancer","0"
"Canker Sore[SEP][CLS]cystadenocarcinoma","0"
"Argininosuccinic Aciduria[SEP][CLS]osteogenesis imperfecta","0"
"Pulmonary Alveolar Proteinosis[SEP][CLS]adult brain stem glioma","0"
"Apocrine Neoplasm[SEP][CLS]sweat gland benign neoplasm","1"
"Adenocarcinoma[SEP][CLS]leukemia","0"
"Steroid Lipomatosis[SEP][CLS]neurodegenerative disease","0"
"Uveal Mixed Cell Melanoma[SEP][CLS]cholangitis","0"
"Malignant Childhood Hemangiopericytoma[SEP][CLS]carcinosarcoma","0"
"Panuveitis[SEP][CLS]mediastinal cancer","0"
"Childhood Ovarian Embryonal Carcinoma[SEP][CLS]germ cell and embryonal cancer","0"
"Maxillary Sinus Papilloma[SEP][CLS]B-lymphoblastic leukemia/lymphoma","0"
"Posterior Fossa Meningioma[SEP][CLS]essential hypertension","0"
"Obstructive Jaundice[SEP][CLS]cholestasis","1"
"Intraneural Perineurioma[SEP][CLS]ovarian cancer","0"
"Noninvasive Malignant Thymoma[SEP][CLS]thymoma","1"
"Primary Hyperoxaluria Type II[SEP][CLS]vasculitis","0"
"Epithelioid Hemangioendothelioma[SEP][CLS]acute myeloid leukemia","0"
"Kearns-Sayre Syndrome[SEP][CLS]cervical mucinous adenocarcinoma","0"
"Mediastinal Angiosarcoma[SEP][CLS]ventricular septal defect","0"
"Eosinophilic Endomyocardial Disease[SEP][CLS]drug dependence","0"
"Lumbar Plexus Neoplasm[SEP][CLS]ampulla of Vater adenocarcinoma","0"
"Neuroendocrine Neoplasm[SEP][CLS]arthritis","0"
"Autoimmune Lymphoproliferative Syndrome[SEP][CLS]sphingolipidosis","0"
"Malignant Glottis Neoplasm[SEP][CLS]hypoglycemia","0"
"Lung Leiomyosarcoma[SEP][CLS]diabetes mellitus","0"
"Ureterolithiasis[SEP][CLS]ureteral disease","1"
"Pleomorphic Xanthoastrocytoma[SEP][CLS]trypanosomiasis","0"
"Testicular Leukemia[SEP][CLS]sphingolipidosis","0"
"Gray-Zone Lymphoma[SEP][CLS]carcinoma","0"
"Microcephaly[SEP][CLS]parasitic helminthiasis infectious disease","0"
"Broad Ligament Mucinous Adenocarcinoma[SEP][CLS]connective tissue cancer","0"
"Chest Wall Solitary Plasmacytoma[SEP][CLS]thymoma","0"
"Undifferentiated Pleomorphic Sarcoma, Inflammatory Variant[SEP][CLS]disease of mental health","0"
"Yolk Sac Tumor[SEP][CLS]trigeminal nerve neoplasm","0"
"Toxoplasmosis[SEP][CLS]tricuspid valve disease","0"
"Childhood Cerebral Astrocytoma[SEP][CLS]esophageal cancer","0"
"Adult Pineoblastoma[SEP][CLS]carcinoma","0"
"Chronic Hepatitis[SEP][CLS]male urethral cancer","0"
"Ovarian Teratoma[SEP][CLS]myocardial infarction","0"
"Pyomyositis[SEP][CLS]clivus chordoma","0"
"Malignant Giant Cell Neoplasm[SEP][CLS]lung leiomyoma","0"
"Extrahepatic Bile Duct Carcinoma[SEP][CLS]marginal zone lymphoma","0"
"Threatened Abortion[SEP][CLS]hemangiopericytic tumor","0"
"Acanthosis Nigricans[SEP][CLS]supratentorial ependymoma","0"
"Pilar Sheath Acanthoma[SEP][CLS]neurofibroma","0"
"Lymphocele[SEP][CLS]skin disease","0"
"Remnant Hyperlipidemia[SEP][CLS]rectal disease","0"
"Atypical Intradermal Smooth Muscle Neoplasm[SEP][CLS]cervicitis","0"
"Mixed Phenotype Acute Leukemia, B/Myeloid[SEP][CLS]extrinsic allergic alveolitis","0"
"Scimitar Syndrome[SEP][CLS]central nervous system benign neoplasm","0"
"Hypogonadotropic Hypogonadism with Anosmia[SEP][CLS]primary bacterial infectious disease","0"
"Tibial Adamantinoma[SEP][CLS]long bone adamantinoma","1"
"Primary Diffuse Large B-Cell Lymphoma of the Central Nervous System[SEP][CLS]pleural empyema","0"
"Ophthalmoplegia[SEP][CLS]testicular malignant germ cell cancer","0"
"Sclerosteosis[SEP][CLS]hyperostosis","1"
"Acute Myeloid Leukemia with BCR-ABL1[SEP][CLS]bone remodeling disease","0"
"Argininemia[SEP][CLS]urea cycle disorder","1"
"Rectal Kaposi Sarcoma[SEP][CLS]ovarian serous adenofibroma","0"
"Cardiac Granular Cell Tumor[SEP][CLS]urea cycle disorder","0"
"Conjunctival Vascular Disorder[SEP][CLS]mucinous cystadenocarcinoma of pancreas","0"
"Anal Leiomyosarcoma[SEP][CLS]cervical adenomyoma","0"
"Broad Ligament Endometrioid Adenocarcinoma[SEP][CLS]primary bacterial infectious disease","0"
"Erythroleukemia[SEP][CLS]choroid disease","0"
"Severe Acute Respiratory Syndrome[SEP][CLS]skin benign neoplasm","0"
"Renovascular Hypertension[SEP][CLS]breast cancer","0"
"Atypical Spitz Nevus[SEP][CLS]fibrosarcoma","0"
"Childhood Vulvar Botryoid-Type Embryonal Rhabdomyosarcoma[SEP][CLS]placenta disease","0"
"Severe Acute Respiratory Syndrome[SEP][CLS]central nervous system embryonal tumor","0"
"Thymic Clear Cell Carcinoma[SEP][CLS]papilloma","0"
"Adult Testicular Granulosa Cell Tumor[SEP][CLS]bone cancer","0"
"Hereditary Meningioma[SEP][CLS]muscle cancer","0"
"Bone Paget Disease[SEP][CLS]vaginal benign neoplasm","0"
"Thymic Dysplasia[SEP][CLS]lung disease","0"
"Sellar Region Neoplasm[SEP][CLS]myositis","0"
"Petit Mal Epilepsy[SEP][CLS]malaria","0"
"Intermediate Uveitis[SEP][CLS]uveitis","1"
"Primary Hyperoxaluria Type II[SEP][CLS]pulmonary large cell neuroendocrine carcinoma","0"
"Color Blindness[SEP][CLS]thymic carcinoma","0"
"Junctional Epidermolysis Bullosa[SEP][CLS]syndrome","0"
"Epiglottitis[SEP][CLS]vulva cancer","0"
"Lumbar Intraspinal Meningioma[SEP][CLS]botryoid rhabdomyosarcoma","0"
"Amnesia[SEP][CLS]bone cancer","0"
"Kidney Hemangiopericytoma[SEP][CLS]liposarcoma","0"
"Acantholytic Acanthoma[SEP][CLS]corneal disease","0"
"Placenta Previa[SEP][CLS]thymoma","0"
"Demyelinating Disorder[SEP][CLS]central nervous system disease","1"
"Anaplastic Oligodendroglioma, IDH-Mutant and 1p/19q-Codeleted[SEP][CLS]lichen disease","0"
"Biliary Atresia[SEP][CLS]prostate disease","0"
"AV Block Second Degree Mobitz Type II[SEP][CLS]syndrome","0"
"Pharyngoconjunctival Fever[SEP][CLS]pulmonary blastoma","0"
"Childhood Spinal Cord Neoplasm[SEP][CLS]aleukemic leukemia","0"
"Urethral Clear Cell Adenocarcinoma[SEP][CLS]disease","0"
"Focal Epithelial Hyperplasia[SEP][CLS]epithelioid sarcoma","0"
"Alpha-1 Antitrypsin Deficiency[SEP][CLS]brain disease","0"
"Frohlich Syndrome[SEP][CLS]glomerulonephritis","0"
"Acute Myeloid Leukemia with t(8;21)(q22; q22.1); RUNX1-RUNX1T1[SEP][CLS]acute myeloid leukemia","1"
"Angle Closure Glaucoma[SEP][CLS]heart conduction disease","0"
"Arteriovenous Malformation/Hemangioma[SEP][CLS]ganglioneuroblastoma","0"
"Malignant Triton Tumor[SEP][CLS]pemphigus","0"
"Rectal Neoplasm[SEP][CLS]vulvar disease","0"
"Skin Pseudovascular Squamous Cell Carcinoma[SEP][CLS]microscopic colitis","0"
"Thymic Small Cell Neuroendocrine Carcinoma[SEP][CLS]bladder clear cell adenocarcinoma","0"
"Thrombotic Thrombocytopenic Purpura[SEP][CLS]autonomic neuropathy","0"
"Ophthalmoplegia[SEP][CLS]fibrosarcoma","0"
"Bladder Papillary Urothelial Carcinoma[SEP][CLS]heart valve disease","0"
"Medulloblastoma, Non-WNT/Non-SHH, Group 3[SEP][CLS]muscle benign neoplasm","0"
"Bone Marrow Disorder[SEP][CLS]hematopoietic system disease","1"
"Prostatic Urethral Malignant Neoplasm[SEP][CLS]malignant peripheral nerve sheath tumor","0"
"Necrotizing Ulcerative Gingivitis[SEP][CLS]adenocarcinoma","0"
"Fanconi Anemia[SEP][CLS]sebaceous gland neoplasm","0"
"Optic Nerve Sheath Meningioma[SEP][CLS]Griscelli syndrome","0"
"Extrahepatic Bile Duct Adenocarcinoma[SEP][CLS]frontal sinusitis","0"
"Malignant Nasolacrimal Duct Neoplasm[SEP][CLS]hemangioblastoma","0"
"L-Cell Glucagon-Like Peptide-Producing Neuroendocrine Tumor[SEP][CLS]opportunistic mycosis","0"
"Breast Periductal Myoepitheliosis[SEP][CLS]congenital heart disease","0"
"Tooth and Nail Syndrome[SEP][CLS]viral infectious disease","0"
"Alpha-1 Antitrypsin Deficiency[SEP][CLS]thymoma type B","0"
"Solitary Mastocytoma of the Skin[SEP][CLS]pulmonary blastoma","0"
"Compartment Syndrome[SEP][CLS]spinal cord disease","0"
"Invasive Bladder Micropapillary Urothelial Carcinoma[SEP][CLS]polycythemia","0"
"Syndrome of Apparent Mineralocorticoid Excess[SEP][CLS]steroid inherited metabolic disorder","1"
"Endocrine System Disorder[SEP][CLS]nasal cavity benign neoplasm","0"
"Childhood Renal Cell Carcinoma[SEP][CLS]mediastinal cancer","0"
"Transient Arthropathy[SEP][CLS]retinal artery occlusion","0"
"EZB Diffuse Large B-Cell Lymphoma[SEP][CLS]acute lymphoblastic leukemia","0"
"Kaolin Pneumoconiosis[SEP][CLS]endocrine organ benign neoplasm","0"
"Photokeratitis[SEP][CLS]bladder adenocarcinoma","0"
"Breast Hemangioma[SEP][CLS]primary systemic mycosis","0"
"Malignant Triton Tumor[SEP][CLS]endocrine organ benign neoplasm","0"
"Childhood Multilocular Cystic Renal Neoplasm[SEP][CLS]splenic manifestation of leukemia","0"
"Leiomyosarcoma[SEP][CLS]meningioma","0"
"Helminthiasis[SEP][CLS]brain disease","0"
"Dysostosis[SEP][CLS]bone development disease","1"
"Tracheal Adenoid Cystic Carcinoma[SEP][CLS]adenoma","0"
"Bilateral Breast Carcinoma[SEP][CLS]filariasis","0"
"Nodal Marginal Zone Lymphoma[SEP][CLS]inherited metabolic disorder","0"
"Maxillary Sinus Neoplasm[SEP][CLS]Epstein-Barr virus infectious disease","0"
"Breast Granular Cell Tumor[SEP][CLS]EWSR1-negative small round cell tumor","0"
"Diverticulitis[SEP][CLS]gastritis","0"
"Breast Apocrine Adenoma[SEP][CLS]pseudosarcomatous fibromatosis","0"
"Ependymoma[SEP][CLS]pulmonary blastoma","0"
"Onchocerciasis[SEP][CLS]hemangiopericytoma","0"
"Substance-Related Disorder[SEP][CLS]pigmentation disease","0"
"Telangiectatic Osteosarcoma[SEP][CLS]chronic lymphocytic leukemia","0"
"Protein S Deficiency Disease[SEP][CLS]metal metabolism disorder","0"
"Rumination Disorder[SEP][CLS]ovarian endodermal sinus tumor","0"
"Calciphylaxis[SEP][CLS]superficial mycosis","0"
"Periosteal Osteosarcoma[SEP][CLS]benign vaginal carcinosarcoma","0"
"Dry Eye Syndrome[SEP][CLS]disease","0"
"Chronic Leukemia[SEP][CLS]mitochondrial encephalomyopathy","0"
"Filariasis[SEP][CLS]gastritis","0"
"Epithelioid Mesothelioma[SEP][CLS]intestinal disease","0"
"Glaucoma[SEP][CLS]malignant peripheral nerve sheath tumor","0"
"Breast Mixed Epithelial/Mesenchymal Metaplastic Carcinoma[SEP][CLS]dysgammaglobulinemia","0"
"Entrapment Neuropathy[SEP][CLS]hair follicle neoplasm","0"
"Composite Lymphoma[SEP][CLS]syndactyly","0"
"Generalized Epilepsy[SEP][CLS]lipomatosis","0"
"Breast Secretory Carcinoma[SEP][CLS]vesiculobullous skin disease","0"
"Cervicomedullary Junction Neoplasm[SEP][CLS]leiomyosarcoma","0"
"Stress Polycythemia[SEP][CLS]diffuse large B-cell lymphoma","0"
"Pituitary Gland Necrosis[SEP][CLS]skin disease","0"
"Portal Hypertension[SEP][CLS]diffuse large B-cell lymphoma","0"
"Non-Invasive Verrucous Carcinoma of the Penis[SEP][CLS]pigmentation disease","0"
"Vivax Malaria[SEP][CLS]neuropathy","0"
"Uveal Spindle Cell Melanoma[SEP][CLS]urethra cancer","0"
"Spindle Cell Lipoma[SEP][CLS]cell type benign neoplasm","0"
"Peroneal Nerve Paralysis[SEP][CLS]primary bacterial infectious disease","0"
"Maternal Uniparental Disomy Chromosome 14 Syndrome[SEP][CLS]uterine ligament adenocarcinoma","0"
"Lipoadenoma[SEP][CLS]B-lymphoblastic leukemia/lymphoma","0"
"Myoclonic Epilepsy of Unverricht and Lundborg[SEP][CLS]ischemia","0"
"Plantar Fibromatosis[SEP][CLS]mastocytosis","0"
"Goldenhar Syndrome[SEP][CLS]syndrome","1"
"Astrocytoma, IDH-Mutant[SEP][CLS]interstitial lung disease","0"
"Benign Mucous Membrane Pemphigoid[SEP][CLS]viral infectious disease","0"
"Clear Cell Sarcoma of the Kidney[SEP][CLS]sweat gland disease","0"
"Hidradenitis[SEP][CLS]primary hyperoxaluria","0"
"Testicular Yolk Sac Tumor, Enteric Pattern[SEP][CLS]testicular yolk sac tumor","1"
"Parkinson's Disease[SEP][CLS]primary bacterial infectious disease","0"
"Hiatal Hernia[SEP][CLS]central nervous system disease","0"
"Papillary Conjunctivitis[SEP][CLS]chronic lymphocytic leukemia","0"
"Endometrioid Tumor[SEP][CLS]laryngeal benign neoplasm","0"
"Classic Congenital Mesoblastic Nephroma[SEP][CLS]glossopharyngeal nerve disease","0"
"Complete Trisomy 18 Syndrome[SEP][CLS]chromosomal duplication syndrome","1"
"Angiocentric Glioma[SEP][CLS]carcinoma","0"
"Cocaine Dependence[SEP][CLS]uterus leiomyosarcoma","0"
"Nicotine Dependence[SEP][CLS]parasitic protozoa infectious disease","0"
"Essential Tremor[SEP][CLS]articulation disorder","0"
"Lymphocytic Colitis[SEP][CLS]low grade glioma","0"
"Breast Adenoid Cystic Carcinoma[SEP][CLS]colon sarcoma","0"
"Testicular Yolk Sac Tumor, Papillary Pattern[SEP][CLS]bladder adenocarcinoma","0"
"Facial Nerve Neoplasm[SEP][CLS]chromophobe renal cell carcinoma","0"
"Splenic Manifestation of Prolymphocytic Leukemia[SEP][CLS]splenic manifestation of leukemia","1"
"Petrous Apex Meningioma[SEP][CLS]melanoma","0"
"Whipple Disease[SEP][CLS]intestinal disease","1"
"Fallopian Tube Serous Papilloma[SEP][CLS]viral infectious disease","0"
"Malignant Gingival Neoplasm[SEP][CLS]multiple carboxylase deficiency","0"
"Placenta Previa[SEP][CLS]familial periodic paralysis","0"
"Ovarian Mucinous Adenofibroma[SEP][CLS]ovarian benign neoplasm","1"
"Mixed Phenotype Acute Leukemia with KMT2A Rearrangement[SEP][CLS]fundus dystrophy","0"
"Adult Papillary Meningioma[SEP][CLS]parasitic infectious disease","0"
"Cerebellar Pilocytic Astrocytoma[SEP][CLS]severe pre-eclampsia","0"
"Spongiotic Dermatitis[SEP][CLS]lipomatosis","0"
"Inverted Papilloma[SEP][CLS]brain glioma","0"
"Metastatic Corticotroph Pituitary Neuroendocrine Tumor[SEP][CLS]amino acid metabolic disorder","0"
"Rectal Cloacogenic Carcinoma[SEP][CLS]thrombophilia","0"
"Thrombocytopenia Due to Immune Destruction[SEP][CLS]acute myeloid leukemia","0"
"Periocular Meningioma[SEP][CLS]brain disease","0"
"Gastroenteritis[SEP][CLS]spinal cord ependymoma","0"
"Glomangiomyoma[SEP][CLS]mononeuritis of upper limb and mononeuritis multiplex","0"
"Optic Atrophy[SEP][CLS]anterior cranial fossa meningioma","0"
"Polycythemia due to Hypoxia[SEP][CLS]acquired polycythemia","1"
"Lactotroph Pituitary Neuroendocrine Tumor[SEP][CLS]benign ependymoma","0"
"Familial Hypertrophic Cardiomyopathy[SEP][CLS]tricuspid valve disease","0"
"Cerebral Hemangioma[SEP][CLS]prostate carcinoma","0"
"Alopecia Mucinosa[SEP][CLS]focal epilepsy","0"
"Meningeal Melanocytosis[SEP][CLS]central nervous system melanocytic neoplasm","1"
"Intrahepatic Cholangiocarcinoma[SEP][CLS]cholangiocarcinoma","1"
"Nasopharyngeal Disorder[SEP][CLS]male reproductive organ benign neoplasm","0"
"Bullous Pemphigoid[SEP][CLS]skin glomangioma","0"
"Stomatitis[SEP][CLS]rectum adenocarcinoma","0"
"Ear Disorder[SEP][CLS]uterine benign neoplasm","0"
"Childhood Extraocular Retinoblastoma[SEP][CLS]fasciitis","0"
"Russell-Silver Syndrome[SEP][CLS]penis squamous cell carcinoma","0"
"Angiocentric Glioma[SEP][CLS]medulloblastoma SHH activated","0"
"Granuloma Inguinale[SEP][CLS]lymphadenitis","0"
"Hypercortisolemia[SEP][CLS]breast cyst","0"
"Fibrolamellar Carcinoma[SEP][CLS]aleukemic leukemia cutis","0"
"Mucoepidermoid Carcinoma[SEP][CLS]carcinoma","1"
"Anal Verrucous Carcinoma[SEP][CLS]sarcoma","0"
"Pineal Region Dysgerminoma[SEP][CLS]anaplastic oligodendroglioma","0"
"Cancerphobia[SEP][CLS]pre-malignant neoplasm","0"
"Orbit Embryonal Rhabdomyosarcoma[SEP][CLS]gastrointestinal system benign neoplasm","0"
"Extrahepatic Bile Duct Intraductal Papillary Neoplasm[SEP][CLS]osteosarcoma","0"
"Endometritis[SEP][CLS]amino acid metabolic disorder","0"
"Potassium Deficiency Disorder[SEP][CLS]autism spectrum disorder","0"
"Intrahepatic Bile Duct Adenoma[SEP][CLS]bladder adenocarcinoma","0"
"Subglottis Neoplasm[SEP][CLS]low grade glioma","0"
"Multinodular and Vacuolated Neuronal Tumor[SEP][CLS]prostate sarcoma","0"
"Malignant Melanotic Peripheral Nerve Sheath Tumor[SEP][CLS]kidney failure","0"
"Miller Fisher Syndrome[SEP][CLS]Guillain-Barre syndrome","1"
"Somatostatin-Producing Neuroendocrine Tumor[SEP][CLS]vaginal cancer","0"
"Liver Sarcoma[SEP][CLS]pancreatic adenocarcinoma","0"
"Status Asthmaticus[SEP][CLS]disease of mental health","0"
"Dermal Neoplasm[SEP][CLS]skin benign neoplasm","1"
"Neuronal Ceroid Lipofuscinosis[SEP][CLS]epilepsy","0"
"Polyclonal Hypergammaglobulinemia[SEP][CLS]muscle cancer","0"
"Psychiatric Disorder[SEP][CLS]heart conduction disease","0"
"Atypical Spitz Nevus[SEP][CLS]benign ependymoma","0"
"Acute Necrotizing Encephalitis[SEP][CLS]cavernous hemangioma","0"
"Teratoma[SEP][CLS]myocardial infarction","0"
"Pancreatic Serous Cystadenoma[SEP][CLS]thyroid gland disease","0"
"Acute Hemorrhagic Encephalitis[SEP][CLS]male reproductive organ cancer","0"
"Reactive Cutaneous Fibrous Lesion[SEP][CLS]intrinsic cardiomyopathy","0"
"Glanzmann Thrombasthenia[SEP][CLS]blood platelet disease","1"
"Anaplastic Large Cell Lymphoma[SEP][CLS]mouth disease","0"
"Pityriasis Rubra Pilaris[SEP][CLS]central nervous system disease","0"
"Serous Surface Papillary Carcinoma[SEP][CLS]papillary adenocarcinoma","1"
"Muscular Dystrophy[SEP][CLS]disease of anatomical entity","0"
"Glycogen-Rich, Clear Cell Breast Carcinoma[SEP][CLS]glycogen-rich carcinoma","1"
"Trochlear Nerve Neoplasm[SEP][CLS]cranial nerve malignant neoplasm","1"
"Anthracosis[SEP][CLS]autoimmune disease of skin and connective tissue","0"
"Hepatitis A Infection[SEP][CLS]eosinophilic pneumonia","0"
"Phenylketonuria[SEP][CLS]amino acid metabolic disorder","1"
"Erectile Dysfunction[SEP][CLS]trachea carcinoma","0"
"Tolosa-Hunt Syndrome[SEP][CLS]cerebral meningioma","0"
"Pseudohypoaldosteronism[SEP][CLS]renal tubular transport disease","1"
"Cryptogenic Organizing Pneumonia[SEP][CLS]central nervous system disease","0"
"Persistent Hyperplastic Primary Vitreous[SEP][CLS]paraplegia","0"
"Preeclampsia[SEP][CLS]primary bacterial infectious disease","0"
"Rhabdoid Tumor of the Kidney[SEP][CLS]papilloma","0"
"Thyroid Gland Disorder[SEP][CLS]communication disorder","0"
"Dissociative Amnesia[SEP][CLS]testis seminoma","0"
"Myxosarcoma[SEP][CLS]aphasia","0"
"Congenital Cortical Hyperostosis[SEP][CLS]hemangioma","0"
"Synovitis, Acne, Pustulosis, Hyperostosis, and Osteitis Syndrome[SEP][CLS]viral infectious disease","0"
"Pyuria[SEP][CLS]urinary system disease","1"
"Papillary Transitional Cell Carcinoma[SEP][CLS]connective tissue disease","0"
"Myotonic Cataract[SEP][CLS]hidradenoma","0"
"Acute Chest Syndrome[SEP][CLS]lens disease","0"
"Testicular Thecoma[SEP][CLS]third cranial nerve disease","0"
"Herpes Simplex Virus Infection[SEP][CLS]cerebral degeneration","0"
"Liver Inflammatory Myofibroblastic Tumor[SEP][CLS]liver disease","1"
"Hilar Cholangiocarcinoma[SEP][CLS]thyroid gland carcinoma","0"
"Liver Fibrosarcoma[SEP][CLS]vulva cancer","0"
"Childhood Kidney Angiomyolipoma[SEP][CLS]papillary conjunctivitis","0"
"Wernicke-Korsakoff Syndrome[SEP][CLS]thiamine deficiency disease","1"
"Pseudomyxoma Peritonei[SEP][CLS]gingivitis","0"
"Musculoskeletal Disorder[SEP][CLS]disease of anatomical entity","1"
"Double Outlet Right Ventricle[SEP][CLS]liposarcoma","0"
"Meesmann Corneal Dystrophy[SEP][CLS]abdominal obesity-metabolic syndrome","0"
"Coloboma of the Eye[SEP][CLS]gingival overgrowth","0"
"Bruxism[SEP][CLS]connective tissue disease","0"
"Schwannomatosis[SEP][CLS]eye disease","0"
"Benign Lymphoepithelial Lesion of the Salivary Gland[SEP][CLS]teratoma","0"
"Papillary Adenoma[SEP][CLS]differentiated thyroid gland carcinoma","0"
"Optic Neuritis[SEP][CLS]basal cell carcinoma","0"
"Pancreatic Intraductal Papillary-Mucinous Neoplasm, High Grade[SEP][CLS]breast disease","0"
"Constrictive Pericarditis[SEP][CLS]high grade glioma","0"
"Solid Pseudopapillary Carcinoma of the Pancreas[SEP][CLS]hair follicle neoplasm","0"
"Intranodal Palisaded Myofibroblastoma[SEP][CLS]nodular ganglioneuroblastoma","0"
"Borrelia Burgdorferi Infection[SEP][CLS]glucosephosphate dehydrogenase deficiency","0"
"Seizure Disorder[SEP][CLS]hormone producing pituitary cancer","0"
"Keratoconjunctivitis[SEP][CLS]ovarian germ cell teratoma","0"
"Endemic Goiter[SEP][CLS]renal cell carcinoma","0"
"Mesenchymal Chondrosarcoma[SEP][CLS]placenta disease","0"
"Acute Endometritis[SEP][CLS]central nervous system embryonal tumor","0"
"Alcoholic Cirrhosis[SEP][CLS]liver cirrhosis","1"
"Breast Microglandular Adenosis[SEP][CLS]rectosigmoid junction cancer","0"
"Solitary Breast Cyst[SEP][CLS]malignant ovarian germ cell neoplasm","0"
"Composite Ganglioneuroblastoma, Schwannian Stroma-Rich and Stroma-Poor[SEP][CLS]osteosarcoma","0"
"Cervical Leukoplakia[SEP][CLS]cervix disease","1"
"Hereditary Glomangioma[SEP][CLS]hypolipoproteinemia","0"
"Amelanotic Melanoma[SEP][CLS]central nervous system benign neoplasm","0"
"Malignant Type AB Thymoma[SEP][CLS]liposarcoma","0"
"Epiglottis Neoplasm[SEP][CLS]islet cell tumor","0"
"Endophthalmitis[SEP][CLS]hematopoietic system disease","0"
"Blomstrand Type Chondrodysplasia[SEP][CLS]malignant pineal area germ cell neoplasm","0"
"Cytochrome-C Oxidase Deficiency[SEP][CLS]primary bacterial infectious disease","0"
"Cervical Endometrioid Stromal and Related Neoplasms[SEP][CLS]breast carcinoma","0"
"Childhood Acute Lymphoblastic Leukemia[SEP][CLS]low grade glioma","0"
"Rectal Kaposi Sarcoma[SEP][CLS]optic nerve disease","0"
"Tongue Disorder[SEP][CLS]skin disease","0"
"Dedifferentiated Liposarcoma[SEP][CLS]invasive bladder transitional cell carcinoma","0"
"Giant Cell Tumor[SEP][CLS]leukocyte disease","0"
"Dubin-Johnson Syndrome[SEP][CLS]breast squamous cell carcinoma","0"
"Vitiligo[SEP][CLS]autoimmune disease of skin and connective tissue","1"
"Jugular Foramen Meningioma[SEP][CLS]frontal sinus benign neoplasm","0"
"Cholecystitis[SEP][CLS]hypothyroidism","0"
"Childhood Malignant Germ Cell Tumor[SEP][CLS]childhood germ cell cancer","1"
"Ovarian Teratoma[SEP][CLS]bone remodeling disease","0"
"Gliomatosis Cerebri[SEP][CLS]breast benign neoplasm","0"
"Childhood Testicular Embryonal Carcinoma[SEP][CLS]hyperparathyroidism","0"
"Desquamative Interstitial Pneumonia[SEP][CLS]carcinoma","0"
"Thyroid Gland Oncocytic Carcinoma[SEP][CLS]malignant mediastinal neurogenic neoplasm","0"
"Middle Ear Polyp[SEP][CLS]eye disease","0"
"Thyrotoxicosis[SEP][CLS]extraosseous Ewing sarcoma","0"
"Dihydropyrimidine Dehydrogenase Deficiency[SEP][CLS]microcytic anemia","0"
"Malignant Myoepithelioma[SEP][CLS]vulva squamous cell carcinoma","0"
"Mesothelioma[SEP][CLS]brain cancer","0"
"Myeloid Leukemia Associated with Down Syndrome[SEP][CLS]breast intraductal proliferative lesion","0"
"Diabetic Retinopathy[SEP][CLS]intraductal breast benign neoplasm","0"
"Embryonal Tumor with Multilayered Rosettes, C19MC-Altered[SEP][CLS]metal metabolism disorder","0"
"Pineal Region Teratoma[SEP][CLS]overnutrition","0"
"Liver Rhabdomyosarcoma[SEP][CLS]synovial sarcoma","0"
"Cardiac Neurofibroma[SEP][CLS]pancreatic adenocarcinoma","0"
"Klippel-Trenaunay-Weber Syndrome[SEP][CLS]cholecystitis","0"
"Desbuquois Dysplasia[SEP][CLS]vaginal benign neoplasm","0"
"Rectal Neoplasm[SEP][CLS]intestinal benign neoplasm","1"
"Sudden Infant Death Syndrome[SEP][CLS]conventional osteosarcoma","0"
"Bladder Hepatoid Adenocarcinoma[SEP][CLS]bladder adenocarcinoma","1"
"Sacral Intraspinal Meningioma[SEP][CLS]jejunal cancer","0"
"Acute Myeloid Leukemia with inv(3)(q21.3;q26.2) or t(3;3)(q21.3;q26.2); GATA2, MECOM[SEP][CLS]autosomal dominant cerebellar ataxia","0"
"Lymphangitis[SEP][CLS]tuberculosis","0"
"Sick Euthyroid Syndrome[SEP][CLS]liposarcoma","0"
"Hyperhomocysteinemia[SEP][CLS]brain infarction","0"
"Schizoid Personality Disorder[SEP][CLS]skin carcinoma","0"
"Adrenal Rest Tumor[SEP][CLS]breast disease","0"
"Chronic Cervicitis[SEP][CLS]disease of mental health","0"
"Posterior Uveitis[SEP][CLS]congenital heart disease","0"
"Phobia[SEP][CLS]medulloblastoma","0"
"Diffuse Leptomeningeal Glioneuronal Tumor[SEP][CLS]central nervous system benign neoplasm","1"
"Trigeminal Nerve Neoplasm[SEP][CLS]notochordal cancer","0"
"Gallbladder Disorder[SEP][CLS]carcinoma","0"
"Ovarian Primitive Germ Cell Tumor[SEP][CLS]relapsing fever","0"
"Squamous Papillomatosis[SEP][CLS]sinoatrial node disease","0"
"Signet Ring Cell Intrahepatic Cholangiocarcinoma[SEP][CLS]ovarian germ cell teratoma","0"
"B Acute Lymphoblastic Leukemia with t(5;14)(q31.1;q32.3); IL3-IGH[SEP][CLS]malignant mediastinal neurogenic neoplasm","0"
"Esophageal Atresia[SEP][CLS]disease of anatomical entity","0"
"Carotenemia[SEP][CLS]malignant dermis tumor","0"
"Sarcomatoid Intrahepatic Cholangiocarcinoma[SEP][CLS]ethmoid sinus cancer","0"
"Scleritis[SEP][CLS]cerebral degeneration","0"
"Empty Sella Syndrome[SEP][CLS]second-degree atrioventricular block","0"
"Dry Eye Syndrome[SEP][CLS]myeloid neoplasm","0"
"Breast Leiomyoma[SEP][CLS]breast benign neoplasm","1"
"Gaucher Disease[SEP][CLS]sphingolipidosis","1"
"Anorexia Nervosa[SEP][CLS]intraductal breast benign neoplasm","0"
"Phobia[SEP][CLS]disease","0"
"Corticotroph Pituitary Neuroendocrine Tumor[SEP][CLS]functioning pituitary adenoma","1"
"Differentiating Neuroblastoma[SEP][CLS]cystadenocarcinoma","0"
"Diffuse Cerebral Sclerosis of Schilder[SEP][CLS]intrahepatic cholangiocarcinoma","0"
"Parathyroid Gland Mixed Cell Type Adenoma[SEP][CLS]invasive bladder transitional cell carcinoma","0"
"Ovarian Biphasic or Triphasic Teratoma[SEP][CLS]disease","0"
"Adenomatoid Tumor[SEP][CLS]trigeminal nerve neoplasm","0"
"Hemoglobinopathy[SEP][CLS]restrictive cardiomyopathy","0"
"Buruli Ulcer[SEP][CLS]focal dystonia","0"
"Scimitar Syndrome[SEP][CLS]pyelonephritis","0"
"Actinic Keratosis[SEP][CLS]synovium cancer","0"
"Anal Margin Basal Cell Carcinoma[SEP][CLS]bile duct disease","0"
"Cerebral Sarcoidosis[SEP][CLS]disease of mental health","0"
"Granulomatous Arteritis[SEP][CLS]physical disorder","0"
"Colon Leiomyosarcoma[SEP][CLS]inherited metabolic disorder","0"
"Vulvar Keratinizing Squamous Cell Carcinoma[SEP][CLS]retinal artery occlusion","0"
"Ovarian Germ Cell Tumor[SEP][CLS]bronchus adenoma","0"
"Appendicitis[SEP][CLS]cecal disease","1"
"Mesothelioma[SEP][CLS]small cell sarcoma","0"
"Cervical Mucinous Adenocarcinoma, Signet Ring Cell-Type[SEP][CLS]heart conduction disease","0"
"Asbestos-Related Lung Carcinoma[SEP][CLS]lung carcinoma","1"
"Cirrhosis[SEP][CLS]spinal canal and spinal cord meningioma","0"
"Vulvar Basaloid Carcinoma[SEP][CLS]urethral benign neoplasm","0"
"Long QT Syndrome[SEP][CLS]papilloma","0"
"Disseminated Intravascular Coagulation[SEP][CLS]thrombophilia","1"
"Acute Sinusitis[SEP][CLS]paranasal sinus disease","1"
"Mixed Germ Cell Tumor[SEP][CLS]germ cell cancer","1"
"Cervical Wilms Tumor[SEP][CLS]acute myeloid leukemia","0"
"Malignant Ovarian Germ Cell Tumor[SEP][CLS]ovarian germ cell cancer","1"
"Melanotic Neuroectodermal Tumor[SEP][CLS]diabetes mellitus","0"
"Papillary Cystadenocarcinoma[SEP][CLS]malignant peripheral nerve sheath tumor","0"
"Obsessive-Compulsive Personality Disorder[SEP][CLS]vulva squamous cell carcinoma","0"
"Urethral Urothelial Papilloma[SEP][CLS]upper respiratory tract disease","0"
"Stage IVB Bladder Cancer[SEP][CLS]bladder carcinoma","1"
"T-Cell Prolymphocytic Leukemia[SEP][CLS]acute promyelocytic leukemia","0"
"Leiomyosarcoma[SEP][CLS]peripheral nervous system neoplasm","0"
"Pituitary Gland Necrosis[SEP][CLS]encephalitis","0"
"Phenylketonuria[SEP][CLS]cholangitis","0"
"Hypertension[SEP][CLS]intrahepatic cholestasis","0"
"Adrenal Gland Disorder[SEP][CLS]reflex epilepsy","0"
"Uterine Corpus Apoplectic Leiomyoma[SEP][CLS]uterine corpus cellular leiomyoma","1"
"T-Cell Prolymphocytic Leukemia[SEP][CLS]sweat gland benign neoplasm","0"
"Extraosseous Plasmacytoma[SEP][CLS]hyperostosis","0"
"Baritosis[SEP][CLS]autonomic nervous system neoplasm","0"
"Polycythaemia due to Excess Erythropoetin Production[SEP][CLS]focal epilepsy","0"
"Non Specific Chronic Endometritis[SEP][CLS]perivascular tumor","0"
"Stress Polycythemia[SEP][CLS]central nervous system embryonal tumor","0"
"Complement Deficiency[SEP][CLS]cataract","0"
"Neuropathy, Hereditary Sensory and Autonomic, Type I[SEP][CLS]bladder urothelial carcinoma","0"
"Prostate Angiosarcoma[SEP][CLS]skull base cancer","0"
"Ovarian Adenosarcoma[SEP][CLS]ovarian carcinosarcoma","1"
"Liver Angiomyolipoma[SEP][CLS]cervical adenomyoma","0"
"Bronchiectasis[SEP][CLS]sweat gland cancer","0"
"Melkersson-Rosenthal Syndrome[SEP][CLS]extrinsic allergic alveolitis","0"
"Malignant Gastric Granular Cell Tumor[SEP][CLS]viral infectious disease","0"
"Intracranial Abscess[SEP][CLS]panuveitis","0"
"Monophasic Synovial Sarcoma[SEP][CLS]vulva squamous cell carcinoma","0"
"Abdominal Aortic Aneurysm[SEP][CLS]systemic mastocytosis","0"
"Thyroid Gland Oncocytic Adenoma[SEP][CLS]dry eye syndrome","0"
"Lipid-Rich Carcinoma[SEP][CLS]breast disease","0"
"Childhood Acute Megakaryoblastic Leukemia[SEP][CLS]sleep disorder","0"
"Sick Euthyroid Syndrome[SEP][CLS]appendix adenocarcinoma","0"
"Sea-Blue Histiocyte Syndrome[SEP][CLS]disease by infectious agent","0"
"Olfactory Neuroblastoma[SEP][CLS]palmoplantar keratosis","0"
"Skin Fibroepithelial Basal Cell Carcinoma[SEP][CLS]esophagus adenocarcinoma","0"
"Gastric Body Carcinoma[SEP][CLS]adrenal gland disease","0"
"Amyloidosis[SEP][CLS]kidney cancer","0"
"Large Cell Acanthoma[SEP][CLS]malignant peripheral nerve sheath tumor","0"
"Ovarian Solid Teratoma[SEP][CLS]sebaceous carcinoma","0"
"Bullous Keratopathy[SEP][CLS]hypolipoproteinemia","0"
"Osteitis Fibrosa Cystica[SEP][CLS]bone resorption disease","1"
"Hydrocephalus[SEP][CLS]urinary tract papillary transitional cell benign neoplasm","0"
"Soft Tissue Chondroma[SEP][CLS]connective tissue benign neoplasm","1"
"Galactosemia[SEP][CLS]disorder of sexual development","0"
"Cervical Verrucous Carcinoma[SEP][CLS]uterine corpus cancer","0"
"Alcohol Abuse[SEP][CLS]uterine ligament adenocarcinoma","0"
"Unilateral Retinoblastoma[SEP][CLS]retinoblastoma","1"
"Benign Mediastinal Schwannoma[SEP][CLS]benign neurilemmoma","1"
"Adult Vaginal Botryoid-Type Embryonal Rhabdomyosarcoma[SEP][CLS]chromosomal deletion syndrome","0"
"Large Cell Medulloblastoma[SEP][CLS]trachea carcinoma","0"
"Extrahepatic Bile Duct Carcinoma[SEP][CLS]autosomal dominant intellectual developmental disorder","0"
"Aleukemic Leukemia Cutis[SEP][CLS]progressive myoclonus epilepsy","0"
"Human Papillomavirus-Independent Cervical Adenocarcinoma, Gastric-Type[SEP][CLS]cervical mucinous adenocarcinoma","1"
"Squamous Cell Neoplasm[SEP][CLS]personality disorder","0"
"Mevalonate Kinase Deficiency[SEP][CLS]extrinsic allergic alveolitis","0"
"Breast Medullary Carcinoma[SEP][CLS]breast benign neoplasm","0"
"Uterine Corpus Adenomyoma[SEP][CLS]uterine benign neoplasm","1"
"Angle Closure Glaucoma[SEP][CLS]atrophic glossitis","0"
"Gallbladder Stone[SEP][CLS]adenoma","0"
"Adenomyoma[SEP][CLS]extrinsic allergic alveolitis","0"
"Polycythemia[SEP][CLS]parathyroid gland disease","0"
"Capillary Leak Syndrome[SEP][CLS]liposarcoma","0"
"Thyroiditis[SEP][CLS]histone mutated tumor","0"
"Prostate Disorder[SEP][CLS]disease","0"
"Chronic Renal Failure[SEP][CLS]kidney failure","1"
"Fibroblastic Osteosarcoma[SEP][CLS]conventional osteosarcoma","1"
"Chronic Cholangitis[SEP][CLS]hemoglobinopathy","0"
"Orbit Hemangioma[SEP][CLS]male reproductive system disease","0"
"Anxiety Disorder[SEP][CLS]central nervous system teratoma","0"
"Mixed Cell Adenoma[SEP][CLS]cell type cancer","0"
"Hypercortisolemia[SEP][CLS]bladder carcinoma","0"
"Atherosclerosis[SEP][CLS]osteosclerosis","0"
"Autonomic Nervous System Neoplasm[SEP][CLS]chronic inflammation of lacrimal passage","0"
"Necrobiosis Lipoidica[SEP][CLS]sarcomatoid carcinoma","0"
"Cholangiolocellular Carcinoma[SEP][CLS]amino acid metabolic disorder","0"
"Malignant Subglottis Neoplasm[SEP][CLS]kidney benign neoplasm","0"
"Medulloblastoma, Non-WNT/Non-SHH, Group 4[SEP][CLS]medulloblastoma non-WNT/non-SHH","1"
"Acinar Cell Carcinoma[SEP][CLS]glomerulonephritis","0"
"Exocervical Carcinoma[SEP][CLS]cervix disease","0"
"Placenta Previa[SEP][CLS]placenta disease","1"
"Clear Cell Hidradenoma[SEP][CLS]lice infestation","0"
"Invasive Bladder Lipid-Rich Urothelial Carcinoma[SEP][CLS]glomerulonephritis","0"
"Aseptic Meningitis[SEP][CLS]glucosephosphate dehydrogenase deficiency","0"
"Vulvar Dystrophy[SEP][CLS]childhood testicular mixed germ cell tumor","0"
"Oncocytic Adenoma[SEP][CLS]endocrine organ benign neoplasm","1"
"Venous Hemangioma[SEP][CLS]pemphigus","0"
"Corneal Edema[SEP][CLS]viral infectious disease","0"
"Cystitis Glandularis[SEP][CLS]testicular yolk sac tumor","0"
"Splenic Manifestation of Leukemia[SEP][CLS]thalassemia","0"
"Uterine Corpus Atypical Polypoid Adenomyoma[SEP][CLS]hemangiopericytoma","0"
"Newcastle Disease[SEP][CLS]hemangioma","0"
"Clear Cell Hidradenoma[SEP][CLS]tertiary neurosyphilis","0"
"Signet Ring Cell Carcinoma[SEP][CLS]pulmonary fibrosis","0"
"Pituicytoma[SEP][CLS]adenoma","0"
"Ependymoma[SEP][CLS]thrombophilia","0"
"Stage IVB Bladder Cancer[SEP][CLS]prostate sarcoma","0"
"Extraventricular Neurocytoma[SEP][CLS]stomach disease","0"
"Meningoencephalitis[SEP][CLS]phagocyte bactericidal dysfunction","0"
"Glanders[SEP][CLS]anal margin carcinoma","0"
"Chromosome 2q37 Deletion Syndrome[SEP][CLS]chromosomal deletion syndrome","1"
"Hypogammaglobulinemia[SEP][CLS]inner ear cancer","0"
"Polymicrogyria[SEP][CLS]vulvar disease","0"
"Childhood Adrenal Gland Pheochromocytoma[SEP][CLS]stomach cancer","0"
"Reflex Epilepsy[SEP][CLS]vesiculobullous skin disease","0"
"Internal Auditory Canal Meningioma[SEP][CLS]childhood low-grade glioma","0"
"Conventional Angiosarcoma[SEP][CLS]leukemia","0"
"Conjunctival Vascular Disorder[SEP][CLS]cerebrum cancer","0"
"Intestinal Perforation[SEP][CLS]personality disorder","0"
"Malignant Oculomotor Nerve Neoplasm[SEP][CLS]cerebellar astrocytoma","0"
"Adult Liposarcoma[SEP][CLS]refractive error","0"
"Intrahepatic Bile Duct Adenoma[SEP][CLS]bile duct adenoma","1"
"Trigeminal Nerve Neoplasm[SEP][CLS]brain sarcoma","0"
"Refractory Malignant Testicular Germ Cell Tumor[SEP][CLS]acute myeloid leukemia","0"
"Uterine Corpus Leiomyosarcoma[SEP][CLS]primary bacterial infectious disease","0"
"Isovaleric Acidemia[SEP][CLS]Ehlers-Danlos syndrome","0"
"Childhood Angiosarcoma[SEP][CLS]angiosarcoma","1"
"Schizoid Personality Disorder[SEP][CLS]parasitic infectious disease","0"
"Progressive Supranuclear Palsy[SEP][CLS]movement disease","1"
"Primary Peritoneal Serous Papillary Adenocarcinoma[SEP][CLS]syndrome","0"
"Ovarian Mucinous Cystadenoma[SEP][CLS]islet cell tumor","0"
"Selective IgE Immunodeficiency[SEP][CLS]B-cell lymphoma","0"
"Acute Contagious Conjunctivitis[SEP][CLS]myeloproliferative neoplasm","0"
"Abducens Nerve Disorder[SEP][CLS]bladder disease","0"
"Pituitary Gland Hypoplasia[SEP][CLS]myeloid neoplasm","0"
"Chicken Pox[SEP][CLS]diffuse large B-cell lymphoma","0"
"Conn Syndrome[SEP][CLS]paranasal sinus disease","0"
"Cardiac Fibrosarcoma[SEP][CLS]heart sarcoma","1"
"Adult Cerebellar Neoplasm[SEP][CLS]eye disease","0"
"Desquamative Interstitial Pneumonia[SEP][CLS]metal metabolism disorder","0"
"Inverted Papilloma[SEP][CLS]salpingitis","0"
"Deep Hemangioma[SEP][CLS]oligodendroglioma","0"
"Kimura Disease[SEP][CLS]breast disease","0"
"Ainhum[SEP][CLS]central nervous system mesenchymal non-meningothelial tumor","0"
"Obstructive Jaundice[SEP][CLS]malignant mesenchymoma","0"
"Ovarian Sex Cord-Stromal Tumor[SEP][CLS]ovarian benign neoplasm","0"
"Cranial Nerve VII Palsy[SEP][CLS]heart disease","0"
"Adult Lymphoma[SEP][CLS]breast carcinoma","0"
"Childhood Osteosarcoma[SEP][CLS]osteosarcoma","1"
"Plexiform Schwannoma[SEP][CLS]brain stem glioma","0"
"Nipple Carcinoma[SEP][CLS]histiocytic and dendritic cell cancer","0"
"Depersonalization Disorder[SEP][CLS]specific phobia","0"
"B Acute Lymphoblastic Leukemia with t(12;21)(p13.2;q22.1); ETV6-RUNX1[SEP][CLS]bile duct adenocarcinoma","0"
"Pleomorphic Rhabdomyosarcoma[SEP][CLS]endodermal sinus tumor","0"
"Pineal Region Teratoma[SEP][CLS]bladder adenocarcinoma","0"
"Diffuse Lipomatosis[SEP][CLS]gastritis","0"
"Ovarian Serous Cystadenofibroma[SEP][CLS]squamous cell carcinoma","0"
"Melanoma in Congenital Melanocytic Nevus[SEP][CLS]meningioma","0"
"Staphylococcal Food Poisoning[SEP][CLS]skin benign neoplasm","0"
"Appendix Mucinous Cystadenocarcinoma[SEP][CLS]bladder adenocarcinoma","0"
"Ethmoidal Sinusitis[SEP][CLS]central nervous system lipoma","0"
"Spiradenoma[SEP][CLS]spinal canal and spinal cord meningioma","0"
"Wolman Disease[SEP][CLS]endodermal sinus tumor","0"
"Periodontitis[SEP][CLS]cervix endometrial stromal tumor","0"
"Dermatitis[SEP][CLS]dermatitis","0"
"Adenocarcinofibroma[SEP][CLS]urinary system disease","0"
"Childhood Cerebellar Neoplasm[SEP][CLS]male reproductive organ benign neoplasm","0"
"Oligoastrocytoma[SEP][CLS]mixed glioma","1"
"Medulloblastoma, SHH-Activated, TP53-Wildtype[SEP][CLS]congenital heart disease","0"
"Combined Lung Large Cell Neuroendocrine Carcinoma[SEP][CLS]fallopian tube adenocarcinoma","0"
"Acute Myeloid Leukemia with Biallelic CEBPA Mutation[SEP][CLS]liver disease","0"
"Myositis[SEP][CLS]primary bacterial infectious disease","0"
"Breast Oncocytic Carcinoma[SEP][CLS]urinary bladder cancer","0"
"Migraine With Aura[SEP][CLS]lysosomal storage disease","0"
"Aorta Disease[SEP][CLS]artery disease","1"
"Breast Squamous Cell Carcinoma, Spindle Cell Variant[SEP][CLS]breast squamous cell carcinoma","1"
"Gastric Teratoma[SEP][CLS]extraosseous osteosarcoma","0"
"Liver Inflammatory Myofibroblastic Tumor[SEP][CLS]brain stem cancer","0"
"Ovarian Dysgerminoma[SEP][CLS]breast duct papilloma","0"
"Endometritis[SEP][CLS]childhood brain stem glioma","0"
"Ovarian Dysgerminoma[SEP][CLS]lung squamous cell carcinoma","0"
"Adult Cystic Teratoma[SEP][CLS]selective immunoglobulin deficiency disease","0"
"Nodular Sclerosis Classic Hodgkin Lymphoma[SEP][CLS]pseudohypoparathyroidism","0"
"Orchitis[SEP][CLS]vaginal carcinosarcoma","0"
"Gastroschisis[SEP][CLS]physical disorder","1"
"Cole-Carpenter Syndrome[SEP][CLS]female reproductive organ cancer","0"
"Plantar Verrucous Carcinoma[SEP][CLS]chromosomal duplication syndrome","0"
"Unilateral Retinoblastoma[SEP][CLS]dermatitis","0"
"Rete Ovarii Cystadenoma[SEP][CLS]male reproductive system disease","0"
"Ganglioneuroblastoma, Intermixed[SEP][CLS]complex regional pain syndrome","0"
"Gastritis[SEP][CLS]second-degree atrioventricular block","0"
"Adult Astrocytic Tumor[SEP][CLS]tricuspid valve disease","0"
"Cervical Adenoid Cystic Carcinoma[SEP][CLS]severe pre-eclampsia","0"
"Lymphocytic Colitis[SEP][CLS]breast benign neoplasm","0"
"Mixed Cell Type Kidney Wilms Tumor[SEP][CLS]nephroblastoma","1"
"Childhood Hepatocellular Carcinoma[SEP][CLS]hepatocellular carcinoma","1"
"Rapidly Progressive Glomerulonephritis[SEP][CLS]intestinal disease","0"
"Chalazion[SEP][CLS]cavernous hemangioma","0"
"Hyperestrogenism[SEP][CLS]peripheral nervous system disease","0"
"Mediastinal Soft Tissue Neoplasm[SEP][CLS]ovarian endodermal sinus tumor","0"
"Accessory Nerve Disorder[SEP][CLS]lymphatic system disease","0"
"Peripheral Primitive Neuroectodermal Tumor of Bone[SEP][CLS]visceral heterotaxy","0"
"Testicular Atrophy[SEP][CLS]adrenal gland pheochromocytoma","0"
"Retinal Detachment[SEP][CLS]synostosis","0"
"Urinary Tract Obstruction[SEP][CLS]acute myeloid leukemia","0"
"Angelman Syndrome[SEP][CLS]malignant astrocytoma","0"
"Cole-Carpenter Syndrome[SEP][CLS]acute myeloid leukemia","0"
"Hepatoblastoma[SEP][CLS]testicular yolk sac tumor","0"
"Renal Osteodystrophy[SEP][CLS]kidney disease","1"
"Rectosigmoid Neoplasm[SEP][CLS]agnosia","0"
"Venous Hemangioma[SEP][CLS]skin squamous cell carcinoma","0"
"Testicular Yolk Sac Tumor, Enteric Pattern[SEP][CLS]nosophobia","0"
"Olfactory Neuroblastoma[SEP][CLS]malignant olfactory nerve neoplasm","1"
"Malignant Ovarian Epithelial Tumor[SEP][CLS]psychotic disorder","0"
"Breast Apocrine Carcinoma In Situ[SEP][CLS]craniosynostosis","0"
"Sarcomatoid Mesothelioma[SEP][CLS]dissociative disorder","0"
"Breast Solid Papillary Carcinoma[SEP][CLS]invasive bladder transitional cell carcinoma","0"
"Cervical Endometriosis[SEP][CLS]endocrine gland cancer","0"
"Wolf-Hirschhorn Syndrome[SEP][CLS]papilloma","0"
"Epithelioid Malignant Peripheral Nerve Sheath Tumor[SEP][CLS]adenocarcinoma","0"
"Retinal Detachment[SEP][CLS]retinal disease","1"
"Hypertrophic Pyloric Stenosis[SEP][CLS]prion disease","0"
"Extratemporal Epilepsy[SEP][CLS]Ewing sarcoma","0"
"Alzheimer's Disease[SEP][CLS]dermatophytosis","0"
"Anal Intraepithelial Neoplasia 3[SEP][CLS]hypolipoproteinemia","0"
"Appendix Neoplasm[SEP][CLS]islet cell tumor","0"
"Impetigo[SEP][CLS]low grade glioma","0"
"Kleptomania[SEP][CLS]impulse control disorder","1"
"Mesangial Proliferative Glomerulonephritis[SEP][CLS]sex cord-stromal benign neoplasm","0"
"Hypochondriasis[SEP][CLS]meningioma","0"
"Parietal Lobe Neoplasm[SEP][CLS]balanitis","0"
"Mediastinal Schwannoma[SEP][CLS]follicular adenoma","0"
"Renal Pelvis Urothelial Papilloma[SEP][CLS]osteosarcoma","0"
"Extrahepatic Bile Duct Adenoma[SEP][CLS]non-proliferative fibrocystic change of the breast","0"
"Long QT Syndrome[SEP][CLS]benign perivascular tumor","0"
"Central Nervous System Hibernoma[SEP][CLS]esophageal disease","0"
"Lung Abscess[SEP][CLS]central nervous system benign neoplasm","0"
"Skin Squamous Papilloma[SEP][CLS]skin papilloma","1"
"Invasive Bladder Urothelial Carcinoma[SEP][CLS]acquired metabolic disease","0"
"Epithelioid Angiomyolipoma[SEP][CLS]biliary papillomatosis","0"
"Rete Testis Neoplasm[SEP][CLS]neuroendocrine tumor","0"
"Night Blindness[SEP][CLS]duodenum cancer","0"
"Superior Mesenteric Artery Syndrome[SEP][CLS]duodenal obstruction","1"
"Renal Pelvis Papillary Urothelial Carcinoma[SEP][CLS]hepatic vascular disease","0"
"Acute Myeloid Leukemia without Maturation[SEP][CLS]nephroblastoma","0"
"Pars Planitis[SEP][CLS]chorioretinitis","1"
"Enophthalmos[SEP][CLS]disease","0"
"Cardiac Neurofibroma[SEP][CLS]neurofibroma","1"
"Proliferative Fasciitis[SEP][CLS]basal cell carcinoma","0"
"Pancreatoblastoma[SEP][CLS]bartonellosis","0"
"Mixed Glioma[SEP][CLS]high grade glioma","1"
"Orbital Granuloma[SEP][CLS]metabolic acidosis","0"
"Acute Myeloid Leukemia with RUNX1 Mutation[SEP][CLS]acute myeloid leukemia","1"
"Barakat Syndrome[SEP][CLS]autoimmune disease of gastrointestinal tract","0"
"Accessory Nerve Neoplasm[SEP][CLS]cranial nerve malignant neoplasm","1"
"Intrahepatic Cholestasis[SEP][CLS]cranial nerve malignant neoplasm","0"
"Thyroid Gland Well-Differentiated Tumor of Uncertain Malignant Potential[SEP][CLS]thymic carcinoma","0"
"Encephalitis Lethargica[SEP][CLS]peritoneal serous adenocarcinoma","0"
"Cellular Neurofibroma[SEP][CLS]dissociative disorder","0"
"Falx Cerebri Meningioma[SEP][CLS]anterior cranial fossa meningioma","1"
"Fetal Valproate Syndrome[SEP][CLS]open-angle glaucoma","0"
"Pericardial Effusion[SEP][CLS]pericardium disease","1"
"Necrotizing Gastritis[SEP][CLS]chromosomal deletion syndrome","0"
"Pineal Region Germinoma[SEP][CLS]ulcerative stomatitis","0"
"Temporal Lobe Epilepsy[SEP][CLS]neurilemmoma","0"
"Mediastinal Ganglioneuroblastoma[SEP][CLS]bile duct adenocarcinoma","0"
"Thymic Large Cell Neuroendocrine Carcinoma[SEP][CLS]thymic carcinoma","1"
"Cellular Schwannoma[SEP][CLS]mineral metabolism disease","0"
"Burkitt Lymphoma[SEP][CLS]diffuse large B-cell lymphoma","0"
"Gallbladder Stone[SEP][CLS]congenital hemolytic anemia","0"
"Addison's Disease[SEP][CLS]lymphoma","0"
"Fetishism[SEP][CLS]paraphilia disorder","1"
"Zollinger Ellison Syndrome[SEP][CLS]cranial nerve III tumor","0"
"Chondroid Lipoma[SEP][CLS]cell type benign neoplasm","0"
"Anterior Uveitis[SEP][CLS]panuveitis","1"
"Cervical Keratinizing Squamous Cell Carcinoma[SEP][CLS]personality disorder","0"
"Ovarian Mucinous Adenocarcinofibroma[SEP][CLS]autoimmune disease of endocrine system","0"
"Downward Ocular Deviation[SEP][CLS]esophageal disease","0"
"Angioleiomyoma[SEP][CLS]vascular disease","1"
"Skin Liposarcoma[SEP][CLS]scleroderma","0"
"Skin Adamantinoid Basal Cell Carcinoma[SEP][CLS]radiculopathy","0"
"Acquired Immunodeficiency Syndrome[SEP][CLS]acute myeloid leukemia","0"
"Childhood Ovarian Yolk Sac Tumor[SEP][CLS]nutritional deficiency disease","0"
"Clear Cell Adenoma[SEP][CLS]colon cancer","0"
"Rhinitis[SEP][CLS]meningioma","0"
"Norwegian Scabies[SEP][CLS]lipid metabolism disorder","0"
"Musculoskeletal Disorder[SEP][CLS]acute myeloid leukemia","0"
"Cancerphobia[SEP][CLS]choroid cancer","0"
"Cannabis Dependence[SEP][CLS]hallucinogen dependence","1"
"Mitral Valve Stenosis[SEP][CLS]papillary adenocarcinoma","0"
"Typhoid Fever[SEP][CLS]amino acid metabolic disorder","0"
"Non-Muscle Invasive Bladder Carcinoma[SEP][CLS]pulmonary artery disease","0"
"Penile Verrucous Carcinoma[SEP][CLS]penis squamous cell carcinoma","1"
"Diffuse Pulmonary Fibrosis[SEP][CLS]B-lymphoblastic leukemia/lymphoma","0"
"Bladder Papillary Urothelial Carcinoma[SEP][CLS]bladder urothelial carcinoma","1"
"Childhood Astrocytic Tumor[SEP][CLS]intestinal disease","0"
"Eyelid Disorder[SEP][CLS]hemorrhagic disease","0"
"Composite Ganglioneuroblastoma, Schwannian Stroma-Rich and Stroma-Poor[SEP][CLS]impulse control disorder","0"
"Type II Acrocephalopolysyndactyly[SEP][CLS]acrocephalosyndactylia","1"
"Russell-Silver Syndrome[SEP][CLS]gonadal disease","0"
"Pituitary Gland Necrosis[SEP][CLS]cataract","0"
"Posterior Fossa Ependymoma, Group B (PFB)[SEP][CLS]hepatobiliary disease","0"
"Photosensitive Dermatitis[SEP][CLS]lower respiratory tract disease","0"
"Hereditary Elliptocytosis[SEP][CLS]pemphigoid","0"
"Fredrickson Type IV Lipidemia[SEP][CLS]uveal disease","0"
"Cerebral Hemangioma[SEP][CLS]cardiovascular organ benign neoplasm","0"
"Cholecystitis[SEP][CLS]anemia","0"
"Visual Epilepsy[SEP][CLS]epilepsy","1"
"De Sanctis-Cacchione Syndrome[SEP][CLS]ovarian benign neoplasm","0"
"Central Nervous System Immature Teratoma[SEP][CLS]urethral disease","0"
"Bladder Signet Ring Cell Adenocarcinoma[SEP][CLS]impulse control disorder","0"
"Bilateral Breast Carcinoma[SEP][CLS]sweat gland benign neoplasm","0"
"Proximal-Type Epithelioid Sarcoma[SEP][CLS]angiomyoma","0"
"Polyclonal Hypergammaglobulinemia[SEP][CLS]mixed glioma","0"
"Acute Myeloid Leukemia with BCR-ABL1[SEP][CLS]malignant hemangioma","0"
"Kidney Angiomyolipoma[SEP][CLS]posterior fossa ependymoma","0"
"Malignant Oculomotor Nerve Neoplasm[SEP][CLS]periapical periodontitis","0"
"Poland Syndrome[SEP][CLS]chorioretinitis","0"
"Orofaciodigital Syndrome Type 6[SEP][CLS]congenital hemolytic anemia","0"
"Intraocular Pressure Decreased[SEP][CLS]prostate adenocarcinoma","0"
"Anti-Basement Membrane Glomerulonephritis[SEP][CLS]colonic disease","0"
"Chronic Suppurative Otitis Media[SEP][CLS]systemic mastocytosis","0"
"Gastric Teratoma[SEP][CLS]endometritis","0"
"Testicular Choriocarcinoma[SEP][CLS]bladder disease","0"
"Extraskeletal Ewing Sarcoma[SEP][CLS]mouth disease","0"
"Adult Spinal Cord Ependymoma[SEP][CLS]rhinitis","0"
"Testicular Non-Seminomatous Germ Cell Tumor[SEP][CLS]urethra cancer","0"
"Breast Hemangiopericytoma[SEP][CLS]syndrome","0"
"Photokeratitis[SEP][CLS]motor neuron disease","0"
"Connective Tissue Disorder[SEP][CLS]musculoskeletal system disease","1"
"Salpingitis[SEP][CLS]gonadal dysgenesis","0"
"Facial Hemiatrophy[SEP][CLS]facial nerve disease","1"
"Ciliary Motility Defect[SEP][CLS]prostate disease","0"
"Anthracosilicosis[SEP][CLS]legionellosis","0"
"Gastrointestinal Stromal Tumor[SEP][CLS]prostate adenocarcinoma","0"
"Cerebral Hemisphere Lipoma[SEP][CLS]urea cycle disorder","0"
"Acute Myeloid Leukemia with Biallelic CEBPA Mutation[SEP][CLS]eye disease","0"
"Erythema Infectiosum[SEP][CLS]skull base cancer","0"
"Primary Lymphedema[SEP][CLS]malignant ovarian germ cell neoplasm","0"
"Epithelioid Neurofibroma[SEP][CLS]peripheral nervous system neoplasm","0"
"Tay-Sachs Disease[SEP][CLS]peripheral osteosarcoma","0"
"Verrucous Carcinoma[SEP][CLS]basal cell carcinoma","0"
"Thymoma Type B2[SEP][CLS]psychosexual disorder","0"
"Breast Apocrine Adenosis[SEP][CLS]male reproductive system disease","0"
"Pyothorax[SEP][CLS]intestinal cancer","0"
"Dyschromatosis Symmetrica Hereditaria[SEP][CLS]endocrine pancreas disease","0"
"Type 1 Renal Papillary Adenoma[SEP][CLS]conventional osteosarcoma","0"
"Neuroendocrine Carcinoma[SEP][CLS]leiomyosarcoma","0"
"Pick's Disease[SEP][CLS]scrotal carcinoma","0"
"Cervical Disc Degenerative Disorder[SEP][CLS]thyroid gland disease","0"
"Hairy Cell Leukemia[SEP][CLS]proteinuria","0"
"Localized Scleroderma[SEP][CLS]endometrial disease","0"
"Leishmaniasis[SEP][CLS]thymus gland disease","0"
"Angiokeratoma Circumscriptum[SEP][CLS]male urethral cancer","0"
"Breast Acinic Cell Carcinoma[SEP][CLS]oligodendroglioma","0"
"Adult Liposarcoma[SEP][CLS]central nervous system adult germ cell tumor","0"
"Female Orgasmic Disorder[SEP][CLS]female reproductive system disease","1"
"Benign Recurrent Intrahepatic Cholestasis[SEP][CLS]testicular cancer","0"
"Leiomyosarcoma[SEP][CLS]ampulla of Vater adenocarcinoma","0"
"Acute Myeloid Leukemia without Maturation[SEP][CLS]acute myeloid leukemia","1"
"Epidermolysis Bullosa Simplex[SEP][CLS]syndrome","0"
"Anal Canal Paget Disease[SEP][CLS]teeth hard tissue disease","0"
"Juvenile Pilocytic Astrocytoma[SEP][CLS]meningeal melanoma","0"
"Astrocytoma, IDH-Mutant, Grade 3[SEP][CLS]motor neuron disease","0"
"Cervical Atypical Polypoid Adenomyoma[SEP][CLS]glomerulonephritis","0"
"Brain Stem Astrocytoma[SEP][CLS]autonomic neuropathy","0"
"Kearns-Sayre Syndrome[SEP][CLS]colitis","0"
"Hydranencephaly[SEP][CLS]central nervous system benign neoplasm","0"
"Adult Extraskeletal Myxoid Chondrosarcoma[SEP][CLS]primary bacterial infectious disease","0"
"Tricuspid Valve Stenosis[SEP][CLS]lysosomal storage disease","0"
"Hemoglobin C Disease[SEP][CLS]aortic valve stenosis","0"
"Bowel Obstruction[SEP][CLS]high grade ependymoma","0"
"Breast Acinic Cell Carcinoma[SEP][CLS]viral infectious disease","0"
"Guillain-Barre Syndrome[SEP][CLS]parathyroid adenoma","0"
"Paranasal Sinus Disorder[SEP][CLS]lymphatic system disease","0"
"Prostatic Urethra Urothelial Carcinoma[SEP][CLS]arthropathy","0"
"Encephalomyelitis[SEP][CLS]oligodendroglioma","0"
"Uterine Corpus Adenosarcoma[SEP][CLS]conventional osteosarcoma","0"
"Peripheral Primitive Neuroectodermal Tumor of Soft Tissues[SEP][CLS]renal cell carcinoma","0"
"Obsessive Compulsive Disorder[SEP][CLS]central nervous system embryonal tumor","0"
"Adenosine Deaminase Deficiency[SEP][CLS]metal metabolism disorder","0"
"Ganglioneuroblastoma, Intermixed[SEP][CLS]breast adenocarcinoma","0"
"Central Nervous System Disorder[SEP][CLS]viral infectious disease","0"
"Spermatocele[SEP][CLS]hydrocephalus","0"
"Antiphospholipid Syndrome[SEP][CLS]central nervous system teratoma","0"
"Xanthogranulomatous Pyelonephritis[SEP][CLS]cheilitis","0"
"Rheumatologic Disorder[SEP][CLS]malignant hemangioma","0"
"Atypical Teratoid/Rhabdoid Tumor[SEP][CLS]osteochondrodysplasia","0"
"Linitis Plastica[SEP][CLS]inherited metabolic disorder","0"
"Balantidiasis[SEP][CLS]spinal cord primitive neuroectodermal neoplasm","0"
"Childhood Extraskeletal Myxoid Chondrosarcoma[SEP][CLS]intestinal obstruction","0"
"Generalized Epilepsy[SEP][CLS]leiomyosarcoma","0"
"Dermatitis[SEP][CLS]skin disease","1"
"Incontinentia Pigmenti[SEP][CLS]skin benign neoplasm","0"
"Fructose-1,6-Bisphosphatase Deficiency[SEP][CLS]carbohydrate metabolic disorder","1"
"Musculoskeletal Disorder[SEP][CLS]cervicitis","0"
"Vulvar Trichoepithelioma[SEP][CLS]eccrine sweat gland neoplasm","0"
"Mediastinal Rhabdomyosarcoma[SEP][CLS]cerebral arterial disease","0"
"Oligospermia[SEP][CLS]male infertility","1"
"Sezary Syndrome[SEP][CLS]plasma protein metabolism disease","0"
"Fabry Disease[SEP][CLS]laryngeal disease","0"
"Angioleiomyoma[SEP][CLS]hemoglobinopathy","0"
"Bone Osteosarcoma[SEP][CLS]uterine ligament adenocarcinoma","0"
"Paronychia[SEP][CLS]fasciitis","0"
"Cerebrotendinous Xanthomatosis[SEP][CLS]blindness","0"
"Oligoastrocytoma[SEP][CLS]diffuse large B-cell lymphoma","0"
"Intravascular Large B-Cell Lymphoma[SEP][CLS]central nervous system sarcoma","0"
"Mikulicz Disease[SEP][CLS]kidney cancer","0"
"Acalculous Cholecystitis[SEP][CLS]peripheral nerve schwannoma","0"
"Dysembryoplastic Neuroepithelial Tumor[SEP][CLS]intestinal disease","0"
"Biliary Atresia[SEP][CLS]thyroid gland adenocarcinoma","0"
"Prolymphocytic Leukemia[SEP][CLS]pleomorphic rhabdomyosarcoma","0"
"Oxyphilic Endometrial Endometrioid Adenocarcinoma[SEP][CLS]external ear disease","0"
"Rickets[SEP][CLS]skin disease","0"
"Hypothalamic Neoplasm[SEP][CLS]secondary hypertension","0"
"Childhood Mediastinal Neurogenic Neoplasm[SEP][CLS]neuropathy","0"
"Skin Clear Cell Squamous Cell Carcinoma[SEP][CLS]immature teratoma of ovary","0"
"Aflatoxins-Related Hepatocellular Carcinoma[SEP][CLS]cervicitis","0"
"Bile Duct Mucinous Cystic Neoplasm with an Associated Invasive Carcinoma[SEP][CLS]iridocyclitis","0"
"West Syndrome[SEP][CLS]synovial sarcoma","0"
"Pathological Gambling[SEP][CLS]intrahepatic cholangiocarcinoma","0"
"Granular Cell Tumor of the Sellar Region[SEP][CLS]lip disease","0"
"Anal Mucinous Adenocarcinoma[SEP][CLS]prostatic urethral cancer","0"
"Synchronous Bilateral Breast Carcinoma[SEP][CLS]peripheral vascular disease","0"
"Ebola Hemorrhagic Fever[SEP][CLS]subependymal glioma","0"
"Urethral Clear Cell Adenocarcinoma[SEP][CLS]urethra adenocarcinoma","1"
"Malignant Leptomeningeal Neoplasm[SEP][CLS]chromosomal duplication syndrome","0"
"Primary Peritoneal Serous Adenocarcinoma[SEP][CLS]peritoneal carcinoma","1"
"Endometrioid Stromal Sarcoma of the Cervix[SEP][CLS]breast disease","0"
"Pericholangitis[SEP][CLS]lung carcinoma","0"
"Ampulla of Vater Signet Ring Cell Carcinoma[SEP][CLS]ampulla of Vater adenocarcinoma","1"
"Abducens Nerve Disorder[SEP][CLS]infratentorial cancer","0"
"Ovarian Rhabdomyosarcoma[SEP][CLS]melanoma","0"
"Melanotic Schwannoma[SEP][CLS]epidermolysis bullosa","0"
"Digestive System Neuroendocrine Neoplasm[SEP][CLS]intracranial structure hemangioma","0"
"Louse-Borne Relapsing Fever[SEP][CLS]congenital hemolytic anemia","0"
"Marshall Syndrome[SEP][CLS]peritoneal benign neoplasm","0"
"B Acute Lymphoblastic Leukemia with t(v;11q23.3); KMT2A Rearranged[SEP][CLS]speech disorder","0"
"Castration-Resistant Prostate Carcinoma[SEP][CLS]uveal disease","0"
"Classic Congenital Mesoblastic Nephroma[SEP][CLS]hepatocellular carcinoma","0"
"Duodenitis[SEP][CLS]cervical adenosquamous carcinoma","0"
"Pyuria[SEP][CLS]bilateral breast cancer","0"
"Childhood Ovarian Choriocarcinoma[SEP][CLS]breast sarcoma","0"
"Irritable Bowel Syndrome[SEP][CLS]malignant mediastinal neurogenic neoplasm","0"
"Genetic Disorder[SEP][CLS]lung benign neoplasm","0"
"Intracranial Aneurysm[SEP][CLS]respiratory failure","0"
"Frontal Convexity Meningioma[SEP][CLS]specific developmental disorder","0"
"Inclusion Body Myositis[SEP][CLS]autoimmune disease of gastrointestinal tract","0"
"Demyelinating Polyneuropathy[SEP][CLS]prostate carcinoma","0"
"Partial Motor Seizure[SEP][CLS]parasitic helminthiasis infectious disease","0"
"Anal Intraepithelial Neoplasia 3[SEP][CLS]extraskeletal myxoid chondrosarcoma","0"
"Tenosynovial Giant Cell Tumor[SEP][CLS]female reproductive system disease","0"
"Childhood Infratentorial Ependymoma[SEP][CLS]infratentorial cancer","1"
"Uterine Corpus Leiomyoma[SEP][CLS]gastritis","0"
"Astrocytoma, IDH-Mutant[SEP][CLS]supraglottis neoplasm","0"
"Colon Leiomyosarcoma[SEP][CLS]uveal melanoma","0"
"Malignant Leptomeningeal Neoplasm[SEP][CLS]meningioma","1"
"Apocrine Adenoma[SEP][CLS]syndrome","0"
"Acute Myocarditis[SEP][CLS]syndrome","0"
"Adenocarcinofibroma[SEP][CLS]acute myeloid leukemia","0"
"Somatostatin-Producing Neuroendocrine Tumor[SEP][CLS]immune system disease","0"
"Extrahepatic Cholestasis[SEP][CLS]benign perivascular tumor","0"
"Ovarian Endometrioid Cystadenofibroma[SEP][CLS]bone benign neoplasm","0"
"Testicular Atrophy[SEP][CLS]autoimmune disease","0"
"Short Bowel Syndrome[SEP][CLS]lung large cell carcinoma","0"
"Bare Lymphocyte Syndrome[SEP][CLS]pericardial effusion","0"
"Myoclonic Epilepsy of Unverricht and Lundborg[SEP][CLS]prostate adenocarcinoma","0"
"Mucin-Producing Intrahepatic Cholangiocarcinoma[SEP][CLS]lung disease","0"
"Ovarian Small Cell Carcinoma, Hypercalcemic Type[SEP][CLS]hypolipoproteinemia","0"
"Salpingitis Isthmica Nodosa[SEP][CLS]panuveitis","0"
"Pyloric Stenosis[SEP][CLS]acquired metabolic disease","0"
"Pancytopenia[SEP][CLS]ciliary body cancer","0"
"Composite Ganglioneuroblastoma, Stroma-Dominant and Stroma-Poor[SEP][CLS]mononeuropathy","0"
"Lung Papillary Adenocarcinoma[SEP][CLS]intestinal disease","0"
"Appendicitis[SEP][CLS]pancreatic adenocarcinoma","0"
"Rumination Disorder[SEP][CLS]skin hemangioma","0"
"C3 Deficiency[SEP][CLS]bone cancer","0"
"Legionella Pneumonia[SEP][CLS]meningioma","0"
"Striatonigral Degeneration[SEP][CLS]medulloblastoma","0"
"Pleomorphic Carcinoma[SEP][CLS]brain glioma","0"
"Partial Motor Seizure[SEP][CLS]personality disorder","0"
"Spinal Multifocal Clear Cell Meningioma[SEP][CLS]external ear disease","0"
"Regional Ureter Carcinoma[SEP][CLS]nephrosis","0"
"Ovarian Cystadenoma[SEP][CLS]ovarian benign neoplasm","1"
"Bladder Verrucous Carcinoma[SEP][CLS]eye disease","0"
"Intranodal Palisaded Myofibroblastoma[SEP][CLS]medulloblastoma","0"
"Pseudomembranous Conjunctivitis[SEP][CLS]primary cutaneous T-cell non-Hodgkin lymphoma","0"
"Cryoglobulinemia[SEP][CLS]eating disorder","0"
"Malignant Colorectal Neoplasm[SEP][CLS]apocrine sweat gland neoplasm","0"
"Cervical Basaloid Carcinoma[SEP][CLS]cervical squamous cell carcinoma","1"
"Mitral Valve Stenosis[SEP][CLS]sphingolipidosis","0"
"Colitis[SEP][CLS]tooth disease","0"
"Klinefelter Syndrome[SEP][CLS]liver sarcoma","0"
"Adenocarcinoma In Situ[SEP][CLS]central nervous system disease","0"
"Post-Streptococcal Glomerulonephritis[SEP][CLS]pneumoconiosis","0"
"Rhabdoid Tumor of the Kidney[SEP][CLS]high grade glioma","0"
"Malignant Rectosigmoid Neoplasm[SEP][CLS]neurodegenerative disease","0"
"Malignant Prostate Phyllodes Tumor[SEP][CLS]brain disease","0"
"Prediabetes[SEP][CLS]mite infestation","0"
"Cerebral Palsy[SEP][CLS]breast hemangioma","0"
"Breast Flat Ductal Epithelial Atypia[SEP][CLS]carcinoma","0"
"Malaria[SEP][CLS]hematopoietic system disease","0"
"Laryngeal Stenosis[SEP][CLS]autoimmune disease of skin and connective tissue","0"
"Fetal Valproate Syndrome[SEP][CLS]bone sarcoma","0"
"Lymphangioma[SEP][CLS]microscopic colitis","0"
"Monophasic Synovial Sarcoma[SEP][CLS]personality disorder","0"
"Anal Disorder[SEP][CLS]cervical cancer","0"
"Generalized Atherosclerosis[SEP][CLS]deep keratitis","0"
"Nonossifying Fibromyxoid Tumor[SEP][CLS]laryngeal carcinoma","0"
"Myelitis[SEP][CLS]stomach disease","0"
"Malignant Melanotic Peripheral Nerve Sheath Tumor[SEP][CLS]breast carcinoma","0"
"Epithelial Synovial Sarcoma[SEP][CLS]autism spectrum disorder","0"
"Vulvar Trichoepithelioma[SEP][CLS]bladder urothelial carcinoma","0"
"Acute Myeloid Leukemia with BCR-ABL1[SEP][CLS]cervix disease","0"
"Ureteric Orifice[SEP][CLS]peritoneal benign neoplasm","0"
"Balantidiasis[SEP][CLS]syndrome","0"
"Macular Corneal Dystrophy[SEP][CLS]tibial neuropathy","0"
"Aflatoxins-Related Hepatocellular Carcinoma[SEP][CLS]bronchial disease","0"
"Primary Intracranial Sarcoma, DICER1-Mutant[SEP][CLS]benign perivascular tumor","0"
"Dartoic Leiomyoma[SEP][CLS]diffuse large B-cell lymphoma","0"
"Paraplegia[SEP][CLS]urethra adenocarcinoma","0"
"Thoracic Intraspinal Meningioma[SEP][CLS]viral infectious disease","0"
"Metanephric Adenoma[SEP][CLS]intrahepatic cholangiocarcinoma","0"
"Rectal Leiomyosarcoma[SEP][CLS]skull base meningioma","0"
"Skin Clear Cell Basal Cell Carcinoma[SEP][CLS]hypopharynx cancer","0"
"Phimosis[SEP][CLS]penile disease","1"
"Rectal Rhabdomyosarcoma[SEP][CLS]lung leiomyoma","0"
"Thyroid Gland Malformation[SEP][CLS]oligodendroglioma","0"
"Acrodermatitis[SEP][CLS]atherosclerosis","0"
"Methemoglobinemia[SEP][CLS]bullous skin disease","0"
"Hand Foot and Mouth Disease[SEP][CLS]polycythemia","0"
"Posterior Urethral Malignant Neoplasm[SEP][CLS]refractory hematologic cancer","0"
"Hyperparathyroidism[SEP][CLS]heart sarcoma","0"
"Tylosis[SEP][CLS]primary bacterial infectious disease","0"
"Hyperkalemic Periodic Paralysis[SEP][CLS]urethral benign neoplasm","0"
"Gastric Immature Teratoma[SEP][CLS]normocytic anemia","0"
"Parasagittal Meningioma[SEP][CLS]syndrome","0"
"Ovarian Malignant Mesothelioma[SEP][CLS]syphilis","0"
"Nipple Carcinoma[SEP][CLS]breast benign neoplasm","0"
"Childhood Multilocular Cystic Renal Neoplasm[SEP][CLS]cystadenocarcinoma","0"
"Cervical Keratinizing Squamous Cell Carcinoma[SEP][CLS]cervix disease","0"
"Peroxisomal Disorder[SEP][CLS]eye disease","0"
"Cogan-Reese Syndrome[SEP][CLS]myocarditis","0"
"Cerebellopontine Angle Embryonal Tumor, Not Otherwise Specified[SEP][CLS]high grade glioma","0"
"Extrahepatic Bile Duct Signet Ring Cell Carcinoma[SEP][CLS]apocrine sweat gland neoplasm","0"
"Mixed Mineral Dust Pneumoconiosis[SEP][CLS]cervical adenomyoma","0"
"Arteriosclerosis[SEP][CLS]leiomyosarcoma","0"
"Plantar Fibromatosis[SEP][CLS]primary hyperoxaluria","0"
"Scleritis[SEP][CLS]medulloblastoma","0"
"Breast Flat Ductal Epithelial Atypia[SEP][CLS]pneumoconiosis","0"
"Generalized Epilepsy[SEP][CLS]endocrine organ benign neoplasm","0"
"Sarcomatoid Carcinoma[SEP][CLS]chondrosarcoma","0"
"Ovarian Small Cell Carcinoma, Pulmonary-Type[SEP][CLS]invasive bladder transitional cell carcinoma","0"
"Testicular Yolk Sac Tumor, Macrocystic Pattern[SEP][CLS]ichthyosis","0"
"Ureterocele[SEP][CLS]ureteral disease","1"
"Dentatorubral-Pallidoluysian Atrophy[SEP][CLS]retinal disease","0"
"Sea-Blue Histiocyte Syndrome[SEP][CLS]sphingolipidosis","1"
"Gaucher Disease[SEP][CLS]uterine body mixed cancer","0"
"Chicken Pox[SEP][CLS]neurilemmoma","0"
"Malignant Neoplasm of Lower Jaw Bone[SEP][CLS]colonic benign neoplasm","0"
"Krabbe Disease[SEP][CLS]sphingolipidosis","1"
"Galactocele[SEP][CLS]malaria","0"
"Kernicterus[SEP][CLS]thymic carcinoma","0"
"Childhood Astrocytic Tumor[SEP][CLS]demyelinating disease","0"
"HELLP Syndrome[SEP][CLS]bone sarcoma","0"
"Villous Adenocarcinoma[SEP][CLS]B-cell lymphoma","0"
"Breast Fibrosarcoma[SEP][CLS]amino acid metabolic disorder","0"
"Luminal B Breast Carcinoma[SEP][CLS]eccrine sweat gland cancer","0"
"Vitamin C Deficiency[SEP][CLS]atherosclerosis","0"
"Breast Mixed Epithelial/Mesenchymal Metaplastic Carcinoma[SEP][CLS]autoimmune disease of skin and connective tissue","0"
"Galactosemia[SEP][CLS]penis squamous cell carcinoma","0"
"Diabetic Autonomic Neuropathy[SEP][CLS]glomerulonephritis","0"
"Lung Disorder[SEP][CLS]vascular disease","0"
"Conjunctival Melanoma[SEP][CLS]dissociative disorder","0"
"Tibial Adamantinoma[SEP][CLS]cholangiocarcinoma","0"
"Squamous Papillomatosis[SEP][CLS]cervical squamous cell carcinoma","0"
"Coronary Vasospasm[SEP][CLS]ovary epithelial cancer","0"
"Tuberculum Sellae Meningioma[SEP][CLS]sexual dysfunction","0"
"Nonossifying Fibromyxoid Tumor[SEP][CLS]mesenchymal cell neoplasm","1"
"Oral Cavity Submucous Fibrosis[SEP][CLS]arthropathy","0"
"Clear Cell Meningioma[SEP][CLS]medulloblastoma","0"
"Glomus Tumor[SEP][CLS]breast carcinoma","0"
"Rhabdoid Tumor of the Kidney[SEP][CLS]renal pelvis papillary tumor","0"
"Supratentorial Embryonal Tumor, Not Otherwise Specified[SEP][CLS]breast cancer","0"
"Benign Ovarian Sex Cord-Stromal Tumor[SEP][CLS]ovarian carcinosarcoma","0"
"Long QT Syndrome[SEP][CLS]mesenchymoma","0"
"Childhood Testicular Mixed Germ Cell Tumor[SEP][CLS]inner ear cancer","0"
"West Syndrome[SEP][CLS]ovary epithelial cancer","0"
"Ovarian Serous Surface Papillary Adenocarcinoma[SEP][CLS]colon adenocarcinoma","0"
"Childhood Testicular Choriocarcinoma[SEP][CLS]food allergy","0"
"Breast Lipid-Rich Carcinoma[SEP][CLS]colon cancer","0"
"Morquio Syndrome[SEP][CLS]eccrine sweat gland cancer","0"
"Vulvar Sebaceous Carcinoma[SEP][CLS]opportunistic mycosis","0"
"Anal Glands Adenocarcinoma[SEP][CLS]sweat gland disease","0"
"Childhood Ovarian Embryonal Carcinoma[SEP][CLS]ovarian embryonal carcinoma","1"
"Gastric Germ Cell Tumor[SEP][CLS]stomach cancer","1"
"Lupus Erythematosus[SEP][CLS]syndrome","0"
"Brain Stem Astrocytoma[SEP][CLS]brain disease","0"
"Skin Fibroepithelial Basal Cell Carcinoma[SEP][CLS]basal cell carcinoma","1"
"Thyroid Hormone Resistance Syndrome[SEP][CLS]anaplastic astrocytoma","0"
"Macrocytic Anemia[SEP][CLS]anemia","1"
"Connective Tissue Disorder[SEP][CLS]thymus cancer","0"
"Celiac Disease[SEP][CLS]primary bacterial infectious disease","0"
"Mediastinitis[SEP][CLS]islet cell tumor","0"
"Canker Sore[SEP][CLS]breast disease","0"
"Inverted Papilloma[SEP][CLS]mouth disease","0"
"Stromal Predominant Kidney Wilms Tumor[SEP][CLS]orbit rhabdomyosarcoma","0"
"Peritoneal Mesothelial Neoplasm[SEP][CLS]adenofibroma","0"
"Peptic Ulcer[SEP][CLS]gastrointestinal system disease","1"
"Cerebral Sarcoidosis[SEP][CLS]cardiovascular organ benign neoplasm","0"
"Anterior Uveitis[SEP][CLS]impulse control disorder","0"
"Holmes-Adie Syndrome[SEP][CLS]syndrome","1"
"Submandibular Lymphadenitis[SEP][CLS]choriocarcinoma of ovary","0"
"Sclera Disorder[SEP][CLS]myelofibrosis","0"
"Lymphocyte-Rich Classic Hodgkin Lymphoma[SEP][CLS]impulse control disorder","0"
"Glycogen-Rich, Clear Cell Breast Carcinoma[SEP][CLS]cell type benign neoplasm","0"
"Angioedema[SEP][CLS]bartonellosis","0"
"Anaplastic Pleomorphic Xanthoastrocytoma[SEP][CLS]peripheral nervous system neoplasm","0"
"Cellular Ependymoma[SEP][CLS]spinal cancer","0"
"Yolk Sac Tumor[SEP][CLS]physical disorder","0"
"Situs Inversus[SEP][CLS]physical disorder","0"
"Central Retinal Vein Occlusion[SEP][CLS]fibrosarcoma","0"
"Antibiotic-Associated Colitis[SEP][CLS]choriocarcinoma of the testis","0"
"Refractive Error[SEP][CLS]eye disease","1"
"Macular Degeneration[SEP][CLS]hair follicle neoplasm","0"
"Spindle Cell Lipoma[SEP][CLS]mucolipidosis","0"
"Pleomorphic Rhabdomyosarcoma[SEP][CLS]hyperostosis","0"
"Intussusception[SEP][CLS]ovarian small cell carcinoma","0"
"Uterine Ligament Serous Adenocarcinoma[SEP][CLS]uterine ligament adenocarcinoma","1"
"Hyperkalemic Periodic Paralysis[SEP][CLS]male reproductive system disease","0"
"Diffuse Leptomeningeal Glioneuronal Tumor[SEP][CLS]B-lymphoblastic leukemia/lymphoma","0"
"Uterine Carcinosarcoma[SEP][CLS]acute kidney failure","0"
"Childhood Spinal Cord Neoplasm[SEP][CLS]keratoconjunctivitis","0"
"Band Keratopathy[SEP][CLS]cholangitis","0"
"Childhood Liposarcoma[SEP][CLS]optic nerve glioma","0"
"Gastric Small Cell Neuroendocrine Carcinoma[SEP][CLS]heart sarcoma","0"
"Gangrenous Stomatitis[SEP][CLS]lipoma","0"
"Hartnup Disease[SEP][CLS]skin cancer","0"
"Leprosy[SEP][CLS]bronchus adenoma","0"
"Neurofibroma[SEP][CLS]peripheral nerve sheath neoplasm","1"
"Alzheimer's Disease[SEP][CLS]tauopathy","1"
"AV Block Second Degree Mobitz Type II[SEP][CLS]second-degree atrioventricular block","1"
"Breast Myofibroblastoma[SEP][CLS]pigmentation disease","0"
"Ovarian Clear Cell Adenocarcinofibroma[SEP][CLS]primary bacterial infectious disease","0"
"Landau-Kleffner Syndrome[SEP][CLS]myxoid chondrosarcoma","0"
"Erythematosquamous Dermatosis[SEP][CLS]B-cell lymphoma","0"
"Platelet Disorder[SEP][CLS]adrenal cortical hypofunction","0"
"Acalculous Cholecystitis[SEP][CLS]parasitic helminthiasis infectious disease","0"
"Spindle Cell Synovial Sarcoma[SEP][CLS]myotonic disease","0"
"Botryoid-Type Embryonal Rhabdomyosarcoma[SEP][CLS]retinal cancer","0"
"Bartholin Gland Adenoid Cystic Carcinoma[SEP][CLS]dermatitis","0"
"Thoracic Outlet Syndrome[SEP][CLS]kidney benign neoplasm","0"
"AIDS Phobia[SEP][CLS]nosophobia","1"
"Core Binding Factor Acute Myeloid Leukemia[SEP][CLS]goiter","0"
"Papillary Glioneuronal Tumor[SEP][CLS]vascular disease","0"
"Spindle Cell Melanoma[SEP][CLS]mature teratoma of the ovary","0"
"Sarcomatoid Transitional Cell Carcinoma[SEP][CLS]transitional cell carcinoma","1"
"Gingival Recession[SEP][CLS]fallopian tube adenocarcinoma","0"
"Indolent Multiple Myeloma[SEP][CLS]breast hemangioma","0"
"MELAS Syndrome[SEP][CLS]squamous cell carcinoma","0"
"Renal Pelvis Papillary Urothelial Carcinoma[SEP][CLS]hyperglycemia","0"
"Acute Cystitis[SEP][CLS]glossopharyngeal nerve disease","0"
"Corneal Ulcer[SEP][CLS]bladder benign neoplasm","0"
"Lipoadenoma[SEP][CLS]tracheal disease","0"
"Cryoglobulinemia[SEP][CLS]nerve plexus neoplasm","0"
"Peripheral Primitive Neuroectodermal Tumor of Soft Tissues[SEP][CLS]female reproductive system disease","0"
"Skin Appendage Neoplasm[SEP][CLS]small intestine cancer","0"
"Malignant Granular Cell Tumor[SEP][CLS]vulva carcinoma","0"
"Generalized Atherosclerosis[SEP][CLS]central nervous system benign neoplasm","0"
"Testicular Yolk Sac Tumor, Glandular-Alveolar Pattern[SEP][CLS]melanoma","0"
"Pilar Sheath Acanthoma[SEP][CLS]neuropathy","0"
"Vulvar Disorder[SEP][CLS]testicular granulosa cell tumor","0"
"Uveal Mixed Cell Melanoma[SEP][CLS]nephroblastoma","0"
"Myotonic Cataract[SEP][CLS]hemangioma","0"
"Hypertrophic Pyloric Stenosis[SEP][CLS]vascular cancer","0"
"Long QT Syndrome[SEP][CLS]breast squamous cell carcinoma","0"
"Ciliary Body Disorder[SEP][CLS]spinal cancer","0"
"Medullomyoblastoma[SEP][CLS]heart sarcoma","0"
"Vulvar Apocrine Adenocarcinoma[SEP][CLS]vascular hemostatic disease","0"
"Breast Metaplastic Carcinoma[SEP][CLS]disease","0"
"Malignant Buccal Mucosa Neoplasm[SEP][CLS]parasitic protozoa infectious disease","0"
"Serous Surface Papillary Carcinoma[SEP][CLS]breast adenoma","0"
"Hypertropia[SEP][CLS]skin squamous cell carcinoma","0"
"Atypical Intradermal Smooth Muscle Neoplasm[SEP][CLS]open-angle glaucoma","0"
"Retroperitoneal Sarcoma[SEP][CLS]proliferative type fibrocystic change of breast","0"
"Asthma[SEP][CLS]bladder carcinoma","0"
"Eyelid Disorder[SEP][CLS]nasopharyngeal disease","0"
"Thyroid Gland Mucoepidermoid Carcinoma[SEP][CLS]sleep apnea","0"
"Granular Cell Tumor of the Sellar Region[SEP][CLS]synostosis","0"
"Wolffian Tumor[SEP][CLS]ovarian cystadenoma","0"
"Myeloid/Lymphoid Neoplasms with PDGFRB Rearrangement[SEP][CLS]ovarian endometrioid adenofibroma","0"
"Uric Acid Urolithiasis[SEP][CLS]meningioma","0"
"B Acute Lymphoblastic Leukemia with t(v;11q23.3); KMT2A Rearranged[SEP][CLS]bone cancer","0"
"Volkmann's Ischemic Contracture[SEP][CLS]connective tissue disease","1"
"Conjunctival Melanoma[SEP][CLS]conjunctival cancer","1"
"Fallopian Tube Mucinous Neoplasm[SEP][CLS]fallopian tube benign neoplasm","1"
"Diffuse Sclerosing Variant Thyroid Gland Papillary Carcinoma[SEP][CLS]anaplastic astrocytoma","0"
"Hyperglycemia[SEP][CLS]glucose metabolism disease","1"
"Epiphora[SEP][CLS]laryngeal benign neoplasm","0"
"Extraskeletal Ewing Sarcoma[SEP][CLS]multifocal osteogenic sarcoma","0"
"Hemolytic Disease of the Newborn[SEP][CLS]childhood testicular mixed germ cell tumor","0"
"Lateral Medullary Syndrome[SEP][CLS]synovial sarcoma","0"
"Childhood Medulloblastoma[SEP][CLS]cerebrum cancer","0"
"Fox-Fordyce Disease[SEP][CLS]hemorrhagic disease","0"
"Fetishism[SEP][CLS]eccrine sweat gland neoplasm","0"
"Vulvar Squamous Papillomatosis[SEP][CLS]squamous cell neoplasm","0"
"Propionic Acidemia[SEP][CLS]multifocal osteogenic sarcoma","0"
"Stomach Disorder[SEP][CLS]diffuse large B-cell lymphoma","0"
"Hemopericardium[SEP][CLS]central nervous system disease","0"
"Ileus[SEP][CLS]kidney benign neoplasm","0"
"Bladder Diffuse Clear Cell Adenocarcinoma[SEP][CLS]retinal vein occlusion","0"
"Chicken Pox[SEP][CLS]endometrial adenocarcinoma","0"
"Maxillary Sinus Papilloma[SEP][CLS]hyperostosis","0"
"Ornithosis[SEP][CLS]disease","0"
"Purpura[SEP][CLS]meningioma","0"
"Malignant Sphenoid Sinus Neoplasm[SEP][CLS]sleep apnea","0"
"Phimosis[SEP][CLS]acute inflammation of lacrimal passage","0"
"Squamous Cell Carcinoma[SEP][CLS]medulloblastoma non-WNT/non-SHH","0"
"Subacute Glomerulonephritis[SEP][CLS]psychotic disorder","0"
"Vitiligo[SEP][CLS]central nervous system disease","0"
"Landau-Kleffner Syndrome[SEP][CLS]breast adenocarcinoma","0"
"Suppurative Lymphadenitis[SEP][CLS]nasal cavity disease","0"
"Thymic Large Cell Neuroendocrine Carcinoma[SEP][CLS]adenomyoma","0"
"Malignant Neoplasm[SEP][CLS]testis sarcoma","0"
"Rhesus Isoimmunization[SEP][CLS]coronary artery disease","0"
"Cervical Adenomyoma, Mesonephric-Type[SEP][CLS]renal pelvis benign neoplasm","0"
"Endometritis[SEP][CLS]endometrial adenocarcinoma","0"
"Mucocele of the Appendix[SEP][CLS]ovarian cancer","0"
"Intracranial Aneurysm[SEP][CLS]fetishism","0"
"Beckwith-Wiedemann Syndrome[SEP][CLS]cell type benign neoplasm","0"
"Primary Sclerosing Cholangitis[SEP][CLS]lung adenocarcinoma","0"
"Remnant Hyperlipidemia[SEP][CLS]parasitic helminthiasis infectious disease","0"
"Thyroid Gland Oncocytic Adenoma[SEP][CLS]follicular adenoma","1"
"C3 Deficiency[SEP][CLS]pulmonary blastoma","0"
"Cervical Keratinizing Squamous Cell Carcinoma[SEP][CLS]cervical squamous cell carcinoma","1"
"Cholecystitis[SEP][CLS]autoimmune disease of peripheral nervous system","0"
"Tertiary Syphilis[SEP][CLS]allergic conjunctivitis","0"
"Pulmonary Hypertension[SEP][CLS]infancy electroclinical syndrome","0"
"Macular Hole[SEP][CLS]adenoma","0"
"Silicosis[SEP][CLS]suppurative otitis media","0"
"Tenosynovial Giant Cell Tumor, Diffuse Type[SEP][CLS]myocardial infarction","0"
"Papillary Adenofibroma[SEP][CLS]non-Hodgkin lymphoma","0"
"Lung Large Cell Carcinoma[SEP][CLS]mononeuropathy","0"
"Internal Auditory Canal Meningioma[SEP][CLS]impulse control disorder","0"
"Medulloblastoma, SHH-Activated, TP53-Mutant[SEP][CLS]congenital hemolytic anemia","0"
"Chronic Myelomonocytic Leukemia[SEP][CLS]cranial nerve malignant neoplasm","0"
"Tabes Dorsalis[SEP][CLS]myositis","0"
"Iris Disorder[SEP][CLS]gonadal dysgenesis","0"
"Infant-Type Hemispheric Glioma[SEP][CLS]keratoconjunctivitis","0"
"Sialic Acid Storage Disease[SEP][CLS]carbohydrate metabolic disorder","0"
"Vulvar Angiokeratoma[SEP][CLS]mood disorder","0"
"Gastritis[SEP][CLS]eye disease","0"
"Interstitial Cystitis[SEP][CLS]cystitis","1"
"Pericholangitis[SEP][CLS]cholangitis","1"
"Xanthogranulomatous Pyelonephritis[SEP][CLS]endometritis","0"
"Ovarian Teratoma[SEP][CLS]personality disorder","0"
"Childhood Visual Pathway Astrocytoma[SEP][CLS]pulmonary blastoma","0"
"Large Cell Carcinoma[SEP][CLS]breast carcinoma","0"
"Posterior Pituitary Gland Neoplasm[SEP][CLS]uveal disease","0"
"Ossifying Fibromyxoid Tumor[SEP][CLS]ovarian benign neoplasm","0"
"Ciliary Body Melanoma[SEP][CLS]ciliary body cancer","1"
"Multiple System Atrophy[SEP][CLS]uterine fibroid","0"
"Esophageal Leiomyosarcoma[SEP][CLS]thyroiditis","0"
"Gastroesophageal Reflux Disease[SEP][CLS]idiopathic interstitial pneumonia","0"
"Childhood Malignant Germ Cell Tumor[SEP][CLS]uveal disease","0"
"Breast Squamous Cell Carcinoma, Large Cell Keratinizing Variant[SEP][CLS]breast squamous cell carcinoma","1"
"Avoidant Personality Disorder[SEP][CLS]pulmonary fibrosis","0"
"Conventional Fibrosarcoma[SEP][CLS]dermatitis","0"
"Urethral Diverticulum[SEP][CLS]essential hypertension","0"
"Mixed Cellularity Classic Hodgkin Lymphoma[SEP][CLS]Hodgkin's lymphoma","1"
"Diabetic Neuropathy[SEP][CLS]myopathy","0"
"Sexual Masochism[SEP][CLS]lipoma","0"
"Arrhythmogenic Right Ventricular Dysplasia[SEP][CLS]medulloblastoma SHH activated","0"
"Pineoblastoma[SEP][CLS]thyroiditis","0"
"Trophoblastic Tumor[SEP][CLS]pneumoconiosis","0"
"Pineoblastoma[SEP][CLS]autonomic neuropathy","0"
"Childhood Angiosarcoma[SEP][CLS]vulva cancer","0"
"Renovascular Hypertension[SEP][CLS]gallbladder carcinoma","0"
"Extrahepatic Bile Duct Adenoma[SEP][CLS]synostosis","0"
"Intramedullary Spinal Cord Teratoma[SEP][CLS]viral infectious disease","0"
"Urachal Urothelial Carcinoma[SEP][CLS]hepatocellular carcinoma","0"
"Osteosarcoma Arising in Paget Disease of Bone[SEP][CLS]primary bacterial infectious disease","0"
"Blackwater Fever[SEP][CLS]malaria","1"
"Solid/Trabecular Variant Thyroid Gland Papillary Carcinoma[SEP][CLS]thyroid gland follicular carcinoma","1"
"Nevoid Basal Cell Carcinoma Syndrome[SEP][CLS]urethra adenocarcinoma","0"
"Mitochondrial Myopathy[SEP][CLS]thymic carcinoma","0"
"Malignant Sublingual Gland Neoplasm[SEP][CLS]salivary gland cancer","1"
"Refractive Error[SEP][CLS]intestinal disease","0"
"Breast Squamous Cell Carcinoma, Spindle Cell Variant[SEP][CLS]periapical periodontitis","0"
"Melanoma[SEP][CLS]primary bacterial infectious disease","0"
"Aortic Valve Stenosis[SEP][CLS]pneumoconiosis","0"
"Vaginitis[SEP][CLS]cavernous hemangioma","0"
"Breast Adenoid Cystic Carcinoma[SEP][CLS]primary immunodeficiency disease","0"
"Central Retinal Vein Occlusion[SEP][CLS]retinal vein occlusion","1"
"Superficial Multifocal Basal Cell Carcinoma[SEP][CLS]blood platelet disease","0"
"Spastic Diplegia[SEP][CLS]penis verrucous carcinoma","0"
"Lung Small Cell Carcinoma[SEP][CLS]carcinoma","0"
"Skin Angiosarcoma[SEP][CLS]skin sarcoma","1"
"Learning Disorder[SEP][CLS]oral cavity cancer","0"
"Renal Pelvis Papillary Urothelial Carcinoma[SEP][CLS]gastroenteritis","0"
"Otorrhea[SEP][CLS]capillary disease","0"
"Esophageal Melanoma[SEP][CLS]esophageal cancer","1"
"Sick Sinus Syndrome[SEP][CLS]balanitis","0"
"Diabetes Mellitus[SEP][CLS]chondrosarcoma","0"
"Glottis Neoplasm[SEP][CLS]laryngeal benign neoplasm","1"
"Eosinophilic Pneumonia[SEP][CLS]primary systemic mycosis","0"
"Enophthalmos[SEP][CLS]orbital disease","1"
"Osteopoikilosis[SEP][CLS]malignant mesenchymoma","0"
"Synpolydactyly[SEP][CLS]syndactyly","1"
"High Grade B-Cell Lymphoma with MYC and BCL2 or BCL6 Rearrangements[SEP][CLS]lipomatosis","0"
"Vaginal Leukoplakia[SEP][CLS]thyroiditis","0"
"Chondroid Lipoma[SEP][CLS]lipoma","1"
"Primary Diffuse Large B-Cell Lymphoma of the Central Nervous System[SEP][CLS]endocrine system disease","0"
"Maffucci Syndrome[SEP][CLS]central nervous system benign neoplasm","0"
"Prosopagnosia[SEP][CLS]blood coagulation disease","0"
"Biphasic Pulmonary Blastoma[SEP][CLS]bladder disease","0"
"Clear Cell Acanthoma[SEP][CLS]kidney sarcoma","0"
"Quadriplegia[SEP][CLS]central nervous system disease","1"
"Autoimmune Hepatitis with Centrilobular Necrosis[SEP][CLS]male reproductive system disease","0"
"Subendocardial Myocardial Infarction by ECG Finding[SEP][CLS]myocardial infarction","1"
"Cutaneous Nodular Melanoma[SEP][CLS]basal cell carcinoma","0"
"Distal Bile Duct Carcinoma[SEP][CLS]neuropathy","0"
"Testicular Monophasic Choriocarcinoma[SEP][CLS]ovarian carcinosarcoma","0"
"Malignant Pyriform Fossa Neoplasm[SEP][CLS]liver disease","0"
"Non-Functioning Pancreatic Neuroendocrine Tumor[SEP][CLS]primary bacterial infectious disease","0"
"Acalculous Cholecystitis[SEP][CLS]peripheral osteosarcoma","0"
"Invasive Bladder Plasmacytoid Urothelial Carcinoma[SEP][CLS]uterine cancer","0"
"Early Yaws[SEP][CLS]esophageal cancer","0"
"Intermediate Uveitis[SEP][CLS]testicular cancer","0"
"Breast Scirrhous Carcinoma[SEP][CLS]cervix disease","0"
"Type 2 Diabetes Mellitus[SEP][CLS]heart sarcoma","0"
"Rosacea[SEP][CLS]peritoneal benign neoplasm","0"
"Cervical Adenoid Cystic Carcinoma[SEP][CLS]ovary adenocarcinoma","0"
"Prostatic Urethra Urothelial Carcinoma[SEP][CLS]connective tissue cancer","0"
"Frohlich Syndrome[SEP][CLS]hypothalamic disease","1"
"Partial Epilepsy[SEP][CLS]thymoma","0"
"Acrodermatitis[SEP][CLS]leiomyoma","0"
"Glaucoma[SEP][CLS]ovarian primitive germ cell tumor","0"
"Uterine Corpus Epithelioid Leiomyoma[SEP][CLS]infective endocarditis","0"
"Laryngeal Squamous Papilloma[SEP][CLS]vulva cancer","0"
"Placenta Accreta[SEP][CLS]microglandular adenosis","0"
"Ascending Cholangitis[SEP][CLS]liver carcinoma","0"
"Blepharitis[SEP][CLS]testicular cancer","0"
"Childhood Dermatomyositis[SEP][CLS]dermatomyositis","1"
"Pancreatic Acinar Cell Carcinoma[SEP][CLS]xeroderma pigmentosum","0"
"Thymoma Type B2[SEP][CLS]penis squamous cell carcinoma","0"
"Scrotal Paget Disease[SEP][CLS]spinal cancer","0"
"Spermatocele[SEP][CLS]synovial sarcoma","0"
"Mixed Receptive-Expressive Language Disorder[SEP][CLS]communication disorder","1"
"Ceruminous Adenocarcinoma[SEP][CLS]hepatoblastoma","0"
"Grand Mal Epilepsy[SEP][CLS]ovary epithelial cancer","0"
"Cervical Small Cell Neuroendocrine Carcinoma[SEP][CLS]osteochondrodysplasia","0"
"Macular Dystrophy, Retinal, 1[SEP][CLS]meningioma","0"
"Glossitis[SEP][CLS]mesenchymal chondrosarcoma","0"
"Epiglottitis[SEP][CLS]upper respiratory tract disease","1"
"Phosphorus Metabolic Disorder[SEP][CLS]multiple carboxylase deficiency","0"
"Ophthalmia Neonatorum[SEP][CLS]drug dependence","0"
"Corpus Callosum Lipoma[SEP][CLS]somatoform disorder","0"
"Periventricular Leukomalacia[SEP][CLS]pancreatitis","0"
"Omphalocele[SEP][CLS]bile duct disease","0"
"Jugular Foramen Schwannoma[SEP][CLS]cell type cancer","0"
"Hymenolepiasis[SEP][CLS]salivary gland disease","0"
"Testicular Yolk Sac Tumor, Solid Pattern[SEP][CLS]testicular yolk sac tumor","1"
"Glycogen Storage Disease Type I[SEP][CLS]meningeal melanoma","0"
"Astrocytoma, IDH-Mutant, Grade 3[SEP][CLS]dysgammaglobulinemia","0"
"Acute Intestinal Ischemia[SEP][CLS]focal epilepsy","0"
"Dedifferentiated Chondrosarcoma[SEP][CLS]esophageal carcinoma","0"
"Breast Intraductal Proliferative Lesion[SEP][CLS]cystitis","0"
"Acute Alcoholic Hepatitis[SEP][CLS]childhood embryonal tumor with multilayered rosettes, C19MC-altered","0"
"Hereditary Spherocytosis[SEP][CLS]congenital hemolytic anemia","1"
"Diffuse Pediatric-Type High Grade Glioma, H3-Wildtype and IDH-Wildtype[SEP][CLS]hypopituitarism","0"
"Peripheral Ganglioneuroblastoma[SEP][CLS]transitional cell carcinoma","0"
"Malignant Postcricoid Neoplasm[SEP][CLS]mood disorder","0"
"Ovarian Gestational Choriocarcinoma[SEP][CLS]meninges sarcoma","0"
"Breast Hemangiopericytoma[SEP][CLS]myeloproliferative neoplasm","0"
"Central Nervous System Germinoma[SEP][CLS]brain ischemia","0"
"Adult Brain Stem Glioma[SEP][CLS]upper respiratory tract disease","0"
"Cocaine Dependence[SEP][CLS]drug dependence","1"
"Meningeal Sarcomatosis[SEP][CLS]neuropathy","0"
"Benign Essential Hypertension[SEP][CLS]dissociative disorder","0"
"Ceruminous Adenocarcinoma[SEP][CLS]overnutrition","0"
"Breast Secretory Carcinoma[SEP][CLS]breast adenocarcinoma","1"
"Pancreatic Mucinous Cystadenoma[SEP][CLS]colon sarcoma","0"
"Dyslexia[SEP][CLS]gastric teratoma","0"
"Skin Basal Cell Carcinoma with Sarcomatoid Differentiation[SEP][CLS]retinal edema","0"
"Acute Suppurative Thyroiditis[SEP][CLS]personality disorder","0"
"Retinal Dystrophy[SEP][CLS]eye disease","1"
"Atypical Polypoid Adenomyoma[SEP][CLS]endometritis","0"
"Brain Liposarcoma[SEP][CLS]acrocephalosyndactylia","0"
"Amelanotic Cutaneous Melanoma[SEP][CLS]fasciitis","0"
"Blackwater Fever[SEP][CLS]ovarian primitive germ cell tumor","0"
"Lung Non-Squamous Non-Small Cell Carcinoma[SEP][CLS]severe combined immunodeficiency","0"
"Stutter[SEP][CLS]cholestasis","0"
"Color Blindness[SEP][CLS]myopia","0"
"Polycythemia[SEP][CLS]central nervous system benign neoplasm","0"
"Kidney Hemangiopericytoma[SEP][CLS]cranial nerve disease","0"
"Fox-Fordyce Disease[SEP][CLS]sweat gland disease","1"
"Dysembryoplastic Neuroepithelial Tumor[SEP][CLS]thyroiditis","0"
"Gastroschisis[SEP][CLS]brain stem cancer","0"
"Submucosal Invasive Colon Adenocarcinoma[SEP][CLS]synovial sarcoma","0"
"Breast Intraductal Myoepitheliosis[SEP][CLS]parasitic helminthiasis infectious disease","0"
"Hair Follicle Neoplasm[SEP][CLS]diffuse large B-cell lymphoma","0"
"Occult Lung Small Cell Carcinoma[SEP][CLS]teratoma","0"
"Glomeruloid Hemangioma[SEP][CLS]ovarian benign neoplasm","0"
"Hydranencephaly[SEP][CLS]chronic lymphocytic leukemia","0"
"Encapsulated Thymoma[SEP][CLS]thymoma","1"
"Usher Syndrome Type 2[SEP][CLS]Usher syndrome","1"
"Pulmonary Veno-Occlusive Disease[SEP][CLS]dermatitis","0"
"Myxofibrosarcoma[SEP][CLS]neuroma","0"
"Endometrial Endometrioid Adenocarcinoma, Secretory Variant[SEP][CLS]esophageal disease","0"
"Pineal Region Dysgerminoma[SEP][CLS]carbohydrate metabolic disorder","0"
"Occipital Lobe Neoplasm[SEP][CLS]spinal cord glioma","0"
"Localized Chondrosarcoma[SEP][CLS]chondrosarcoma","1"
"Testicular Yolk Sac Tumor, Enteric Pattern[SEP][CLS]leiomyosarcoma","0"
"Giant Cell Glioblastoma[SEP][CLS]brain disease","0"
"Subclavian Steal Syndrome[SEP][CLS]syndrome","1"
"Inclusion Body Myositis[SEP][CLS]myositis","1"
"Corneal Abscess[SEP][CLS]deep keratitis","1"
"Albright Hereditary Osteodystrophy without Multiple Hormone Resistance[SEP][CLS]ovarian cystadenocarcinoma","0"
"Severe Combined Immunodeficiency[SEP][CLS]auditory system disease","0"
"Down Syndrome[SEP][CLS]squamous cell carcinoma","0"
"Skin Undifferentiated Pleomorphic Sarcoma[SEP][CLS]malignant dermis tumor","1"
"Acneiform Dermatitis[SEP][CLS]vulvar disease","0"
"Myxosarcoma[SEP][CLS]orbit rhabdomyosarcoma","0"
"Quartan Malaria[SEP][CLS]amino acid metabolic disorder","0"
"Kidney Oncocytoma[SEP][CLS]cervical adenitis","0"
"Superior Sulcus Lung Carcinoma[SEP][CLS]plasmacytoma","0"
"Breast Oncocytic Carcinoma[SEP][CLS]testicular disease","0"
"Pleuropulmonary Blastoma[SEP][CLS]vulva adenocarcinoma","0"
"Monkeypox[SEP][CLS]viral infectious disease","1"
"Iris Melanoma[SEP][CLS]speech disorder","0"
"Glycogen-Rich Carcinoma[SEP][CLS]islet cell tumor","0"
"Vulvar Leiomyosarcoma[SEP][CLS]degeneration of macula and posterior pole","0"
"Gliosarcoma[SEP][CLS]esophageal disease","0"
"Ceruminous Adenoma[SEP][CLS]encephalomyelitis","0"
"Distal Bile Duct Carcinoma[SEP][CLS]skin benign neoplasm","0"
"Chronic Lymphoproliferative Disorder of NK-Cells[SEP][CLS]leukemia","0"
"Blind Loop Syndrome[SEP][CLS]lung carcinoma","0"
"Mediastinal Neurogenic Neoplasm[SEP][CLS]retinal cancer","0"
"Mucin-Rich Endometrial Endometrioid Adenocarcinoma[SEP][CLS]meningioma","0"
"VIP-Producing Neuroendocrine Tumor[SEP][CLS]reading disorder","0"
"Vagus Nerve Disorder[SEP][CLS]carbohydrate metabolic disorder","0"
"Favus[SEP][CLS]viral exanthem","0"
"Granulomatous Arteritis[SEP][CLS]skin disease","0"
"Thymic Small Cell Neuroendocrine Carcinoma[SEP][CLS]autoimmune disease of skin and connective tissue","0"
"Fallopian Tube Serous Adenocarcinoma[SEP][CLS]eye disease","0"
"Testicular Infarction[SEP][CLS]B-cell lymphoma","0"
"Cervical Poorly Differentiated Adenosquamous Carcinoma[SEP][CLS]breast hemangioma","0"
"Lacrimal System Disorder[SEP][CLS]eye disease","1"
"Subclavian Steal Syndrome[SEP][CLS]chondrosarcoma","0"
"Brenner Tumor[SEP][CLS]polyneuropathy","0"
"Morbid Obesity[SEP][CLS]ovarian endodermal sinus tumor","0"
"Dysembryoplastic Neuroepithelial Tumor[SEP][CLS]encephalitis","0"
"Frontal Sinusitis[SEP][CLS]visceral heterotaxy","0"
"Cerebellar Pilocytic Astrocytoma[SEP][CLS]eye disease","0"
"Pyromania[SEP][CLS]impulse control disorder","1"
"Hypertrichosis[SEP][CLS]inherited metabolic disorder","0"
"Drug Induced Lupus Erythematosus[SEP][CLS]myopathy","0"
"Acute Myeloid Leukemia, Myelodysplasia-Related[SEP][CLS]hematologic cancer","0"
"Juvenile Xanthogranuloma[SEP][CLS]non-Langerhans-cell histiocytosis","1"
"Penile Basaloid Squamous Cell Carcinoma[SEP][CLS]Lynch syndrome","0"
"Prosopagnosia[SEP][CLS]cervical squamous cell carcinoma","0"
"Melorheostosis[SEP][CLS]mitochondrial encephalomyopathy","0"
"Polyneuropathy[SEP][CLS]spleen cancer","0"
"Non-Specific Granulomatous Orchitis[SEP][CLS]testicular disease","1"
"Carpal Tunnel Syndrome[SEP][CLS]central nervous system benign neoplasm","0"
"Breast Liposarcoma[SEP][CLS]parasitic ectoparasitic infectious disease","0"
"Localized Scleroderma[SEP][CLS]color blindness","0"
"Pancreatic Gastrin-Producing Neuroendocrine Tumor[SEP][CLS]cecal disease","0"
"Hypoactive Sexual Desire Disorder[SEP][CLS]diffuse large B-cell lymphoma","0"
"Neurofibromatosis Type 1[SEP][CLS]thyroid gland follicular carcinoma","0"
"Extrahepatic Bile Duct Adenoma[SEP][CLS]invasive bladder transitional cell carcinoma","0"
"Ectrodactyly-Ectodermal Dysplasia-Cleft Syndrome[SEP][CLS]parasitic protozoa infectious disease","0"
"Intracranial Embryonal Tumor, Not Otherwise Specified[SEP][CLS]esophageal carcinoma","0"
"Gastric Neuroendocrine Neoplasm[SEP][CLS]pneumonia","0"
"Senile Cataract[SEP][CLS]cecal disease","0"
"Glomerulonephritis[SEP][CLS]autosomal recessive cerebellar ataxia","0"
"Asbestos-Related Lung Carcinoma[SEP][CLS]anus adenocarcinoma","0"
"Fredrickson Type V Lipidemia[SEP][CLS]childhood kidney cancer","0"
"Uterine Corpus Dissecting Leiomyoma[SEP][CLS]liver benign neoplasm","0"
"46,XX Gonadal Dysgenesis[SEP][CLS]metal metabolism disorder","0"
"Maxillary Sinusitis[SEP][CLS]ovarian cancer","0"
"Neuroleptic Malignant Syndrome[SEP][CLS]cervical mucinous adenocarcinoma","0"
"Fetishism[SEP][CLS]sarcoidosis","0"
"Dracunculiasis[SEP][CLS]ocular motility disease","0"
"Otorrhea[SEP][CLS]extraskeletal myxoid chondrosarcoma","0"
"Granular Cell Carcinoma[SEP][CLS]seborrheic keratosis","0"
"Giant Hypertrophic Gastritis[SEP][CLS]breast adenocarcinoma","0"
"Papillary Glioneuronal Tumor[SEP][CLS]contact dermatitis","0"
"Sexual Sadism[SEP][CLS]maxillary sinus cancer","0"
"Sertoli Cell-Only Syndrome[SEP][CLS]personality disorder","0"
"Cyclic Neutropenia[SEP][CLS]osteosclerosis","0"
"Corneal Disorder[SEP][CLS]testicular cancer","0"
"Epidemic Keratoconjunctivitis[SEP][CLS]functioning pituitary adenoma","0"
"Familial Hyperaldosteronism Type 1[SEP][CLS]orofacial cleft","0"
"Thrombocytosis[SEP][CLS]keratosis","0"
"Movement Disorder[SEP][CLS]brain disease","1"
"Nipple Duct Carcinoma[SEP][CLS]lacrimal gland cancer","0"
"Carotenemia[SEP][CLS]infratentorial cancer","0"
"Nephrocalcinosis[SEP][CLS]hematologic cancer","0"
"Gastroesophageal Junction Adenocarcinoma[SEP][CLS]skin melanoma","0"
"Pulmonary Embolism[SEP][CLS]pulmonary artery disease","1"
"Prostate Acinar Signet Ring Cell-Like Adenocarcinoma[SEP][CLS]prostate adenocarcinoma","1"
"Childhood Liposarcoma[SEP][CLS]peritoneal benign neoplasm","0"
"Vitiligo[SEP][CLS]malignant ovarian germ cell neoplasm","0"
"Louse-Borne Relapsing Fever[SEP][CLS]relapsing fever","1"
"Acute Myocardial Infarction[SEP][CLS]autoimmune disease of peripheral nervous system","0"
"Ischemic Fasciitis[SEP][CLS]cell type cancer","0"
"Mediastinal Schwannoma[SEP][CLS]adrenal gland pheochromocytoma","0"
"Dependent Personality Disorder[SEP][CLS]pyelonephritis","0"
"Hydrocephalus[SEP][CLS]familial hyperlipidemia","0"
"Nodular Hidradenoma[SEP][CLS]disease of mental health","0"
"Testicular Torsion[SEP][CLS]hepatocellular carcinoma","0"
"Hepatic Encephalopathy[SEP][CLS]Usher syndrome","0"
"Spindle Cell Synovial Sarcoma[SEP][CLS]heart conduction disease","0"
"Childhood Yolk Sac Tumor[SEP][CLS]pancreas disease","0"
"Childhood Liposarcoma[SEP][CLS]lipid metabolism disorder","0"
"Hemolytic Anemia[SEP][CLS]normocytic anemia","1"
"Egg Allergy[SEP][CLS]paranasal sinus cancer","0"
"Facial Nerve Neoplasm[SEP][CLS]Bartholin's gland carcinoma","0"
"Breast Microglandular Adenosis[SEP][CLS]central nervous system lipoma","0"
"Inverted Follicular Keratosis[SEP][CLS]pneumoconiosis","0"
"Acute Myeloid Leukemia without Maturation[SEP][CLS]endocrine organ benign neoplasm","0"
"Gastric Immature Teratoma[SEP][CLS]urethral disease","0"
"Noninvasive Malignant Thymoma[SEP][CLS]bronchial disease","0"
"Nystagmus[SEP][CLS]ocular motility disease","1"
"Peritoneal Mesothelial Neoplasm[SEP][CLS]peritoneal benign neoplasm","1"
"Adult Lymphoma[SEP][CLS]panuveitis","0"
"Congenital Combined Immunodeficiency[SEP][CLS]malignant teratoma","0"
"Myxofibrosarcoma[SEP][CLS]hematologic cancer","0"
"Malignant Testicular Germ Cell Tumor[SEP][CLS]lung disease","0"
"Retinal Cell Neoplasm[SEP][CLS]follicular adenoma","0"
"Hemophagocytic Lymphohistiocytosis[SEP][CLS]female reproductive system disease","0"
"Esophageal Leiomyosarcoma[SEP][CLS]disease","0"
"Blastema Predominant Kidney Wilms Tumor[SEP][CLS]medulloblastoma","0"
"Selective Immunoglobulin Isotype Deficiency[SEP][CLS]familial periodic paralysis","0"
"Ciliary Motility Defect[SEP][CLS]ciliopathy","1"
"Childhood Vulvar Botryoid-Type Embryonal Rhabdomyosarcoma[SEP][CLS]low grade glioma","0"
"Breast Atypical Papilloma[SEP][CLS]neurofibromatosis","0"
"Penile Urethral Malignant Neoplasm[SEP][CLS]testicular disease","0"
"Lumbar Intraspinal Meningioma[SEP][CLS]spinal canal and spinal cord meningioma","1"
"Ehlers-Danlos Syndrome, Type III[SEP][CLS]mucopolysaccharidosis","0"
"T-Cell Non-Hodgkin Lymphoma[SEP][CLS]gastrointestinal system disease","0"
"Minimal Change Glomerulonephritis[SEP][CLS]nephrotic syndrome","1"
"Central Nervous System Hibernoma[SEP][CLS]vulvar sarcoma","0"
"Deep Leiomyoma[SEP][CLS]peritoneal carcinoma","0"
"Mixed Phenotype Acute Leukemia with KMT2A Rearrangement[SEP][CLS]liver disease","0"
"Benign Breast Adenomyoepithelioma[SEP][CLS]vulva carcinoma","0"
"Schwannoma[SEP][CLS]corneal edema","0"
"Carpal Tunnel Syndrome[SEP][CLS]skull cancer","0"
"Gingival Polyp[SEP][CLS]kidney cancer","0"
"Ovarian Cystadenoma[SEP][CLS]Ewing sarcoma of bone","0"
"Pleomorphic Liposarcoma[SEP][CLS]lymphomatoid granulomatosis","0"
"Corpus Callosum Lipoma[SEP][CLS]cerebral hemisphere lipoma","1"
"Hypospadias[SEP][CLS]bronchus adenoma","0"
"Vulvar Keratoacanthoma[SEP][CLS]vulva squamous cell carcinoma","1"
"Carcinoma In Situ[SEP][CLS]neurodegenerative disease","0"
"Uterine Corpus Adenosarcoma[SEP][CLS]chronic progressive external ophthalmoplegia","0"
"Complete Trisomy 13 Syndrome[SEP][CLS]glucose metabolism disease","0"
"Myopathy[SEP][CLS]coronary artery disease","0"
"Ovarian Leiomyosarcoma[SEP][CLS]hepatoblastoma","0"
"Hereditary Spastic Paraplegia[SEP][CLS]phobic disorder","0"
"Substance-Related Disorder[SEP][CLS]disease of mental health","1"
"C5 Deficiency[SEP][CLS]reproductive organ benign neoplasm","0"
"Extrahepatic Bile Duct Carcinoma[SEP][CLS]urethral disease","0"
"Acromegaly[SEP][CLS]embryonal testis carcinoma","0"
"Vaginal Villous Adenoma[SEP][CLS]adult astrocytic tumor","0"
"Keratoacanthoma[SEP][CLS]breast carcinoma","0"
"Chondroid Lipoma[SEP][CLS]pulmonary fibrosis","0"
"Anal Mucinous Adenocarcinoma[SEP][CLS]gastrointestinal system cancer","0"
"Olfactory Neuroblastoma[SEP][CLS]malignant peripheral nerve sheath tumor","0"
"Bone Surface (Peripheral) Osteosarcoma[SEP][CLS]mediastinal neurilemmoma","0"
"High Grade Astrocytoma with Piloid Features[SEP][CLS]skin sarcoma","0"
"Uveal Spindle Cell Melanoma[SEP][CLS]cutaneous mycosis","0"
"Baritosis[SEP][CLS]pneumoconiosis","1"
"Parotitis[SEP][CLS]acute myeloid leukemia","0"
"Metabolic Disorder[SEP][CLS]inherited metabolic disorder","0"
"Multinodular and Vacuolated Neuronal Tumor[SEP][CLS]central nervous system benign neoplasm","1"
"Suppurative Cholangitis[SEP][CLS]cervical mucinous adenocarcinoma","0"
"Anaplastic Oligodendroglioma[SEP][CLS]Pancoast tumor","0"
"Myoclonic Epilepsy Associated with Ragged-Red Fibers[SEP][CLS]renal adenoma","0"
"Hepatolenticular Degeneration[SEP][CLS]blindness","0"
"Uterine Ligament Papillary Cystadenoma Associated with von Hippel-Lindau Disease[SEP][CLS]osteochondrodysplasia","0"
"Porocarcinoma[SEP][CLS]osteosarcoma","0"
"Pancreatic Serous Cystadenocarcinoma[SEP][CLS]pancreatic cystadenocarcinoma","1"
"Benign Essential Hypertension[SEP][CLS]bladder carcinoma","0"
"Kernicterus[SEP][CLS]nutritional deficiency disease","0"
"Extrahepatic Bile Duct Carcinoma[SEP][CLS]parasitic helminthiasis infectious disease","0"
"Prostatitis[SEP][CLS]vulvar benign neoplasm","0"
"Medulloblastoma, WNT-Activated[SEP][CLS]thymoma type B","0"
"Acrofacial Dysostosis[SEP][CLS]intrahepatic cholangiocarcinoma","0"
"Developmental Coordination Disorder[SEP][CLS]specific developmental disorder","1"
"Hemoglobin D Disease[SEP][CLS]cholecystitis","0"
"Liver Rhabdomyosarcoma[SEP][CLS]central nervous system disease","0"
"Night Blindness[SEP][CLS]parasitic helminthiasis infectious disease","0"
"Pulmonary Hypertension[SEP][CLS]bile duct adenoma","0"
"Fanconi Anemia[SEP][CLS]immature teratoma of ovary","0"
"Sarcomatoid Carcinoma[SEP][CLS]retinal degeneration","0"
"Ovarian Papillary Cystadenoma[SEP][CLS]contact dermatitis","0"
"Acute Hemorrhagic Encephalitis[SEP][CLS]arthropathy","0"
"Extraskeletal Myxoid Chondrosarcoma[SEP][CLS]brain cancer","0"
"Hypopituitarism[SEP][CLS]conjunctival degeneration","0"
"Breast Leiomyosarcoma[SEP][CLS]migraine","0"
"Xanthogranulomatous Pyelonephritis[SEP][CLS]cholangiocarcinoma","0"
"Congenital Glaucoma[SEP][CLS]oligodendroglioma","0"
"Sclera Disorder[SEP][CLS]amino acid metabolic disorder","0"
"Intestinal Pseudo-Obstruction[SEP][CLS]colonic disease","1"
"Childhood Testicular Choriocarcinoma[SEP][CLS]benign vaginal carcinosarcoma","0"
"Parasagittal Meningioma[SEP][CLS]intestinal obstruction","0"
"Stomach Disorder[SEP][CLS]gastrointestinal system disease","1"
"Central Nervous System Leukemia[SEP][CLS]dermatitis","0"
"Lung Leiomyosarcoma[SEP][CLS]pancreatic cystadenoma","0"
"Urticaria Pigmentosa/Maculopapular Cutaneous Mastocytosis[SEP][CLS]cutaneous mastocytosis","1"
"Gastric Antral Vascular Ectasia[SEP][CLS]syndrome","0"
"Chordoma[SEP][CLS]motor neuritis","0"
"Hypertensive Heart Disease[SEP][CLS]mouth disease","0"
"Ehlers-Danlos Syndrome, Type III[SEP][CLS]acute leukemia","0"
"Dandy-Walker Malformation[SEP][CLS]myeloid neoplasm","0"
"Tarsal Tunnel Syndrome[SEP][CLS]dermatitis","0"
"Congenital Dyserythropoietic Anemia[SEP][CLS]paranasal sinus cancer","0"
"Familial Dysautonomia[SEP][CLS]nipple benign neoplasm","0"
"Idiopathic Pulmonary Fibrosis[SEP][CLS]pulmonary fibrosis","1"
"Diffuse Idiopathic Skeletal Hyperostosis[SEP][CLS]spinal cancer","0"
"Oligospermia[SEP][CLS]seborrheic keratosis","0"
"Posterior Fossa Ependymoma, Group A (PFA)[SEP][CLS]posterior fossa ependymoma","1"
"Isosporiasis[SEP][CLS]coccidiosis","1"
"Extrahepatic Bile Duct Adenoma[SEP][CLS]disease of cellular proliferation","0"
"Trabecular Adenocarcinoma[SEP][CLS]viral infectious disease","0"
"Abducens Nerve Neoplasm[SEP][CLS]cranial nerve malignant neoplasm","1"
"Ovarian Serous Cystadenocarcinoma[SEP][CLS]cervical squamous cell carcinoma","0"
"Urethra Disorder[SEP][CLS]colonic benign neoplasm","0"
"Creutzfeldt-Jakob Disease[SEP][CLS]eye disease","0"
"Myeloid Leukemia[SEP][CLS]adenomyoma","0"
"Paranasal Sinus Disorder[SEP][CLS]mesenchymal chondrosarcoma","0"
"Tamoxifen-Related Endometrial Disorder[SEP][CLS]laryngeal benign neoplasm","0"
"Trichothiodystrophy[SEP][CLS]malaria","0"
"Anemia of Prematurity[SEP][CLS]lipid storage disease","0"
"Pityriasis Rosea[SEP][CLS]Guillain-Barre syndrome","0"
"Childhood Supratentorial Embryonal Tumor with Multilayered Rosettes, C19MC-Altered[SEP][CLS]tic disorder","0"
"Ethmoidal Sinusitis[SEP][CLS]hyperparathyroidism","0"
"Asthma[SEP][CLS]cystadenocarcinoma","0"
"Invasive Renal Pelvis and Ureter Urothelial Carcinoma[SEP][CLS]combined immunodeficiency","0"
"Glomus Tumor[SEP][CLS]pseudosarcomatous fibromatosis","0"
"Conjunctival Disorder[SEP][CLS]malignant leptomeningeal neoplasm","0"
"WAGR Syndrome[SEP][CLS]bladder adenocarcinoma","0"
"Hodgkin Lymphoma[SEP][CLS]skull base chordoma","0"
"Acute Myeloid Leukemia without Maturation[SEP][CLS]hypopituitarism","0"
"Agnosia[SEP][CLS]uterine disease","0"
"Malignant Synovial Neoplasm[SEP][CLS]brain disease","0"
"Psoriasis[SEP][CLS]autoimmune disease of skin and connective tissue","1"
"Malignant Smooth Muscle Neoplasm[SEP][CLS]chronic lymphocytic leukemia","0"
"Testicular Yolk Sac Tumor[SEP][CLS]physical disorder","0"
"Acute Contagious Conjunctivitis[SEP][CLS]cystitis","0"
"Mature Gastric Teratoma[SEP][CLS]rhabdomyosarcoma","0"
"Inclusion Body Myositis[SEP][CLS]central nervous system cancer","0"
"Beckwith-Wiedemann Syndrome[SEP][CLS]liver cancer","0"
"Evans Syndrome[SEP][CLS]primary thrombocytopenia","1"
"Mesangial Proliferative Glomerulonephritis[SEP][CLS]invasive bladder transitional cell carcinoma","0"
"Spinal Cord Disorder[SEP][CLS]stomach disease","0"
"Middle Ear Cholesterol Granuloma[SEP][CLS]heart valve disease","0"
"Benign Neonatal Epilepsy[SEP][CLS]restrictive cardiomyopathy","0"
"Usher Syndrome Type 2[SEP][CLS]functioning pituitary adenoma","0"
"Uveal Intermediate Cell Type Melanoma[SEP][CLS]opiate dependence","0"
"Aplastic Anemia[SEP][CLS]eye disease","0"
"Polyradiculopathy[SEP][CLS]hypersensitivity reaction type IV disease","0"
"Central Nervous System Angiosarcoma[SEP][CLS]vulvar benign neoplasm","0"
"Syndrome[SEP][CLS]thymoma","0"
"Quadriplegia[SEP][CLS]cranial nerve disease","0"
"Supratentorial Ependymoma YAP1 Fusion-Positive[SEP][CLS]dry eye syndrome","0"
"Bladder Tubulo-Cystic Clear Cell Adenocarcinoma[SEP][CLS]cervical adenocarcinoma","0"
"Primary Parapharyngeal Meningioma[SEP][CLS]testicular cancer","0"
"Collecting Duct Carcinoma[SEP][CLS]benign perivascular tumor","0"
"Skin Leiomyoma[SEP][CLS]pilocytic astrocytoma","0"
"Chronic Lymphoproliferative Disorder of NK-Cells[SEP][CLS]pulmonary emphysema","0"
"Rectal Leiomyosarcoma[SEP][CLS]cholangitis","0"
"Adenocarcinofibroma[SEP][CLS]breast adenocarcinoma","0"
"Transitional Cell Papilloma[SEP][CLS]papilloma","1"
"Reactive Cutaneous Fibrous Lesion[SEP][CLS]viral infectious disease","0"
"Polycythemia due to Hypoxia[SEP][CLS]spinal cancer","0"
"Adult Malignant Peripheral Nerve Sheath Tumor[SEP][CLS]kidney disease","0"
"Childhood Infratentorial Ependymoma[SEP][CLS]extraosseous osteosarcoma","0"
"Bilateral Breast Carcinoma[SEP][CLS]chromosomal deletion syndrome","0"
"Cystoid Macular Edema[SEP][CLS]breast disease","0"
"Potter Syndrome[SEP][CLS]lung adenocarcinoma","0"
"Eye Disorder[SEP][CLS]bladder urothelial carcinoma","0"
"Arteriosclerosis[SEP][CLS]artery disease","1"
"Cleft Palate[SEP][CLS]nasal cavity carcinoma","0"
"Hypothalamic Neoplasm[SEP][CLS]craniopharyngioma","0"
"Verrucous Lesion[SEP][CLS]viral infectious disease","1"
"Differentiated Thyroid Gland Carcinoma[SEP][CLS]teratoma","0"
"Ovarian Adenosarcoma[SEP][CLS]renal pelvis papillary tumor","0"
"Malignant Prostate Phyllodes Tumor[SEP][CLS]bone cancer","0"
"Proteinuria[SEP][CLS]personality disorder","0"
"Chalazion[SEP][CLS]adenofibroma","0"
"Lymphangioma[SEP][CLS]benign vascular tumor","1"
"Renal Failure[SEP][CLS]disorder of sexual development","0"
"Hyperdiploid B Lymphoblastic Leukemia/Lymphoma[SEP][CLS]lipid storage disease","0"
"Endometrioid Stromal Sarcoma of the Cervix[SEP][CLS]cervix endometrial stromal tumor","1"
"Kleptomania[SEP][CLS]kidney disease","0"
"Malignant Glottis Neoplasm[SEP][CLS]chromosomal deletion syndrome","0"
"Acute Cervicitis[SEP][CLS]acute myeloid leukemia","0"
"Blastomycosis[SEP][CLS]apocrine sweat gland neoplasm","0"
"Aortic Valve Insufficiency[SEP][CLS]aortic valve disease","1"
"Pancreatic Vipoma[SEP][CLS]parasitic helminthiasis infectious disease","0"
"Kidney Oncocytoma[SEP][CLS]central nervous system mesenchymal non-meningothelial tumor","0"
"Human Papillomavirus-Independent Cervical Adenocarcinoma, Gastric-Type[SEP][CLS]follicular adenoma","0"
"Caries[SEP][CLS]ventricular septal defect","0"
"Acute Tubular Necrosis[SEP][CLS]acute kidney failure","1"
"Gastric Immature Teratoma[SEP][CLS]sphingolipidosis","0"
"Diffuse Large B-Cell Lymphoma Activated B-Cell Type[SEP][CLS]lymphedema","0"
"Extraosseous Plasmacytoma[SEP][CLS]lymphatic system disease","0"
"Acute Myeloid Leukemia[SEP][CLS]carbohydrate metabolic disorder","0"
"Membranoproliferative Glomerulonephritis[SEP][CLS]intrinsic cardiomyopathy","0"
"Hemoglobin D Disease[SEP][CLS]paranasal sinus cancer","0"
"Invasive Bladder Sarcomatoid Urothelial Carcinoma[SEP][CLS]stomatitis","0"
"Cranial Nerve VII Palsy[SEP][CLS]facial nerve disease","1"
"Tongue Disorder[SEP][CLS]mouth disease","1"
"Malignant Type A Thymoma[SEP][CLS]Hodgkin's lymphoma","0"
"von Willebrand Disease, Type 3[SEP][CLS]von Willebrand's disease","1"
"Secondary Syphilis[SEP][CLS]leiomyosarcoma","0"
"Thyrotroph Pituitary Neuroendocrine Tumor[SEP][CLS]basal cell carcinoma","0"
"Lung Small Cell Carcinoma[SEP][CLS]lung carcinoma","1"
"Severe Acute Respiratory Syndrome[SEP][CLS]agnosia","0"
"Prediabetes[SEP][CLS]ovarian benign neoplasm","0"
"Myopia[SEP][CLS]ovarian carcinoma","0"
"Cervical Mullerian Papilloma[SEP][CLS]cervical benign neoplasm","1"
"Mixed Epithelial and Mesenchymal Hepatoblastoma[SEP][CLS]hepatoblastoma","1"
"Prostate Adenoid Cystic Carcinoma[SEP][CLS]notochordal cancer","0"
"Tooth Sensitivity[SEP][CLS]dry eye syndrome","0"
"Hereditary Papillary Renal Cell Carcinoma[SEP][CLS]angiomyolipoma","0"
"Childhood Yolk Sac Tumor[SEP][CLS]endometritis","0"
"Angiomyolipoma[SEP][CLS]biliary papillomatosis","0"
"Medulloblastoma with Extensive Nodularity[SEP][CLS]central nervous system immature teratoma","0"
"Medulloblastoma, Non-WNT/Non-SHH, Group 3[SEP][CLS]medulloblastoma non-WNT/non-SHH","1"
"Benign Mediastinal Schwannoma[SEP][CLS]primary bacterial infectious disease","0"
"Enophthalmos[SEP][CLS]uterine corpus cancer","0"
"Invasive Renal Pelvis and Ureter Urothelial Carcinoma[SEP][CLS]acute porphyria","0"
"Adult Malignant Mesenchymoma[SEP][CLS]peripheral nervous system disease","0"
"Middle Ear Polyp[SEP][CLS]parasitic protozoa infectious disease","0"
"Intravascular Angioleiomyoma[SEP][CLS]cell type benign neoplasm","0"
"Skin Atrophy[SEP][CLS]lung squamous cell carcinoma","0"
"Myxoid Glioneuronal Tumor[SEP][CLS]paraphilia disorder","0"
"Chronic Conjunctivitis[SEP][CLS]conjunctivitis","1"
"Lymphohistiocytoid Mesothelioma[SEP][CLS]malignant pleural mesothelioma","1"
"Uterine Corpus Adenomyoma[SEP][CLS]pancreatic cystadenocarcinoma","0"
"Cutaneous Schwannoma[SEP][CLS]peripheral osteosarcoma","0"
"Cystadenoma[SEP][CLS]reactive cutaneous fibrous lesion","0"
"Dental Fluorosis[SEP][CLS]skin melanoma","0"
"Migraine[SEP][CLS]myocardial infarction","0"
"Frontal Convexity Meningioma[SEP][CLS]idiopathic interstitial pneumonia","0"
"Breast Myofibroblastoma[SEP][CLS]ampulla of Vater carcinoma","0"
"Rabies[SEP][CLS]myocardial infarction","0"
"Skin Mucoepidermoid Carcinoma[SEP][CLS]mixed cell type cancer","0"
"Epiretinal Membrane[SEP][CLS]chordoma","0"
"Chronic Polyneuropathy[SEP][CLS]salivary gland disease","0"
"Bare Lymphocyte Syndrome[SEP][CLS]severe combined immunodeficiency","1"
"Embryonal Rhabdomyosarcoma[SEP][CLS]vaginal cancer","0"
"Lung Lymphangioleiomyomatosis[SEP][CLS]pituitary infarct","0"
"Friedreich Ataxia[SEP][CLS]teratoma","0"
"Testicular Atrophy[SEP][CLS]peptic ulcer disease","0"
"Anterior Foramen Magnum Meningioma[SEP][CLS]anus adenocarcinoma","0"
"Ovarian Serous Cystadenocarcinoma[SEP][CLS]melanoma","0"
"Botryoid-Type Embryonal Rhabdomyosarcoma[SEP][CLS]sweat gland cancer","0"
"Mixed Astrocytoma-Ependymoma-Oligodendroglioma[SEP][CLS]uterine ligament adenocarcinoma","0"
"Angiokeratoma Circumscriptum[SEP][CLS]breast carcinoma","0"
"Macular Dystrophy, Retinal, 1[SEP][CLS]bone benign neoplasm","0"
"Splenic Manifestation of Leukemia[SEP][CLS]breast carcinoma","0"
"Hypertrophic Cardiomyopathy[SEP][CLS]penile disease","0"
"Leukostasis[SEP][CLS]ovarian papillary neoplasm","0"
"Nerve Root Neoplasm[SEP][CLS]ovarian primitive germ cell tumor","0"
"Breast Fibrocystic Change, Non-Proliferative Type[SEP][CLS]sweat gland cancer","0"
"Pathological Myopia[SEP][CLS]anal squamous cell carcinoma","0"
"Gastroesophageal Reflux Disease[SEP][CLS]artery disease","0"
"Blepharitis[SEP][CLS]viral gastritis","0"
"Cerebral Hemisphere Lipoma[SEP][CLS]small intestine cancer","0"
"Combined Lung Large Cell Neuroendocrine Carcinoma[SEP][CLS]hypertension","0"
"Chronic Fatigue Syndrome[SEP][CLS]muscular dystrophy","0"
"Sclera Disorder[SEP][CLS]gastrointestinal system disease","0"
"Spiradenoma[SEP][CLS]cell type benign neoplasm","0"
"Hypertrichosis[SEP][CLS]bile duct disease","0"
"Primary Cutaneous T-Cell Non-Hodgkin Lymphoma[SEP][CLS]gastritis","0"
"Hyperimmunoglobulin Syndrome[SEP][CLS]kidney benign neoplasm","0"
"Myxopapillary Ependymoma[SEP][CLS]disease of mental health","0"
"Severe Acute Respiratory Syndrome[SEP][CLS]connective tissue disease","0"
"Migraine Without Aura[SEP][CLS]endocrine organ benign neoplasm","0"
"Sarcomatosis[SEP][CLS]bile duct rhabdomyosarcoma","0"
"Evans Syndrome[SEP][CLS]phagocyte bactericidal dysfunction","0"
"Mental Retardation, Autosomal Dominant 9[SEP][CLS]mixed glioma","0"
"Hemoglobin C Disease[SEP][CLS]cervical cancer","0"
"Breast Myoepithelial Tumor[SEP][CLS]breast cancer","1"
"Splenic Disorder[SEP][CLS]neurilemmoma","0"
"Medulloblastoma with Extensive Nodularity[SEP][CLS]contact dermatitis","0"
"Panuveitis[SEP][CLS]uveitis","1"
"Pseudogout[SEP][CLS]heart valve disease","0"
"Werdnig-Hoffmann Disease[SEP][CLS]childhood spinal muscular atrophy","1"
"Malignant Adult Hemangiopericytoma[SEP][CLS]hemangiopericytoma","1"
"Mediastinal Neurogenic Neoplasm[SEP][CLS]cervix carcinoma","0"
"Breast Intracanalicular Fibroadenoma[SEP][CLS]colon sarcoma","0"
"Conjunctival Melanoma[SEP][CLS]tooth disease","0"
"Periodontitis[SEP][CLS]embryonal rhabdomyosarcoma","0"
"N1 Diffuse Large B-Cell Lymphoma[SEP][CLS]invasive bladder transitional cell carcinoma","0"
"Intestinal Perforation[SEP][CLS]disorder of sexual development","0"
"Irritant Contact Dermatitis[SEP][CLS]nasal cavity carcinoma","0"
"Corpus Callosum Lipoma[SEP][CLS]breast fibroadenoma","0"
"Intratubular Non-Seminoma[SEP][CLS]specific developmental disorder","0"
"Clear Cell Hepatocellular Carcinoma[SEP][CLS]central nervous system disease","0"
"B-Cell Non-Hodgkin Lymphoma[SEP][CLS]gastrointestinal system benign neoplasm","0"
"Cardiovascular Disorder[SEP][CLS]hepatocellular carcinoma","0"
"Primary Parapharyngeal Meningioma[SEP][CLS]hemangioma","0"
"Testicular Rhabdomyosarcoma[SEP][CLS]lymphatic system disease","0"
"Osgood-Schlatter's Disease[SEP][CLS]sweat gland disease","0"
"Cervical Poorly Differentiated Adenosquamous Carcinoma[SEP][CLS]endodermal sinus tumor","0"
"Childhood Ependymoma[SEP][CLS]congenital hemolytic anemia","0"
"Histiocytic and Dendritic Cell Neoplasm[SEP][CLS]hair disease","0"
"Tick-Borne Relapsing Fever[SEP][CLS]meninges sarcoma","0"
"Blastema Predominant Kidney Wilms Tumor[SEP][CLS]nephroblastoma","1"
"Telogen Effluvium[SEP][CLS]ampulla of Vater adenocarcinoma","0"
"Bladder Diverticulum[SEP][CLS]esophageal carcinoma","0"
"Orbit Hemangioma[SEP][CLS]gallbladder adenocarcinoma","0"
"Emery-Dreifuss Muscular Dystrophy[SEP][CLS]muscular dystrophy","1"
"Dengue Hemorrhagic Fever[SEP][CLS]breast carcinoma","0"
"Colitis[SEP][CLS]mononeuropathy","0"
"Galactokinase Deficiency[SEP][CLS]fibrosarcoma","0"
"Thyroid Gland Papillary and Follicular Carcinoma[SEP][CLS]in situ carcinoma","0"
"Double Cortex Syndrome[SEP][CLS]congenital nervous system abnormality","1"
"Subacute Glomerulonephritis[SEP][CLS]supratentorial ependymoma","0"
"Choroid Melanoma[SEP][CLS]endocrine organ benign neoplasm","0"
"Breast Metaplastic Carcinoma[SEP][CLS]primary bacterial infectious disease","0"
"Glucose Intolerance[SEP][CLS]hypertrophic cardiomyopathy","0"
"Childhood Lymphoma[SEP][CLS]lymphoma","1"
"Hidradenitis[SEP][CLS]endometrial adenocarcinoma","0"
"Vulvovaginitis[SEP][CLS]vagina sarcoma","0"
"Invasive Thymoma[SEP][CLS]kidney disease","0"
"Buerger Disease[SEP][CLS]primary hyperoxaluria","0"
"Ureterolithiasis[SEP][CLS]glaucoma","0"
"Subacute Bacterial Endocarditis[SEP][CLS]infective endocarditis","1"
"Grade I Lymphomatoid Granulomatosis[SEP][CLS]neuroma","0"
"Hydronephrosis[SEP][CLS]gingivitis","0"
"Breast Intracanalicular Fibroadenoma[SEP][CLS]melanoma","0"
"Werdnig-Hoffmann Disease[SEP][CLS]squamous cell carcinoma","0"
"Hepatoid Adenocarcinoma[SEP][CLS]acquired polycythemia","0"
"Adrenal Gland Ganglioneuroblastoma[SEP][CLS]glomerulonephritis","0"
"Hypogammaglobulinemia[SEP][CLS]maxillary sinus benign neoplasm","0"
"Testicular Fibroma[SEP][CLS]retinal vein occlusion","0"
"Depersonalization Disorder[SEP][CLS]glomerulosclerosis","0"
"Optic Neuritis[SEP][CLS]motor neuron disease","0"
"Pressure Sore[SEP][CLS]dendritic cell sarcoma","0"
"Lower Clivus Meningioma[SEP][CLS]communication disorder","0"
"Mitral Valve Stenosis[SEP][CLS]hypertension","0"
"Pituitary Gland Mixed Acidophil-Basophil Adenoma[SEP][CLS]scabies","0"
"Type 1 Renal Papillary Adenoma[SEP][CLS]severe combined immunodeficiency","0"
"Mucoepidermoid Carcinoma[SEP][CLS]familial hyperlipidemia","0"
"Vivax Malaria[SEP][CLS]parathyroid adenoma","0"
"Childhood Renal Cell Carcinoma[SEP][CLS]autonomic neuropathy","0"
"High Grade B-Cell Lymphoma with MYC and BCL2 or BCL6 Rearrangements[SEP][CLS]sebaceous gland neoplasm","0"
"Prostate Stromal Sarcoma[SEP][CLS]prostate sarcoma","1"
"Polycythaemia due to Excess Erythropoetin Production[SEP][CLS]cutaneous mastocytosis","0"
"Breast Neuroendocrine Neoplasm[SEP][CLS]osteochondrodysplasia","0"
"Polymorphous Low Grade Neuroepithelial Tumor of the Young[SEP][CLS]skin disease","0"
"Pyromania[SEP][CLS]myotonic disease","0"
"Encephalitis Lethargica[SEP][CLS]gastric adenocarcinoma","0"
"Tuberculous Laryngitis[SEP][CLS]colon sarcoma","0"
"Cerebral Infarction[SEP][CLS]muscular dystrophy","0"
"Corneal Disorder[SEP][CLS]breast hemangioma","0"
"Gray-Zone Lymphoma[SEP][CLS]lymphoma","1"
"Esophageal Leiomyosarcoma[SEP][CLS]breast adenocarcinoma","0"
"Ascending Cholangitis[SEP][CLS]hepatocellular carcinoma","0"
"Frohlich Syndrome[SEP][CLS]testicular yolk sac tumor","0"
"Paranoid Personality Disorder[SEP][CLS]strabismus","0"
"Trophoblastic Tumor[SEP][CLS]embryonal testis carcinoma","0"
"Primary Hyperoxaluria[SEP][CLS]keratitis","0"
"Pineal Region Germinoma[SEP][CLS]peritoneal carcinoma","0"
"Keratinizing Squamous Cell Carcinoma[SEP][CLS]squamous cell carcinoma","1"
"Dehydration Polycythemia[SEP][CLS]acquired polycythemia","1"
"Orofaciodigital Syndrome Type 6[SEP][CLS]laryngeal carcinoma","0"
"Tamoxifen-Related Endometrial Disorder[SEP][CLS]ovarian cancer","0"
"Adult Brain Stem Astrocytoma[SEP][CLS]multiple carboxylase deficiency","0"
"Clear Cell Hepatocellular Carcinoma[SEP][CLS]hypertension","0"
"Glucose-6-Phosphate Dehydrogenase Deficiency[SEP][CLS]bone benign neoplasm","0"
"Skin Clear Cell Basal Cell Carcinoma[SEP][CLS]invasive bladder transitional cell carcinoma","0"
"Scabies[SEP][CLS]synovium cancer","0"
"Polyhydramnios[SEP][CLS]viral infectious disease","0"
"Synchronous Bilateral Breast Carcinoma[SEP][CLS]respiratory failure","0"
"Maxillary Sinusitis[SEP][CLS]nutritional deficiency disease","0"
"Late Yaws[SEP][CLS]primary congenital glaucoma","0"
"Retinal Cell Neoplasm[SEP][CLS]adenocarcinoma","0"
"Nasal Cavity and Paranasal Sinus Lethal Midline Granuloma[SEP][CLS]skin disease","0"
"Cryptogenic Organizing Pneumonia[SEP][CLS]disease of mental health","0"
"Anomia[SEP][CLS]female reproductive organ benign neoplasm","0"
"Friedreich Ataxia[SEP][CLS]intestinal disease","0"
"Testicular Yolk Sac Tumor, Endodermal Sinus/Perivascular Pattern[SEP][CLS]central nervous system benign neoplasm","0"
"Kidney Angiomyolipoma[SEP][CLS]lipid-rich carcinoma","0"
"Chondroma[SEP][CLS]acute myeloid leukemia","0"
"Glucose-6-Phosphate Dehydrogenase Deficiency[SEP][CLS]skin benign neoplasm","0"
"Bartholin Gland Small Cell Neuroendocrine Carcinoma[SEP][CLS]salivary gland cancer","0"
"Childhood Fibrosarcoma[SEP][CLS]ovarian carcinoma","0"
"Dandy-Walker Malformation[SEP][CLS]cerebellar disease","1"
"Giant Papillary Conjunctivitis[SEP][CLS]papillary conjunctivitis","1"
"Splenic Hemangioma[SEP][CLS]eye disease","0"
"Adult Pineal Parenchymal Cell Neoplasm[SEP][CLS]pituitary gland disease","0"
"Childhood Fibrosarcoma[SEP][CLS]immune system disease","0"
"Bladder Clear Cell Adenocarcinoma[SEP][CLS]thyroid gland carcinoma","0"
"Anhidrosis[SEP][CLS]hypohidrosis","1"
"Skull Base Chordoma[SEP][CLS]syndrome","0"
"Sebaceous Adenoma[SEP][CLS]gastrointestinal system disease","0"
"Diffuse Sclerosing Variant Thyroid Gland Papillary Carcinoma[SEP][CLS]thyroid gland papillary carcinoma","1"
"Angioma Serpiginosum[SEP][CLS]skin melanoma","0"
"Myxosarcoma[SEP][CLS]autosomal dominant cerebellar ataxia","0"
"Salpingo-Oophoritis[SEP][CLS]vulva cancer","0"
"Adult Lymphoma[SEP][CLS]salivary gland cancer","0"
"Liddle Syndrome[SEP][CLS]vulva cancer","0"
"Prostatitis[SEP][CLS]splenic manifestation of leukemia","0"
"EZB Diffuse Large B-Cell Lymphoma[SEP][CLS]ectodermal dysplasia","0"
"Appendix L-Cell Glucagon-Like Peptide-Producing Neuroendocrine Tumor[SEP][CLS]migraine","0"
"Retinal Dystrophy[SEP][CLS]skin sarcoma","0"
"Chronic Suppurative Otitis Media[SEP][CLS]thyroid gland follicular carcinoma","0"
"Breast Intracanalicular Fibroadenoma[SEP][CLS]vaginal cancer","0"
"Aicardi Syndrome[SEP][CLS]syndrome","1"
"Thyroid Gland Hyalinizing Trabecular Tumor[SEP][CLS]long QT syndrome","0"
"Renal Cell Carcinoma[SEP][CLS]renal carcinoma","1"
"Penile Mixed Squamous Cell Carcinoma[SEP][CLS]acute inflammation of lacrimal passage","0"
"Splenic Abscess[SEP][CLS]splenic disease","1"
"Clear Cell Sarcoma of the Kidney[SEP][CLS]coronary artery disease","0"
"Vulvar Disorder[SEP][CLS]embryonal cancer","0"
"Fallopian Tube Serous Papilloma[SEP][CLS]peritoneal benign neoplasm","0"
"Porphyria[SEP][CLS]uterine corpus cancer","0"
"Breast Rhabdomyosarcoma[SEP][CLS]glycogen-rich carcinoma","0"
"Ehlers-Danlos Syndrome, Type III[SEP][CLS]syndrome","0"
"Testicular Granulosa Cell Tumor[SEP][CLS]retinal disease","0"
"Functioning Pituitary Neuroendocrine Tumor[SEP][CLS]congenital heart disease","0"
"Pituitary Gland Infarction[SEP][CLS]necrosis of pituitary","1"
"Pulmonary Alveolar Proteinosis[SEP][CLS]lung disease","1"
"Metastatic Somatotroph Pituitary Neuroendocrine Tumor[SEP][CLS]ovarian benign neoplasm","0"
"Osteopetrosis[SEP][CLS]chromosomal duplication syndrome","0"
"Palmoplantar Pustulosis[SEP][CLS]lipomatosis","0"
"Small Cell Sarcoma[SEP][CLS]myopia","0"
"Cervical Adenomyoma, Endocervical-Type[SEP][CLS]idiopathic interstitial pneumonia","0"
"Polycythemia due to Hypoxia[SEP][CLS]cranial nerve malignant neoplasm","0"
"Testicular Granulosa Cell Tumor[SEP][CLS]intrinsic cardiomyopathy","0"
"Ectopia Lentis[SEP][CLS]movement disease","0"
"Collecting Duct Carcinoma[SEP][CLS]gastrointestinal neuroendocrine benign tumor","0"
"Acute Alcoholic Hepatitis[SEP][CLS]lipid storage disease","0"
"Stevens-Johnson Syndrome[SEP][CLS]vitreous disease","0"
"Erythropoietic Protoporphyria[SEP][CLS]acute myeloid leukemia","0"
"Proctitis[SEP][CLS]ureteral disease","0"
"Polycythemia Vera[SEP][CLS]non-Langerhans-cell histiocytosis","0"
"Wolffian Tumor[SEP][CLS]endocrine pancreas disease","0"
"Polyradiculopathy[SEP][CLS]radiculopathy","1"
"Hyperthyroxinemia[SEP][CLS]breast duct papilloma","0"
"Hidradenoma Papilliferum[SEP][CLS]candidiasis","0"
"Paranoid Type Schizophrenia[SEP][CLS]mixed cell type cancer","0"
"Radiation Cystitis[SEP][CLS]pulmonary valve stenosis","0"
"Nephrotic Syndrome[SEP][CLS]osteosarcoma","0"
"Testicular Yolk Sac Tumor, Polyvesicular Vitelline Pattern[SEP][CLS]coronary artery disease","0"
"Colon L-Cell Glucagon-Like Peptide-Producing Neuroendocrine Tumor[SEP][CLS]male reproductive organ cancer","0"
"Metachronous Kidney Wilms Tumor[SEP][CLS]hepatitis","0"
"Hypohidrosis[SEP][CLS]retinal disease","0"
"Giant Hypertrophic Gastritis[SEP][CLS]chronic salpingitis","0"
"Mycetoma[SEP][CLS]chromophil adenoma of the kidney","0"
"Alcoholic Gastritis[SEP][CLS]gastritis","1"
"Hallucinogen Dependence[SEP][CLS]uveitis","0"
"Chordoid Meningioma[SEP][CLS]artery disease","0"
"Tetanus[SEP][CLS]uterus leiomyosarcoma","0"
"Abdominal Aortic Aneurysm[SEP][CLS]metabolic acidosis","0"
"Tricuspid Valve Insufficiency[SEP][CLS]kidney benign neoplasm","0"
"Testicular Leukemia[SEP][CLS]malaria","0"
"Facial Nerve Disorder[SEP][CLS]laryngeal benign neoplasm","0"
"Pulmonary Hypertension[SEP][CLS]organic acidemia","0"
"Gynecomastia[SEP][CLS]sex cord-gonadal stromal tumor","0"
"Pedophilia[SEP][CLS]female reproductive system disease","0"
"Occult Lung Adenocarcinoma[SEP][CLS]psychotic disorder","0"
"Ovarian Endometrioid Adenocarcinofibroma[SEP][CLS]ovarian dysfunction","0"
"Rectosigmoid Neoplasm[SEP][CLS]monodermal teratoma","0"
"Arrhythmogenic Right Ventricular Dysplasia[SEP][CLS]coronary artery disease","0"
"Dengue Fever[SEP][CLS]bladder disease","0"
"Coagulation Disorder[SEP][CLS]hematopoietic system disease","1"
"Rheumatic Fever[SEP][CLS]bile duct adenoma","0"
"Telangiectatic Glomangioma[SEP][CLS]sphenoidal sinus benign neoplasm","0"
"Hypochromic Anemia[SEP][CLS]cerebral meningioma","0"
"Anal Mucinous Adenocarcinoma[SEP][CLS]childhood electroclinical syndrome","0"
"Uterine Ligament Neoplasm[SEP][CLS]gastrointestinal system disease","0"
"Ovarian Small Cell Carcinoma[SEP][CLS]liposarcoma","0"
"Clear Cell Adenoma[SEP][CLS]cerebral ventricle cancer","0"
"Adult Central Nervous System Germinoma[SEP][CLS]esophageal carcinoma","0"
"Granulomatous Gastritis[SEP][CLS]chronic lymphocytic leukemia/small lymphocytic lymphoma","0"
"Diffuse Hemispheric Glioma, H3 G34-Mutant[SEP][CLS]cognitive disorder","0"
"Otitis Media[SEP][CLS]middle ear disease","1"
"Lens Disorder[SEP][CLS]cervical squamous cell carcinoma","0"
"Colon Leiomyoma[SEP][CLS]hematologic cancer","0"
"Acute Myocardial Infarction[SEP][CLS]sarcoidosis","0"
"Coloboma of the Eye[SEP][CLS]neonatal period electroclinical syndrome","0"
"Peripheral Primitive Neuroectodermal Tumor of Bone[SEP][CLS]retinal disease","0"
"Atherosclerosis[SEP][CLS]paranasal sinus benign neoplasm","0"
"Scarlet Fever[SEP][CLS]kidney disease","0"
"Extratemporal Epilepsy[SEP][CLS]hypertension","0"
"Nephrogenic Diabetes Insipidus[SEP][CLS]cerebrum cancer","0"
"Bullous Pemphigoid[SEP][CLS]central nervous system germ cell tumor","0"
"Facioscapulohumeral Muscular Dystrophy[SEP][CLS]muscular dystrophy","1"
"Botryoid-Type Embryonal Rhabdomyosarcoma[SEP][CLS]thymic carcinoma","0"
"Breast Mucinous Carcinoma[SEP][CLS]intestinal obstruction","0"
"Richter Syndrome[SEP][CLS]viral gastritis","0"
"Acute Myeloid Leukemia with RUNX1 Mutation[SEP][CLS]thiamine deficiency disease","0"
"Indolent Systemic Mastocytosis[SEP][CLS]personality disorder","0"
"von Willebrand Disease, Type 3[SEP][CLS]herpes simplex","0"
"Hypoglossal Nerve Disorder[SEP][CLS]corneal disease","0"
"Glanders[SEP][CLS]vaginal cancer","0"
"Temporal Lobe Epilepsy[SEP][CLS]focal epilepsy","1"
"Dental Agenesis[SEP][CLS]meningioma","0"
"Dehydration Polycythemia[SEP][CLS]lipoma","0"
"Thyroid Gland Follicular Carcinoma[SEP][CLS]muscle benign neoplasm","0"
"Bladder Squamous Papilloma[SEP][CLS]bladder benign neoplasm","1"
"Gonadal Dysgenesis[SEP][CLS]appendix adenocarcinoma","0"
"Nutritional Disorder[SEP][CLS]acquired metabolic disease","1"
"Breast Sarcoma[SEP][CLS]breast cancer","1"
"Bursitis[SEP][CLS]osteosclerosis","0"
"Restrictive Cardiomyopathy[SEP][CLS]B-lymphoblastic leukemia/lymphoma","0"
"Mixed Liposarcoma[SEP][CLS]cerebrum cancer","0"
"Vaginal Leiomyosarcoma[SEP][CLS]vagina sarcoma","1"
"Acute Basophilic Leukemia[SEP][CLS]acute myeloid leukemia","1"
"Nasopharyngitis[SEP][CLS]cornea cancer","0"
"Acute Myeloid Leukemia with Maturation[SEP][CLS]amino acid metabolic disorder","0"
"Epithelioid Hemangioma[SEP][CLS]keratosis","0"
"Bladder Disorder[SEP][CLS]skull base meningioma","0"
"Chronic Renal Failure[SEP][CLS]mite infestation","0"
"Palmoplantar Pustulosis[SEP][CLS]non-Hodgkin lymphoma","0"
"Indolent Systemic Mastocytosis[SEP][CLS]cataract","0"
"Glomangiomyoma[SEP][CLS]thyroid sarcoma","0"
"Barrett Adenocarcinoma[SEP][CLS]meningeal melanoma","0"
"Multiple System Atrophy[SEP][CLS]uterine adnexa cancer","0"
"Acatalasemia[SEP][CLS]myopathy","0"
"Thymoma Type B2[SEP][CLS]disorder of sexual development","0"
"Ovarian Large Cell Neuroendocrine Carcinoma[SEP][CLS]female reproductive system disease","0"
"Cerebral Convexity Meningioma[SEP][CLS]cerebral meningioma","1"
"Parotitis[SEP][CLS]parotid disease","1"
"Epithelioid Cell Melanoma[SEP][CLS]bladder disease","0"
"Cutaneous Diphtheria[SEP][CLS]malignant mediastinal neurogenic neoplasm","0"
"Protoplasmic Astrocytoma[SEP][CLS]ovarian carcinosarcoma","0"
"Abducens Nerve Neoplasm[SEP][CLS]vitreous disease","0"
"Cystic Teratoma[SEP][CLS]nephroma","0"
"Coronary Vasospasm[SEP][CLS]retinal degeneration","0"
"Bladder Mucinous Adenocarcinoma[SEP][CLS]gallbladder carcinoma","0"
"Prostatic Urethra Urothelial Carcinoma[SEP][CLS]cerebellum cancer","0"
"Acute Atopic Conjunctivitis[SEP][CLS]thyroiditis","0"
"Duodenal Ulcer[SEP][CLS]brain disease","0"
"Complete Trisomy 13 Syndrome[SEP][CLS]lacrimal apparatus disease","0"
"Nodular Hidradenoma[SEP][CLS]spinal cord disease","0"
"Distal Hereditary Motor Neuronopathy Type I[SEP][CLS]multifocal osteogenic sarcoma","0"
"Peroneal Nerve Paralysis[SEP][CLS]vulvar squamous tumor","0"
"Urethra Disorder[SEP][CLS]urinary system disease","1"
"Maxillary Sinus Papilloma[SEP][CLS]gonadal dysgenesis","0"
"Eosinophilic Gastritis[SEP][CLS]organic acidemia","0"
"Chronic Sphenoidal Sinusitis[SEP][CLS]viral infectious disease","0"
"Salpingitis[SEP][CLS]eye disease","0"
"Fasciolopsiasis[SEP][CLS]urea cycle disorder","0"
"Nephritis[SEP][CLS]liver carcinoma","0"
"Spindle Cell Hemangioma[SEP][CLS]hemangioma","1"
"Bladder Mucinous Adenocarcinoma[SEP][CLS]agnosia","0"
"Spindle Cell Lipoma[SEP][CLS]Guillain-Barre syndrome","0"
"Central Pontine Myelinolysis[SEP][CLS]prolymphocytic leukemia","0"
"Hemoglobin D Disease[SEP][CLS]ovarian endodermal sinus tumor","0"
"Syringocystadenoma Papilliferum[SEP][CLS]apocrine sweat gland neoplasm","1"
"Osgood-Schlatter's Disease[SEP][CLS]acute biphenotypic leukemia","0"
"Intestinal Perforation[SEP][CLS]stomatitis","0"
"Clear Cell Chondrosarcoma[SEP][CLS]pyelonephritis","0"
"Intrahepatic Bile Duct Intraductal Papillary Neoplasm[SEP][CLS]ovarian carcinosarcoma","0"
"Thymoma Type A[SEP][CLS]gastrointestinal system disease","0"
"Breast Spiradenoma[SEP][CLS]cell type benign neoplasm","0"
"Kidney Fibrosarcoma[SEP][CLS]primary cutaneous T-cell non-Hodgkin lymphoma","0"
"Degenerative Disorder[SEP][CLS]disease of mental health","0"
"Brain Liposarcoma[SEP][CLS]pituitary gland benign neoplasm","0"
"Anxiety Disorder[SEP][CLS]lymphadenitis","0"
"Childhood Central Nervous System Immature Teratoma[SEP][CLS]sarcoidosis","0"
"Breast Intraductal Papillomatosis[SEP][CLS]intestinal disease","0"
"Aniridia[SEP][CLS]conjunctivitis","0"
"Paraneoplastic Polyneuropathy[SEP][CLS]male reproductive organ benign neoplasm","0"
"Testicular Yolk Sac Tumor, Papillary Pattern[SEP][CLS]bone remodeling disease","0"
"Adult Fibrosarcoma[SEP][CLS]brain cancer","0"
"Hereditary Fructose Intolerance[SEP][CLS]prostate adenocarcinoma","0"
"Acute Cystitis[SEP][CLS]apocrine carcinoma","0"
"Tracheal Adenoid Cystic Carcinoma[SEP][CLS]trachea carcinoma","1"
"Hyperthyroxinemia[SEP][CLS]salivary gland cancer","0"
"Hyperostosis[SEP][CLS]auditory system disease","0"
"Empty Sella Syndrome[SEP][CLS]bone osteosarcoma","0"
"Interdigitating Dendritic Cell Sarcoma[SEP][CLS]placenta disease","0"
"Evans Syndrome[SEP][CLS]central nervous system adult germ cell tumor","0"
"Ovarian Endometrioid Cystadenoma[SEP][CLS]thyroid gland papillary carcinoma","0"
"Subependymal Giant Cell Astrocytoma[SEP][CLS]pancreatitis","0"
"Adult Brain Stem Glioma[SEP][CLS]cranial nerve disease","0"
"Renovascular Hypertension[SEP][CLS]central nervous system mature teratoma","0"
"Metastatic Thyrotroph Pituitary Neuroendocrine Tumor[SEP][CLS]iris cancer","0"
"Hyperlipoproteinemia, Type IIb[SEP][CLS]lacrimal system cancer","0"
"Lissencephaly[SEP][CLS]congenital nervous system abnormality","1"
"Occupational Dermatitis[SEP][CLS]progressive myoclonus epilepsy","0"
"Malignant Apocrine Neoplasm[SEP][CLS]heart sarcoma","0"
"Kidney Leiomyosarcoma[SEP][CLS]follicular adenoma","0"
"Hereditary Kidney Oncocytoma[SEP][CLS]gallbladder carcinoma","0"
"POEMS Syndrome[SEP][CLS]malignant pineal area germ cell neoplasm","0"
"Cellular Congenital Mesoblastic Nephroma[SEP][CLS]congenital mesoblastic nephroma","1"
"Rete Ovarii Cystadenoma[SEP][CLS]acute myeloid leukemia","0"
"Mood Disorder[SEP][CLS]hemangioma","0"
"Childhood Spinal Cord Neoplasm[SEP][CLS]colon adenocarcinoma","0"
"Astroblastoma, MN1-Altered[SEP][CLS]vulva squamous cell carcinoma","0"
"Intraocular Retinoblastoma[SEP][CLS]apocrine sweat gland neoplasm","0"
"Ureter Disorder[SEP][CLS]prion disease","0"
"Vivax Malaria[SEP][CLS]epilepsy","0"
"Cryptococcosis[SEP][CLS]choriocarcinoma","0"
"Ovarian Yolk Sac Tumor, Hepatoid Pattern[SEP][CLS]ovarian endodermal sinus tumor","1"
"Adult Central Nervous System Embryonal Tumor, Not Otherwise Specified[SEP][CLS]congenital heart disease","0"
"Immunodeficiency[SEP][CLS]movement disease","0"
"Schizoid Personality Disorder[SEP][CLS]thymus gland disease","0"
"Tricuspid Valve Stenosis[SEP][CLS]tricuspid valve disease","1"
"Hypospadias[SEP][CLS]rectum sarcoma","0"
"Early Yaws[SEP][CLS]parasitic helminthiasis infectious disease","0"
"Spindle Cell Hemangioma[SEP][CLS]connective tissue cancer","0"
"Microsporidiosis[SEP][CLS]breast fibroadenoma","0"
"Conjunctival Disorder[SEP][CLS]eye disease","1"
"Azoospermia[SEP][CLS]sleep disorder","0"
"Erythromelalgia[SEP][CLS]muscle benign neoplasm","0"
"Microphthalmos[SEP][CLS]periodontal disease","0"
"Early/Prefibrotic Primary Myelofibrosis[SEP][CLS]benign ependymoma","0"
"Hairy Tongue[SEP][CLS]inflammatory bowel disease","0"
"Castleman Disease[SEP][CLS]craniopharyngioma","0"
"Cortical Blindness[SEP][CLS]primary thrombocytopenia","0"
"Polycythemia Vera[SEP][CLS]ethmoidal sinus benign neoplasm","0"
"Breast Signet Ring Cell Carcinoma[SEP][CLS]hemoglobinopathy","0"
"Acquired Keratoderma[SEP][CLS]tricuspid valve disease","0"
"Homocystinuria[SEP][CLS]hypersensitivity reaction type IV disease","0"
"Myoclonic Epilepsy Associated with Ragged-Red Fibers[SEP][CLS]familial hyperlipidemia","0"
"Central Giant Cell Granuloma[SEP][CLS]bone giant cell tumor","1"
"Prostate Rhabdomyosarcoma[SEP][CLS]liver benign neoplasm","0"
"Transient Ischemic Attack[SEP][CLS]mixed testicular germ cell tumor","0"
"Partial Retinal Arterial Occlusion[SEP][CLS]prostate adenocarcinoma","0"
"Breast Hypertrophy[SEP][CLS]spleen cancer","0"
"Linitis Plastica[SEP][CLS]thyrotoxicosis","0"
"Serous Cystadenocarcinoma[SEP][CLS]pneumoconiosis","0"
"Mediastinal Soft Tissue Neoplasm[SEP][CLS]cervical carcinosarcoma","0"
"Bladder Mixed Adenocarcinoma[SEP][CLS]T-cell acute lymphoblastic leukemia","0"
"Dissociative Disorder[SEP][CLS]disease of mental health","1"
"Vulvar Dystrophy[SEP][CLS]ovarian disease","0"
"Quartan Malaria[SEP][CLS]female reproductive system disease","0"
"Ovarian Endometrioid Cystadenofibroma[SEP][CLS]dysgammaglobulinemia","0"
"Adult Pineal Parenchymal Cell Neoplasm[SEP][CLS]pineal gland cancer","1"
"Granulomatous Dermatitis[SEP][CLS]syndrome","0"
"Atrial Septal Defect[SEP][CLS]chronic lymphocytic leukemia/small lymphocytic lymphoma","0"
"Alcoholic Cirrhosis[SEP][CLS]carbohydrate metabolic disorder","0"
"Childhood Ovarian Yolk Sac Tumor[SEP][CLS]central nervous system benign neoplasm","0"
"Keratoconus[SEP][CLS]brain stem infarction","0"
"Leukemia[SEP][CLS]cholangiocarcinoma","0"
"Breast Mucoepidermoid Carcinoma[SEP][CLS]breast metaplastic carcinoma","1"
"Retinopathy of Prematurity[SEP][CLS]optic nerve glioma","0"
"Leishmaniasis[SEP][CLS]hemoglobinopathy","0"
"Malignant Chest Wall Bone Neoplasm[SEP][CLS]glomus tumor","0"
"Tamoxifen-Related Endometrial Disorder[SEP][CLS]choroid plexus cancer","0"
"Epiglottitis[SEP][CLS]disease of anatomical entity","0"
"Cervical Non-Keratinizing Squamous Cell Carcinoma[SEP][CLS]primary bacterial infectious disease","0"
"Breast Intraductal Neoplasm[SEP][CLS]stomatitis","0"
"Childhood Astrocytic Tumor[SEP][CLS]blood platelet disease","0"
"Broad Ligament Mucinous Adenocarcinoma[SEP][CLS]acute monocytic leukemia","0"
"Breast Intraductal Papillary Neoplasm[SEP][CLS]ethmoidal sinus benign neoplasm","0"
"Dysthymic Disorder[SEP][CLS]breast carcinoma","0"
"Norwegian Scabies[SEP][CLS]brain disease","0"
"Partial Epilepsy[SEP][CLS]restrictive cardiomyopathy","0"
"Osteogenesis Imperfecta[SEP][CLS]cholangitis","0"
"Pseudomembranous Conjunctivitis[SEP][CLS]intrahepatic cholestasis","0"
"Childhood Epithelioid Sarcoma[SEP][CLS]lymphadenitis","0"
"Celiac Disease[SEP][CLS]relapsing fever","0"
"Bone Leiomyosarcoma[SEP][CLS]non-Langerhans-cell histiocytosis","0"
"Albright Hereditary Osteodystrophy without Multiple Hormone Resistance[SEP][CLS]testicular disease","0"
"Hyperphosphatemia[SEP][CLS]cerebral ventricle cancer","0"
"Acantholytic Acanthoma[SEP][CLS]acanthoma","1"
"B Acute Lymphoblastic Leukemia with t(12;21)(p13.2;q22.1); ETV6-RUNX1[SEP][CLS]thyroid gland disease","0"
"Varicose Vein[SEP][CLS]carcinoma","0"
"Skin Vascular Disorder[SEP][CLS]adult pineal parenchymal tumor","0"
"CIC-Rearranged Sarcoma[SEP][CLS]retinal artery occlusion","0"
"Intussusception[SEP][CLS]intestinal obstruction","1"
"Orofaciodigital Syndrome Type 6[SEP][CLS]liver sarcoma","0"
"von Willebrand Disease, Type 1[SEP][CLS]central nervous system germinoma","0"
"Mesenchymal Extraskeletal Chondrosarcoma[SEP][CLS]adrenal gland cancer","0"
"Alzheimer's Disease[SEP][CLS]clivus meningioma","0"
"Blind Loop Syndrome[SEP][CLS]parathyroid adenoma","0"
"Gallbladder Signet Ring Cell Carcinoma[SEP][CLS]hypoglycemia","0"
"Keratosis[SEP][CLS]synovial sarcoma","0"
"Myeloid/Lymphoid Neoplasms with PDGFRB Rearrangement[SEP][CLS]blood platelet disease","0"
"Malignant Buccal Mucosa Neoplasm[SEP][CLS]hepatitis","0"
"Rectal Prolapse[SEP][CLS]apocrine carcinoma","0"
"Facial Nerve Disorder[SEP][CLS]renal tubular transport disease","0"
"Thyrotroph Pituitary Neuroendocrine Tumor[SEP][CLS]cervical adenocarcinoma","0"
"Epidermolytic Ichthyosis[SEP][CLS]mite infestation","0"
"Egg Allergy[SEP][CLS]central nervous system mesenchymal non-meningothelial tumor","0"
"Dental Fluorosis[SEP][CLS]middle ear disease","0"
"Large Cell Medulloblastoma[SEP][CLS]pyelonephritis","0"
"Cytochrome-C Oxidase Deficiency[SEP][CLS]oligodendroglioma","0"
"Adult Pineal Parenchymal Cell Neoplasm[SEP][CLS]brain disease","0"
"Metanephric Adenoma[SEP][CLS]renal adenoma","1"
"Ectomesenchymoma[SEP][CLS]breast carcinoma in situ","0"
"Duodenitis[SEP][CLS]pilocytic astrocytoma","0"
"Malignant Triton Tumor[SEP][CLS]viral infectious disease","0"
"Granulomatous Gastritis[SEP][CLS]gastritis","1"
"Pemphigoid Gestationis[SEP][CLS]pemphigoid","1"
"Metachronous Kidney Wilms Tumor[SEP][CLS]cervical adenocarcinoma","0"
"Orbit Alveolar Rhabdomyosarcoma[SEP][CLS]orbit rhabdomyosarcoma","1"
"Peripheral Nerve Schwannoma[SEP][CLS]acrocephalosyndactylia","0"
"Acute Megakaryoblastic Leukemia[SEP][CLS]pilocytic astrocytoma","0"
"Bladder Papillary Clear Cell Adenocarcinoma[SEP][CLS]bladder clear cell adenocarcinoma","1"
"Osteosclerosis[SEP][CLS]medulloblastoma","0"
"Endemic Goiter[SEP][CLS]thymoma","0"
"Thymic Dysplasia[SEP][CLS]peritoneal benign neoplasm","0"
"Stevens-Johnson Syndrome[SEP][CLS]papillary adenocarcinoma","0"
"Idiopathic Crescentic Glomerulonephritis[SEP][CLS]viral infectious disease","0"
"Anhidrosis[SEP][CLS]stomach carcinoma","0"
"Diverticulitis[SEP][CLS]focal dystonia","0"
"Kabuki Syndrome[SEP][CLS]sex cord-gonadal stromal tumor","0"
"Biphasic Mesothelioma[SEP][CLS]glomerulonephritis","0"
"Benign Granular Cell Tumor[SEP][CLS]nephrotic syndrome","0"
"Sebaceous Adenoma[SEP][CLS]pigmentation disease","0"
"Gemistocytic Astrocytoma[SEP][CLS]well-differentiated liposarcoma","0"
"Myeloid/Lymphoid Neoplasms with PDGFRB Rearrangement[SEP][CLS]glomerulonephritis","0"
"Ampulla of Vater Small Cell Neuroendocrine Carcinoma[SEP][CLS]rhabdoid cancer","0"
"Breast Capillary Hemangioma[SEP][CLS]cataract","0"
"Luminal A Breast Carcinoma[SEP][CLS]breast carcinoma","1"
"Well Differentiated Papillary Mesothelial Tumor[SEP][CLS]gonadal disease","0"
"Cervical Wilms Tumor[SEP][CLS]renal cell carcinoma","0"
"Burkitt Lymphoma[SEP][CLS]germ cell and embryonal cancer","0"
"Penile Fibromatosis[SEP][CLS]skin benign neoplasm","0"
"Subvalvular Aortic Stenosis[SEP][CLS]peripheral nervous system disease","0"
"Intraneural Perineurioma[SEP][CLS]esophageal disease","0"
"Bilateral Retinoblastoma[SEP][CLS]infratentorial cancer","0"
"Marshall Syndrome[SEP][CLS]peroxisomal disease","0"
"Thymic Small Cell Neuroendocrine Carcinoma[SEP][CLS]refractory hematologic cancer","0"
"Alpha-Mannosidosis[SEP][CLS]prostate adenocarcinoma","0"
"Iris Melanoma[SEP][CLS]childhood electroclinical syndrome","0"
"Childhood Hepatocellular Carcinoma[SEP][CLS]nerve plexus neoplasm","0"
"Fibrous Synovial Sarcoma[SEP][CLS]leiomyosarcoma","0"
"Thymoma Type A[SEP][CLS]renal oncocytoma","0"
"Childhood Dermatomyositis[SEP][CLS]acute myeloid leukemia","0"
"Pars Planitis[SEP][CLS]heart valve disease","0"
"Miliary Tuberculosis[SEP][CLS]mature B-cell neoplasm","0"
"Fallopian Tube Carcinosarcoma[SEP][CLS]central nervous system benign neoplasm","0"
"Melanocytic Medulloblastoma[SEP][CLS]bladder disease","0"
"Posterolateral Myocardial Infarction by ECG Finding[SEP][CLS]epithelioid sarcoma","0"
"Seizure Disorder[SEP][CLS]ureter carcinoma","0"
"Hepatolenticular Degeneration[SEP][CLS]metal metabolism disorder","1"
"Myoclonic Epilepsy of Unverricht and Lundborg[SEP][CLS]carbohydrate metabolic disorder","0"
"Cellular Leiomyoma[SEP][CLS]parasitic helminthiasis infectious disease","0"
"Glottis Verrucous Carcinoma[SEP][CLS]ovarian dysfunction","0"
"Minimally Invasive Lung Adenocarcinoma[SEP][CLS]lung adenocarcinoma","1"
"Malignant Granular Cell Tumor[SEP][CLS]arthropathy","0"
"Diverticulitis[SEP][CLS]primary bacterial infectious disease","0"
"Photosensitive Dermatitis[SEP][CLS]synostosis","0"
"Dental Fluorosis[SEP][CLS]vulva squamous cell carcinoma","0"
"Pseudohermaphroditism[SEP][CLS]von Willebrand's disease","0"
"Juvenile Pilocytic Astrocytoma[SEP][CLS]lacrimal apparatus disease","0"
"Uterine Corpus Adenomyoma[SEP][CLS]gastrointestinal system disease","0"
"Mucopolysaccharidosis[SEP][CLS]syndrome","0"
"Malignant Spermatic Cord Neoplasm[SEP][CLS]ovarian benign neoplasm","0"
"Retroperitoneal Germ Cell Tumor[SEP][CLS]obstructive lung disease","0"
"Primary Open Angle Glaucoma[SEP][CLS]germ cell cancer","0"
"Lung Large Cell Carcinoma with Rhabdoid Phenotype[SEP][CLS]cerebral meningioma","0"
"Myiasis[SEP][CLS]retinoblastoma","0"
"Childhood Central Nervous System Germ Cell Tumor[SEP][CLS]acquired polycythemia","0"
"Epithelial Predominant Kidney Wilms Tumor[SEP][CLS]dermatitis","0"
"Interstitial Myocarditis[SEP][CLS]meningeal melanoma","0"
"Rete Ovarii Adenocarcinoma[SEP][CLS]neuroma","0"
"Malignant Smooth Muscle Neoplasm[SEP][CLS]kidney benign neoplasm","0"
"Amnesia[SEP][CLS]prostate adenocarcinoma","0"
"Oculopharyngeal Muscular Dystrophy[SEP][CLS]sensory system disease","0"
"Central Neurocytoma[SEP][CLS]overnutrition","0"
"Colon Neuroendocrine Neoplasm[SEP][CLS]renal tubular transport disease","0"
"Central Nervous System Melanocytic Neoplasm[SEP][CLS]intrahepatic cholestasis","0"
"Alcoholic Cardiomyopathy[SEP][CLS]cervix disease","0"
"Childhood Embryonal Tumor with Multilayered Rosettes, C19MC-Altered[SEP][CLS]endodermal sinus tumor","0"
"Petroclival Meningioma[SEP][CLS]supratentorial ependymoma","0"
"Situs Inversus[SEP][CLS]adult astrocytic tumor","0"
"Rothmund-Thomson Syndrome[SEP][CLS]cerebellum cancer","0"
"Sphenoidal Sinusitis[SEP][CLS]endometrial adenocarcinoma","0"
"Pancreatitis[SEP][CLS]sphingolipidosis","0"
"Squamous Cell Neoplasm[SEP][CLS]anus adenocarcinoma","0"
"Breast Myoepithelial Tumor[SEP][CLS]primary bacterial infectious disease","0"
"Coccidiosis[SEP][CLS]testicular malignant germ cell cancer","0"
"Vulvar Leiomyosarcoma[SEP][CLS]malignant mesothelioma","0"
"Bile Duct Perforation[SEP][CLS]childhood leukemia","0"
"Pancreatic Signet Ring Cell Carcinoma[SEP][CLS]brain disease","0"
"Pituitary Dwarfism[SEP][CLS]cerebrum cancer","0"
"Blepharoconjunctivitis[SEP][CLS]high grade glioma","0"
"Childhood Lymphoma[SEP][CLS]penis squamous cell carcinoma","0"
"Angiolipoma[SEP][CLS]hypopituitarism","0"
"Eosinophilic Endomyocardial Disease[SEP][CLS]motor neuron disease","0"
"Orbital Granuloma[SEP][CLS]bladder carcinoma","0"
"Maroteaux-Lamy Syndrome[SEP][CLS]connective tissue cancer","0"
"Balloon Cell Melanoma[SEP][CLS]chromosomal duplication syndrome","0"
"Ehlers-Danlos Syndrome[SEP][CLS]histiocytic and dendritic cell cancer","0"
"Childhood Conventional Osteosarcoma[SEP][CLS]conventional osteosarcoma","1"
"Kleptomania[SEP][CLS]viral infectious disease","0"
"Granulomatous Hepatitis[SEP][CLS]hepatitis","1"
"Chordoid Meningioma[SEP][CLS]aleukemic leukemia cutis","0"
"Coagulation Disorder[SEP][CLS]liver disease","0"
"Astrocytoma, IDH-Mutant, Grade 4[SEP][CLS]hypertension","0"
"Middle Cranial Fossa Meningioma[SEP][CLS]prostate sarcoma","0"
"Laryngeal Adenoid Cystic Carcinoma[SEP][CLS]mixed glioma","0"
"Chronic Polyneuropathy[SEP][CLS]inherited metabolic disorder","0"
"Gliomatosis Cerebri[SEP][CLS]acute promyelocytic leukemia","0"
"Familial Hyperaldosteronism Type 1[SEP][CLS]Bartholin's gland carcinoma","0"
"Phimosis[SEP][CLS]connective tissue disease","0"
"Lumbar Plexus Neoplasm[SEP][CLS]appendix cancer","0"
"Tarsal Tunnel Syndrome[SEP][CLS]tibial neuropathy","1"
"Melanotic Schwannoma[SEP][CLS]renal adenoma","0"
"Lacrimal System Disorder[SEP][CLS]primary bacterial infectious disease","0"
"Paroxysmal Nocturnal Hemoglobinuria[SEP][CLS]male urethral cancer","0"
"Sporadic Breast Carcinoma[SEP][CLS]iris disease","0"
"Fatal Familial Insomnia[SEP][CLS]trachea carcinoma","0"
"Pituicytoma[SEP][CLS]posterior pituitary gland neoplasm","1"
"Hyperparathyroidism[SEP][CLS]parathyroid gland disease","1"
"Volkmann's Ischemic Contracture[SEP][CLS]synovitis","0"
"Slate Pneumoconiosis[SEP][CLS]neuroblastoma","0"
"Cervical Adenofibroma[SEP][CLS]esophageal cancer","0"
"Mental Retardation, Autosomal Dominant 9[SEP][CLS]medulloblastoma","0"
"Esophageal Achalasia[SEP][CLS]tetanus","0"
"Acute Contagious Conjunctivitis[SEP][CLS]bile duct disease","0"
"Supraglottis Neoplasm[SEP][CLS]disease by infectious agent","0"
"Hartnup Disease[SEP][CLS]breast cancer","0"
"Sandhoff Disease[SEP][CLS]malignant giant cell tumor","0"
"Clivus Chondroid Chordoma[SEP][CLS]cervical benign neoplasm","0"
"Myoclonic Epilepsy Associated with Ragged-Red Fibers[SEP][CLS]mitochondrial encephalomyopathy","1"
"Osteogenesis Imperfecta[SEP][CLS]male reproductive system disease","0"
"Cogan-Reese Syndrome[SEP][CLS]eye disease","1"
"Cystic Hygroma[SEP][CLS]amino acid metabolic disorder","0"
"Liver Angiomyolipoma[SEP][CLS]liver benign neoplasm","1"
"Leishmaniasis[SEP][CLS]parasitic protozoa infectious disease","1"
"Pressure Sore[SEP][CLS]placenta disease","0"
"Composite Ganglioneuroblastoma, Schwannian Stroma-Rich and Stroma-Poor[SEP][CLS]viral infectious disease","0"
"Status Asthmaticus[SEP][CLS]acute asthma","1"
"Testicular Mixed Germ Cell Tumor[SEP][CLS]testicular malignant germ cell cancer","1"
"Mixed Phenotype Acute Leukemia with BCR-ABL1 Fusion[SEP][CLS]retinal macular dystrophy","0"
"Breast Liposarcoma[SEP][CLS]syndrome","0"
"Gastritis[SEP][CLS]chronic polyneuropathy","0"
"Autoimmune Hepatitis with Centrilobular Necrosis[SEP][CLS]syndrome","0"
"Testicular Yolk Sac Tumor, Polyvesicular Vitelline Pattern[SEP][CLS]basal cell carcinoma","0"
"Pancreatic Serous Neoplasm[SEP][CLS]microcytic anemia","0"
"Lung Sarcomatoid Carcinoma[SEP][CLS]endocrine system disease","0"
"Squamous Papilloma[SEP][CLS]bone benign neoplasm","0"
"Echinococcosis[SEP][CLS]esophageal cancer","0"
"Brachial Plexopathy[SEP][CLS]lung disease","0"
"Gonadotropin-Dependent Precocious Puberty[SEP][CLS]cornea cancer","0"
"Bartholin Gland Cyst[SEP][CLS]carcinoma","0"
"Lower Clivus Meningioma[SEP][CLS]renal hypertension","0"
"Chronic Frontal Sinusitis[SEP][CLS]nerve plexus neoplasm","0"
"Breast Spiradenoma[SEP][CLS]neuropathy","0"
"Subglottis Neoplasm[SEP][CLS]breast cancer","0"
"Extrahepatic Cholestasis[SEP][CLS]lipid storage disease","0"
"Mesenchymal Chondrosarcoma[SEP][CLS]cervix disease","0"
"Necrotizing Gastritis[SEP][CLS]spinal muscular atrophy","0"
"Hypochondriasis[SEP][CLS]congenital hypoplastic anemia","0"
"Phosphorus Metabolic Disorder[SEP][CLS]skin hemangioma","0"
"Acute Pancreatitis[SEP][CLS]carcinosarcoma","0"
"Epithelial Synovial Sarcoma[SEP][CLS]gastrointestinal neuroendocrine benign tumor","0"
"Byssinosis[SEP][CLS]dementia","0"
"Cannabis Dependence[SEP][CLS]osteochondrodysplasia","0"
"Psychiatric Disorder[SEP][CLS]disease","1"
"Gastrointestinal Stromal Tumor[SEP][CLS]bladder clear cell adenocarcinoma","0"
"Dermatographism[SEP][CLS]skin carcinoma","0"
"Measles[SEP][CLS]glomerulonephritis","0"
"Peripheral Motor Neuropathy[SEP][CLS]brain stem glioma","0"
"Malignant Peripheral Nerve Sheath Tumor[SEP][CLS]malignant astrocytoma","0"
"Sick Euthyroid Syndrome[SEP][CLS]cranial nerve malignant neoplasm","0"
"Giant Hemangioma[SEP][CLS]arthropathy","0"
"Cardiac Sarcoma[SEP][CLS]arteriosclerotic cardiovascular disease","0"
"Striatonigral Degeneration[SEP][CLS]cutaneous mastocytosis","0"
"Thymoma Type B2[SEP][CLS]thymoma","0"
"Congenital Combined Immunodeficiency[SEP][CLS]cervicitis","0"
"Spinal Muscular Atrophy of Childhood[SEP][CLS]female reproductive system disease","0"
"Adiposis Dolorosa[SEP][CLS]cervix disease","0"
"Diabetic Neuropathy[SEP][CLS]kidney disease","0"
"Biphasic Pulmonary Blastoma[SEP][CLS]connective tissue disease","0"
"Aicardi Syndrome[SEP][CLS]ovarian germ cell monodermal and highly specialized teratoma","0"
"Acute Laryngitis[SEP][CLS]inherited metabolic disorder","0"
"Intraocular Retinoblastoma[SEP][CLS]penile disease","0"
"Meckel Diverticulum[SEP][CLS]retinal macular dystrophy","0"
"Childhood Testicular Choriocarcinoma[SEP][CLS]personality disorder","0"
"Arteriovenous Malformation/Hemangioma[SEP][CLS]hemangioma","1"
"Chronic Hepatitis[SEP][CLS]liver disease","1"
"Breast Neuroendocrine Neoplasm[SEP][CLS]mouth disease","0"
"Chest Wall Parachordoma[SEP][CLS]basal cell carcinoma","0"
"Barrett Adenocarcinoma[SEP][CLS]nervous system disease","0"
"Vaginal Yolk Sac Tumor[SEP][CLS]pancreatic cystadenoma","0"
"Ethmoidal Sinusitis[SEP][CLS]eye disease","0"
"Breast Engorgement in Newborn[SEP][CLS]nutritional deficiency disease","0"
"Choroideremia[SEP][CLS]functioning pituitary adenoma","0"
"B Lymphoblastic Leukemia/Lymphoma with Intrachromosomal Amplification of Chromosome 21[SEP][CLS]B-lymphoblastic leukemia/lymphoma","1"
"Malignant Pyriform Fossa Neoplasm[SEP][CLS]lung disease","0"
"Periodontitis[SEP][CLS]rhabdomyosarcoma","0"
"Refractive Error[SEP][CLS]lymphoma","0"
"Acute Intermittent Porphyria[SEP][CLS]melanotic neurilemmoma","0"
"Cervical Leukoplakia[SEP][CLS]mastocytosis","0"
"Columnar Cell Variant Thyroid Gland Papillary Carcinoma[SEP][CLS]adolescence-adult electroclinical syndrome","0"
"Periosteal Osteosarcoma[SEP][CLS]leiomyoma","0"
"Systemic Mastocytosis[SEP][CLS]endometrial disease","0"
"Glomangiomyoma[SEP][CLS]scabies","0"
"Otorrhea[SEP][CLS]intraocular retinoblastoma","0"
"Lassa Fever[SEP][CLS]visual pathway disease","0"
"Thymoma Type B1[SEP][CLS]testicular cancer","0"
"Eyelid Melanoma[SEP][CLS]cystadenofibroma","0"
"Hyperlipoproteinemia, Type IIb[SEP][CLS]opportunistic mycosis","0"
"Byssinosis[SEP][CLS]ocular motility disease","0"
"Visual Pathway Disorder[SEP][CLS]syndrome","0"
"External Ear Disorder[SEP][CLS]bone cancer","0"
"Papillary Ependymoma[SEP][CLS]esophageal cancer","0"
"Intracerebral Cystic Meningioma[SEP][CLS]ovarian carcinoma","0"
"Gasserian Meningioma[SEP][CLS]aortic valve disease","0"
"Diffuse Midline Glioma, H3 K27M-Mutant[SEP][CLS]lupus erythematosus","0"
"Granulomatous Hepatitis[SEP][CLS]connective tissue cancer","0"
"Lacrimal Mucocele[SEP][CLS]neuroendocrine tumor","0"
"Lung Neuroendocrine Neoplasm[SEP][CLS]mitral valve disease","0"
"Sialic Acid Storage Disease[SEP][CLS]acute disseminated encephalomyelitis","0"
"Herpes Simplex Virus Infection[SEP][CLS]long QT syndrome","0"
"Optic Atrophy[SEP][CLS]paraplegia","0"
"Complete Trisomy 18 Syndrome[SEP][CLS]thymoma","0"
"Rift Valley Fever[SEP][CLS]eating disorder","0"
"Supratentorial Ependymoma, ZFTA-RELA Fusion-Positive[SEP][CLS]bile duct disease","0"
"Autoimmune Hepatitis with Centrilobular Necrosis[SEP][CLS]testicular germ cell cancer","0"
"Plexiform Neurofibroma[SEP][CLS]uveal melanoma","0"
"Retinal Detachment[SEP][CLS]primary ciliary dyskinesia","0"
"Vulvar Keratinizing Squamous Cell Carcinoma[SEP][CLS]posterior fossa ependymoma","0"
"Motion Sickness[SEP][CLS]inner ear disease","1"
"Echolalia[SEP][CLS]syndrome","0"
"Mycosis Fungoides[SEP][CLS]urinary tract obstruction","0"
"Nonspecific Interstitial Pneumonia[SEP][CLS]paraphilia disorder","0"
"Bulbomembranous Urethral Malignant Neoplasm[SEP][CLS]paraplegia","0"
"Thrombotic Thrombocytopenic Purpura[SEP][CLS]thrombophilia","1"
"Monkeypox[SEP][CLS]thyroid gland papillary carcinoma","0"
"Childhood Spinal Cord Neoplasm[SEP][CLS]spinal cancer","1"
"Vaginal Adenosarcoma[SEP][CLS]salivary gland disease","0"
"Breast Mucinous Carcinoma[SEP][CLS]liposarcoma","0"
"Thyroid Gland Medullary Carcinoma[SEP][CLS]carbohydrate metabolic disorder","0"
"Acute Endometritis[SEP][CLS]endometritis","1"
"Periodontal Disorder[SEP][CLS]vein disease","0"
"Dubin-Johnson Syndrome[SEP][CLS]bilirubin metabolic disorder","1"
"Subacute Thyroiditis[SEP][CLS]cranial nerve malignant neoplasm","0"
"Iris Disorder[SEP][CLS]skin disease","0"
"MMIH Syndrome[SEP][CLS]Hodgkin's lymphoma","0"
"Vaginal Adenosarcoma[SEP][CLS]long QT syndrome","0"
"Posterior Fossa Meningioma[SEP][CLS]pancreatic carcinoma","0"
"Clear Cell Chondrosarcoma[SEP][CLS]chondrosarcoma","1"
"Rectal Leiomyosarcoma[SEP][CLS]rectum sarcoma","1"
"Thymic Large Cell Neuroendocrine Carcinoma[SEP][CLS]hepatocellular carcinoma","0"
"Multicentric Reticulohistiocytosis[SEP][CLS]thymic carcinoma","0"
"Periocular Meningioma[SEP][CLS]meningioma","1"
"Fasciolopsiasis[SEP][CLS]Ewing sarcoma","0"
"Cervical Alveolar Soft Part Sarcoma[SEP][CLS]pigmentation disease","0"
"Potter Syndrome[SEP][CLS]viral infectious disease","0"
"Serous Surface Papillary Carcinoma[SEP][CLS]intestinal disease","0"
"Extranodal Marginal Zone Lymphoma of Mucosa-Associated Lymphoid Tissue[SEP][CLS]heart lipoma","0"
"Retinitis[SEP][CLS]syndrome","0"
"Lysinuric Protein Intolerance[SEP][CLS]extraocular retinoblastoma","0"
"Hypogonadism[SEP][CLS]gonadal disease","1"
"Leukorrhea[SEP][CLS]vaginal discharge","1"
"Sphenoorbital Meningioma[SEP][CLS]amino acid metabolic disorder","0"
"Proliferative Diabetic Retinopathy[SEP][CLS]diabetic retinopathy","1"
"Medulloepithelioma Not Otherwise Specified[SEP][CLS]pigmentation disease","0"
"Hermaphrodite[SEP][CLS]central nervous system germ cell tumor","0"
"Prostate Embryonal Rhabdomyosarcoma[SEP][CLS]breast sarcoma","0"
"Cerebral Neoplasm[SEP][CLS]spinal canal and spinal cord meningioma","0"
"Cribriform Carcinoma[SEP][CLS]breast carcinoma","1"
"Reye Syndrome[SEP][CLS]syndrome","1"
"Mixed Endometrial Stromal and Smooth Muscle Neoplasm[SEP][CLS]mediastinal cancer","0"
"Infiltrating Angiolipoma[SEP][CLS]retinal disease","0"
"Fabry Disease[SEP][CLS]viral infectious disease","0"
"Extrahepatic Bile Duct Small Cell Neuroendocrine Carcinoma[SEP][CLS]gastrointestinal system cancer","0"
"Testicular Germ Cell Tumor[SEP][CLS]peripheral T-cell lymphoma","0"
"Polymicrogyria[SEP][CLS]kidney sarcoma","0"
"Propionic Acidemia[SEP][CLS]cranial nerve malignant neoplasm","0"
"Intermediate Uveitis[SEP][CLS]dermatitis","0"
"Carotid Artery Stenosis[SEP][CLS]syndrome","0"
"Cervical Mesonephric Adenocarcinoma[SEP][CLS]mixed testicular germ cell tumor","0"
"Psoriasis[SEP][CLS]periodontitis","0"
"Acute Hemorrhagic Encephalitis[SEP][CLS]endometriosis","0"
"Fabry Disease[SEP][CLS]salivary gland cancer","0"
"Chronic Lymphocytic Leukemia/Small Lymphocytic Lymphoma[SEP][CLS]extrinsic cardiomyopathy","0"
"Anal Margin Paget Disease[SEP][CLS]anal margin carcinoma","1"
"Mucolipidosis[SEP][CLS]breast sarcoma","0"
"Appendix Mucinous Cystadenocarcinoma[SEP][CLS]lysosomal storage disease","0"
"Anemia[SEP][CLS]lipomatosis","0"
"Prostate Disorder[SEP][CLS]progressive myoclonus epilepsy","0"
"Myeloid/Lymphoid Neoplasms with PDGFRA Rearrangement[SEP][CLS]myeloid and lymphoid neoplasms with eosinophilia and abnormalities of PDGFRA, PDGFRB, and FGFR1","1"
"Stage IVB Bladder Cancer[SEP][CLS]Pancoast tumor","0"
"Meningothelial Cell Neoplasm[SEP][CLS]syndrome","0"
"Astrocytoma, IDH-Mutant, Grade 4[SEP][CLS]follicular adenoma","0"
"Superior Mesenteric Artery Syndrome[SEP][CLS]dendritic cell sarcoma","0"
"Breast Intracanalicular Fibroadenoma[SEP][CLS]testicular cancer","0"
"Testicular Torsion[SEP][CLS]central nervous system cancer","0"
"Endometrial Endometrioid Adenocarcinoma with Spindled Epithelial Cells[SEP][CLS]renal cell carcinoma","0"
"Squamous Papilloma[SEP][CLS]coccidiosis","0"
"Inflammatory Bowel Disease[SEP][CLS]congenital hemolytic anemia","0"
"Proliferative Glomerulonephritis[SEP][CLS]acute kidney failure","0"
"Genital Herpes[SEP][CLS]melanotic neurilemmoma","0"
"Adiposis Dolorosa[SEP][CLS]vulvar benign neoplasm","0"
"Spinal Muscular Atrophy[SEP][CLS]larynx cancer","0"
"Cardiac Neurofibroma[SEP][CLS]skin sarcoma","0"
"Hypoparathyroidism[SEP][CLS]GM2 gangliosidosis","0"
"Leptospirosis[SEP][CLS]uterine corpus cancer","0"
"Epithelioid Hemangioendothelioma[SEP][CLS]epilepsy","0"
"Intestinal Perforation[SEP][CLS]colitis","0"
"Dextrocardia[SEP][CLS]anaplastic astrocytoma","0"
"Sexual Dysfunction[SEP][CLS]testicular yolk sac tumor","0"
"Hypopituitarism[SEP][CLS]ovarian cystadenoma","0"
"Lung Mucous Gland Adenoma[SEP][CLS]leiomyoma","0"
"Apocrine Neoplasm[SEP][CLS]autoimmune disease of endocrine system","0"
"Pathological Myopia[SEP][CLS]vagina sarcoma","0"
"Appendix Neoplasm[SEP][CLS]basal cell carcinoma","0"
"Melanocytic Medulloblastoma[SEP][CLS]duodenal obstruction","0"
"Superior Sulcus Lung Carcinoma[SEP][CLS]bacterial infectious disease","0"
"Childhood Germ Cell Tumor[SEP][CLS]non-proliferative fibrocystic change of the breast","0"
"Synovitis, Acne, Pustulosis, Hyperostosis, and Osteitis Syndrome[SEP][CLS]plasmacytoma","0"
"MMIH Syndrome[SEP][CLS]pineal gland cancer","0"
"Pilomyxoid Astrocytoma[SEP][CLS]lymphatic system disease","0"
"Nasopharyngeal Disorder[SEP][CLS]malignant astrocytoma","0"
"Kidney Sarcoma[SEP][CLS]primary hyperoxaluria","0"
"Transitional Cell Papilloma[SEP][CLS]acquired metabolic disease","0"
"Transient Hypogammaglobulinemia[SEP][CLS]urethral disease","0"
"Chronic Rhinitis[SEP][CLS]malignant giant cell tumor","0"
"Functioning Pituitary Neuroendocrine Tumor[SEP][CLS]leiomyosarcoma","0"
"Malignant Cardiac Hemangiopericytoma[SEP][CLS]heart sarcoma","1"
"Meningeal Melanomatosis[SEP][CLS]macular retinal edema","0"
"Idiopathic CD4-Positive T-Lymphocytopenia[SEP][CLS]fallopian tube carcinoma","0"
"Plexiform Neurofibroma[SEP][CLS]urinary system disease","0"
"Childhood Visual Pathway Glioma[SEP][CLS]lymphoma","0"
"GM2-Gangliosidosis, AB Variant[SEP][CLS]cervix endometrial stromal tumor","0"
"Pulmonary Fibrosis[SEP][CLS]interstitial lung disease","1"
"Slate Pneumoconiosis[SEP][CLS]myelodysplastic/myeloproliferative neoplasm","0"
"Chronic Eosinophilic Leukemia, Not Otherwise Specified[SEP][CLS]glomerulonephritis","0"
"Tall Cell Variant Thyroid Gland Papillary Carcinoma[SEP][CLS]heart conduction disease","0"
"Atypical Chronic Myeloid Leukemia[SEP][CLS]breast sarcoma","0"
"Hereditary Fructose Intolerance[SEP][CLS]lymphadenitis","0"
"Prostate Acinar Lymphoepithelioma-Like Adenocarcinoma[SEP][CLS]cervical adenocarcinoma","0"
"Nodular Hidradenoma[SEP][CLS]eccrine sweat gland neoplasm","1"
"Rhabdoid Tumor[SEP][CLS]corneal disease","0"
"Leri-Weill Dyschondrosteosis[SEP][CLS]skin disease","0"
"Testicular Torsion[SEP][CLS]Ehlers-Danlos syndrome","0"
"AV Block Second Degree Mobitz Type II[SEP][CLS]liver cirrhosis","0"
"Metastatic Carotid Body Paraganglioma[SEP][CLS]glycogen metabolism disorder","0"
"Thyroid Gland Microfollicular Adenoma[SEP][CLS]central nervous system disease","0"
"Penile Urethral Malignant Neoplasm[SEP][CLS]choriocarcinoma of ovary","0"
"Mesenchymal Chondrosarcoma[SEP][CLS]islet cell tumor","0"
"Pulmonary Interstitial Emphysema[SEP][CLS]pulmonary emphysema","1"
"Acalculous Cholecystitis[SEP][CLS]sleep disorder","0"
"Scrotal Paget Disease[SEP][CLS]acute conjunctivitis","0"
"Functioning Pituitary Neuroendocrine Tumor[SEP][CLS]eye disease","0"
"Proteinuria[SEP][CLS]transitional cell carcinoma","0"
"Malignant Gastric Granular Cell Tumor[SEP][CLS]bartonellosis","0"
"Monkeypox[SEP][CLS]neuropathy","0"
"Thyroid Gland Papillary and Follicular Carcinoma[SEP][CLS]somatoform disorder","0"
"Testicular Monophasic Choriocarcinoma[SEP][CLS]acute disseminated encephalomyelitis","0"
"Lymphomatoid Granulomatosis[SEP][CLS]lymphoproliferative syndrome","1"
"Schizotypal Personality Disorder[SEP][CLS]personality disorder","1"
"Invasive Renal Pelvis and Ureter Urothelial Carcinoma[SEP][CLS]B-lymphoblastic leukemia/lymphoma","0"
"Irritant Contact Dermatitis[SEP][CLS]Hodgkin's lymphoma","0"
"Lung Large Cell Carcinoma[SEP][CLS]thyroid gland carcinoma","0"
"Pyothorax[SEP][CLS]skull base cancer","0"
"Nodular Sclerosis Classic Hodgkin Lymphoma[SEP][CLS]testicular yolk sac tumor","0"
"Alcoholic Cirrhosis[SEP][CLS]phosphorus metabolism disease","0"
"Vaginal Tubulovillous Adenoma[SEP][CLS]choroid cancer","0"
"Neuroendocrine Carcinoma[SEP][CLS]multiple system atrophy","0"
"Breast Melanoma[SEP][CLS]breast disease","0"
"Splenic Manifestation of Prolymphocytic Leukemia[SEP][CLS]Hodgkin's lymphoma","0"
"Suppurative Lymphadenitis[SEP][CLS]lymphadenitis","1"
"Potocki-Lupski Syndrome[SEP][CLS]medulloblastoma SHH activated","0"
"Porokeratosis[SEP][CLS]bone development disease","0"
"Malignant Testicular Non-Seminomatous Germ Cell Tumor[SEP][CLS]myopia","0"
"Gyrate Atrophy[SEP][CLS]lung carcinoma","0"
"Pancreatic Intraductal Papillary-Mucinous Neoplasm with an Associated Invasive Carcinoma[SEP][CLS]pancreatic intraductal papillary-colloid carcinoma","1"
"Hereditary Kidney Oncocytoma[SEP][CLS]stromal dystrophy","0"
"Vulvar Clear Cell Hidradenocarcinoma[SEP][CLS]malignant astrocytoma","0"
"Adult Xanthogranuloma[SEP][CLS]uterine body mixed cancer","0"
"Angiomatous Meningioma[SEP][CLS]endocrine system disease","0"
"Vulvar Squamous Papilloma[SEP][CLS]systemic scleroderma","0"
"Keratoconus[SEP][CLS]carbohydrate metabolic disorder","0"
"Acrocephalosyndactyly[SEP][CLS]synostosis","1"
"Ovarian Endometrioid Stromal and Related Neoplasms[SEP][CLS]testicular yolk sac tumor","0"
"Prostate Acinar Mucinous Adenocarcinoma[SEP][CLS]liposarcoma","0"
"Gangliocytoma[SEP][CLS]ovarian carcinoma","0"
"Eyelid Melanoma[SEP][CLS]meningeal melanoma","0"
"Posteroinferior Myocardial Infarction by ECG Finding[SEP][CLS]hypopharynx cancer","0"
"Mixed Astrocytoma-Ependymoma[SEP][CLS]anxiety disorder","0"
"Lactotroph Pituitary Neuroendocrine Tumor[SEP][CLS]thymoma type B","0"
"Amenorrhea[SEP][CLS]cerebral degeneration","0"
"Myopia[SEP][CLS]refractive error","1"
"Cyclic Neutropenia[SEP][CLS]inner ear disease","0"
"Invasive Bladder Clear Cell (Glycogen-Rich) Urothelial Carcinoma[SEP][CLS]substance dependence","0"
"Encephalitis[SEP][CLS]testicular yolk sac tumor","0"
"Skin Clear Cell Squamous Cell Carcinoma[SEP][CLS]skin squamous cell carcinoma","1"
"Vulvar Granular Cell Tumor[SEP][CLS]ovarian papillary neoplasm","0"
"Beta Thalassemia Major[SEP][CLS]ovarian disease","0"
"Childhood Disintegrative Disorder[SEP][CLS]esophagus squamous cell carcinoma","0"
"Renal Hypertrophy[SEP][CLS]pituitary gland disease","0"
"Refsum Disease[SEP][CLS]proteinuria","0"
"Intraocular Pressure Decreased[SEP][CLS]retinoblastoma","0"
"Mucopolysaccharidosis Type I[SEP][CLS]heart septal defect","0"
"Malignant Ovarian Cyst[SEP][CLS]microscopic colitis","0"
"Endophthalmitis[SEP][CLS]salpingitis","0"
"Mixed Receptive-Expressive Language Disorder[SEP][CLS]malignant ovarian surface epithelial-stromal neoplasm","0"
"Anal Margin Paget Disease[SEP][CLS]communication disorder","0"
"Thrombophilia[SEP][CLS]breast adenocarcinoma","0"
"Mediastinal Teratoma[SEP][CLS]mediastinal cancer","1"
"Sleep Apnea[SEP][CLS]skin squamous cell carcinoma","0"
"Alzheimer's Disease[SEP][CLS]peripheral nervous system neoplasm","0"
"Myopathy[SEP][CLS]Lynch syndrome","0"
"Nephrocalcinosis[SEP][CLS]skin disease","0"
"Ethmoid Sinus Neoplasm[SEP][CLS]hemoglobinopathy","0"
"Neurotoxicity Syndrome[SEP][CLS]pulmonary fibrosis","0"
"Thymoma Type B[SEP][CLS]uterine corpus sarcoma","0"
"Multiple Mucosal Neuromas[SEP][CLS]congenital heart disease","0"
"Ileus[SEP][CLS]eccrine sweat gland neoplasm","0"
"Ovarian Biphasic or Triphasic Teratoma[SEP][CLS]pancreatic cystadenoma","0"
"Temporal Lobe Neoplasm[SEP][CLS]bone cancer","0"
"Prostatic Urethral Malignant Neoplasm[SEP][CLS]spinal cord ependymoma","0"
"Stutter[SEP][CLS]articulation disorder","1"
"Interstitial Myocarditis[SEP][CLS]thyroid gland follicular carcinoma","0"
"Scleroderma[SEP][CLS]trigeminal nerve neoplasm","0"
"Mixed Phenotype Acute Leukemia with KMT2A Rearrangement[SEP][CLS]acute biphenotypic leukemia","1"
"Unilateral Retinoblastoma[SEP][CLS]physical urticaria","0"
"Childhood Central Nervous System Mature Teratoma[SEP][CLS]skin sarcoma","0"
"Childhood Cerebral Astrocytoma[SEP][CLS]glottis squamous cell carcinoma","0"
"Diabetic Neuropathy[SEP][CLS]neuropathy","1"
"Anxiety Disorder[SEP][CLS]angiosarcoma","0"
"Thymoma Type AB[SEP][CLS]liposarcoma","0"
"Malignant Tenosynovial Giant Cell Tumor[SEP][CLS]synovium cancer","1"
"Internal Auditory Canal Meningioma[SEP][CLS]inner ear cancer","1"
"Posterolateral Myocardial Infarction by ECG Finding[SEP][CLS]iris cancer","0"
"Herpetic Whitlow[SEP][CLS]non-Langerhans-cell histiocytosis","0"
"Alastrim[SEP][CLS]bladder clear cell adenocarcinoma","0"
"WAGR Syndrome[SEP][CLS]parasitic helminthiasis infectious disease","0"
"Myeloproliferative Neoplasm[SEP][CLS]pervasive developmental disorder","0"
"Subclavian Steal Syndrome[SEP][CLS]childhood germ cell cancer","0"
"Lipoid Proteinosis of Urbach and Wiethe[SEP][CLS]myeloid leukemia","0"
"Mastocytoma[SEP][CLS]cell type benign neoplasm","1"
"Lymphocyte-Rich Classic Hodgkin Lymphoma[SEP][CLS]primary bacterial infectious disease","0"
"Uveal Mixed Cell Melanoma[SEP][CLS]epidermolysis bullosa","0"
"Childhood Cerebral Astrocytoma[SEP][CLS]cerebrum cancer","1"
"Polydactyly[SEP][CLS]physical disorder","1"
"Ganglioneuroblastoma, Nodular[SEP][CLS]intestinal disease","0"
"Mediastinitis[SEP][CLS]connective tissue disease","1"
"Cerebral Infarction[SEP][CLS]brain infarction","1"
"Goiter[SEP][CLS]vaginal adenoma","0"
"Potter Syndrome[SEP][CLS]orbital disease","0"
"Superficial Multifocal Basal Cell Carcinoma[SEP][CLS]meningioma","0"
"Breast Mucoepidermoid Carcinoma[SEP][CLS]thymic carcinoma","0"
"Coloboma of the Eye[SEP][CLS]vein disease","0"
"Chronic Hepatitis[SEP][CLS]paraphilia disorder","0"
"Ovarian Endometrioid Cystadenofibroma[SEP][CLS]ovarian endometrioid adenofibroma","1"
"Lymphedema[SEP][CLS]leukocyte disease","0"
"Mixed Germ Cell Tumor[SEP][CLS]motor neuron disease","0"
"Kidney Vascular Disorder[SEP][CLS]acute myeloid leukemia","0"
"Villous Adenocarcinoma[SEP][CLS]benign mesothelioma","0"
"T-Cell Large Granular Lymphocyte Leukemia[SEP][CLS]T-cell acute lymphoblastic leukemia","1"
"Trigeminal Nerve Neoplasm[SEP][CLS]chronic cystitis","0"
"Adiposis Dolorosa[SEP][CLS]lipomatosis","1"
"Bartonella Infection[SEP][CLS]motor neuron disease","0"
"Pseudogout[SEP][CLS]anus adenocarcinoma","0"
"Alopecia Mucinosa[SEP][CLS]sebaceous gland disease","1"
"Alcohol Abuse[SEP][CLS]prostate sarcoma","0"
"Ovarian Endometrioid Stromal and Related Neoplasms[SEP][CLS]mature teratoma of the ovary","0"
"Bone Osteosarcoma[SEP][CLS]gastrointestinal system disease","0"
"Arachnoiditis[SEP][CLS]malignant peripheral nerve sheath tumor","0"
"Wolff-Parkinson-White Syndrome[SEP][CLS]hepatocellular carcinoma","0"
"Brucellosis[SEP][CLS]stomach disease","0"
"Combined Lung Large Cell Neuroendocrine Carcinoma[SEP][CLS]skin disease","0"
"Ductal Eccrine Adenocarcinoma[SEP][CLS]conventional osteosarcoma","0"
"Testicular Yolk Sac Tumor[SEP][CLS]cavernous hemangioma","0"
"Supraglottic Carcinoma[SEP][CLS]diffuse glomerulonephritis","0"
"Ovarian Endometrioid Cystadenofibroma[SEP][CLS]disease of anatomical entity","0"
"Nephrotic Syndrome[SEP][CLS]ovarian cystadenocarcinoma","0"
"Granuloma Annulare[SEP][CLS]salpingitis","0"
"Breast Atypical Papilloma[SEP][CLS]autism spectrum disorder","0"
"Mixed Cell Adenoma[SEP][CLS]synovium cancer","0"
"Generalized Atherosclerosis[SEP][CLS]smooth muscle cancer","0"
"Cervical Basaloid Carcinoma[SEP][CLS]sleep apnea","0"
"Adult Central Nervous System Solitary Fibrous Tumor, Grade 3[SEP][CLS]bladder disease","0"
"Notochordal Tumor[SEP][CLS]lysosomal storage disease","0"
"CREST Syndrome[SEP][CLS]food allergy","0"
"Angiomatous Meningioma[SEP][CLS]retinal disease","0"
"Retroperitoneal Leiomyosarcoma[SEP][CLS]esophagus adenocarcinoma","0"
"Hemangiopericytoma[SEP][CLS]low grade glioma","0"
"Brenner Tumor[SEP][CLS]lipid metabolism disorder","0"
"Nonspecific Interstitial Pneumonia[SEP][CLS]pituitary adenoma","0"
"Pierre Robin Syndrome[SEP][CLS]refractive error","0"
"Cerebral Neoplasm[SEP][CLS]lymphatic system disease","0"
"Keratoacanthoma[SEP][CLS]skin squamous cell carcinoma","1"
"Skin Sclerosing/Morphoeic Basal Cell Carcinoma[SEP][CLS]scleral disease","0"
"Mixed Tumor of the Salivary Gland[SEP][CLS]gastrointestinal system benign neoplasm","1"
"Breast Atypical Papilloma[SEP][CLS]non-proliferative fibrocystic change of the breast","0"
"Malignant Myoepithelioma[SEP][CLS]mature teratoma of the ovary","0"
"Dissociative Identity Disorder[SEP][CLS]laryngeal benign neoplasm","0"
"Sertoli Cell Tumor[SEP][CLS]pseudohypoparathyroidism","0"
"Adult Embryonal Tumor with Multilayered Rosettes, C19MC-Altered[SEP][CLS]upper respiratory tract disease","0"
"Cauda Equina Neuroendocrine Tumor[SEP][CLS]skin melanoma","0"
"Down Syndrome[SEP][CLS]maxillary sinus cancer","0"
"Invasive Bladder Clear Cell (Glycogen-Rich) Urothelial Carcinoma[SEP][CLS]invasive bladder transitional cell carcinoma","1"
"Pseudohypoparathyroidism[SEP][CLS]pancreatic cystadenoma","0"
"Neuronal Ceroid Lipofuscinosis[SEP][CLS]sphingolipidosis","0"
"Specific Phobia[SEP][CLS]malignant cystadenoma","0"
"Uterine Corpus Adenosarcoma[SEP][CLS]lacrimal gland cancer","0"
"B Lymphoblastic Leukemia/Lymphoma with t(9;22)(q34.1;q11.2); BCR-ABL1[SEP][CLS]uterine fibroid","0"
"Posterolateral Myocardial Infarction by ECG Finding[SEP][CLS]lipid storage disease","0"
"Leigh Disease[SEP][CLS]hypertension","0"
"Dilated Cardiomyopathy[SEP][CLS]intracranial structure hemangioma","0"
"Subendocardial Myocardial Infarction by ECG Finding[SEP][CLS]plasmacytoma","0"
"Mature Ovarian Teratoma[SEP][CLS]optic nerve neoplasm","0"
"Accessory Nerve Neoplasm[SEP][CLS]Crohn's disease","0"
"Posterior Urethral Malignant Neoplasm[SEP][CLS]vulvar benign neoplasm","0"
"Adult Central Nervous System Germinoma[SEP][CLS]skin disease","0"
"Refractory Hematologic Malignancy[SEP][CLS]cervical adenitis","0"
"Gallbladder Signet Ring Cell Carcinoma[SEP][CLS]eye disease","0"
"Migraine With Aura[SEP][CLS]thyroid gland papillary carcinoma","0"
"Papillary Adenocarcinoma[SEP][CLS]adenocarcinoma","1"
"Thyrotoxicosis[SEP][CLS]vulva squamous cell carcinoma","0"
"Situs Inversus[SEP][CLS]cervical cancer","0"
"Maxillary Sinus Adenoid Cystic Carcinoma[SEP][CLS]reproductive organ benign neoplasm","0"
"Pars Planitis[SEP][CLS]acute myeloid leukemia","0"
"Sarcoidosis[SEP][CLS]hypersensitivity reaction type IV disease","1"
"Uveal Necrotic Melanoma[SEP][CLS]gastroenteritis","0"
"Vulvar Angiokeratoma[SEP][CLS]colonic benign neoplasm","0"
"Central Nervous System Embryonal Tumor, Not Otherwise Specified[SEP][CLS]vein disease","0"
"Aplastic Anemia[SEP][CLS]acute conjunctivitis","0"
"Acute Myeloid Leukemia with NPM1 Mutation[SEP][CLS]acute myeloid leukemia","1"
"Scabies[SEP][CLS]mite infestation","1"
"Psoriasis[SEP][CLS]angiolipoma","0"
"Myeloid/Lymphoid Neoplasms with PDGFRA Rearrangement[SEP][CLS]arthropathy","0"
"Gyrate Atrophy[SEP][CLS]supraglottis cancer","0"
"Ethmoid Sinus Adenoid Cystic Carcinoma[SEP][CLS]ethmoid sinus cancer","1"
"Neuronitis[SEP][CLS]peptic ulcer disease","0"
"Chondroid Chordoma[SEP][CLS]skin melanoma","0"
"Mediastinal Rhabdomyosarcoma[SEP][CLS]osteochondrodysplasia","0"
"Neurotoxicity Syndrome[SEP][CLS]chronic polyneuropathy","0"
"Neuroma[SEP][CLS]lymphatic system cancer","0"
"Endometriosis[SEP][CLS]corneal disease","0"
"Pilomatrical Carcinoma[SEP][CLS]motor neuron disease","0"
"Retinal Arterial Branch Occlusion[SEP][CLS]meningioma","0"
"Mucopolysaccharidosis Type I[SEP][CLS]pituitary adenoma","0"
"Subendocardial Myocardial Infarction by ECG Finding[SEP][CLS]legionellosis","0"
"Sarcoidosis[SEP][CLS]ovarian cystadenocarcinoma","0"
"Hypochondriasis[SEP][CLS]connective tissue benign neoplasm","0"
"Benign Mucous Membrane Pemphigoid[SEP][CLS]congenital hypoplastic anemia","0"
"Breast Apocrine Carcinoma In Situ[SEP][CLS]breast carcinoma in situ","1"
"Depersonalization Disorder[SEP][CLS]lung leiomyoma","0"
"Portal Hypertension[SEP][CLS]urinary tract obstruction","0"
"Hidrocystoma[SEP][CLS]IDH-mutant anaplastic astrocytoma","0"
"Dermatitis Herpetiformis[SEP][CLS]breast sarcoma","0"
"Animal Phobia[SEP][CLS]movement disease","0"
"Fetishism[SEP][CLS]craniopharyngioma","0"
"Bladder Diverticulum[SEP][CLS]thyroid gland disease","0"
"Pleural Disorder[SEP][CLS]renal cell carcinoma","0"
"Plasmacytoma[SEP][CLS]meningioma","0"
"Leiomyoma[SEP][CLS]angiolipoma","0"
"Retinal Disorder[SEP][CLS]bile duct disease","0"
"Periventricular Leukomalacia[SEP][CLS]mucopolysaccharidosis","0"
"Childhood Testicular Choriocarcinoma[SEP][CLS]choriocarcinoma of the testis","1"
"Congenital Septal Defect[SEP][CLS]B-cell lymphoma","0"
"Pulmonary Fibrosis[SEP][CLS]uterine body mixed cancer","0"
"Cutaneous Diphtheria[SEP][CLS]gastritis","0"
"Acute Leukemia[SEP][CLS]malignant astrocytoma","0"
"Otitis Media[SEP][CLS]acquired polycythemia","0"
"Cryptophthalmia[SEP][CLS]polycythemia","0"
"Restless Leg Syndrome[SEP][CLS]jaw cancer","0"
"Granular Cell Tumor[SEP][CLS]skin benign neoplasm","1"
"Olfactory Groove Meningioma[SEP][CLS]myopathy","0"
"Gonadoblastoma[SEP][CLS]foramen magnum meningioma","0"
"Sezary Syndrome[SEP][CLS]cystitis","0"
"Myositis[SEP][CLS]lysosomal storage disease","0"
"Emphysematous Cholecystitis[SEP][CLS]anemia","0"
"Amnesia[SEP][CLS]nutritional deficiency disease","0"
"Alopecia[SEP][CLS]cystadenocarcinoma","0"
"Gonadal Disorder[SEP][CLS]glioblastoma","0"
"Myasthenia Gravis[SEP][CLS]brain glioma","0"
"Glycogen Storage Disease Type I[SEP][CLS]synucleinopathy","0"
"Benign Exocrine Pancreas Neoplasm[SEP][CLS]endocrine organ benign neoplasm","1"
"Mixed Endometrial Stromal and Smooth Muscle Neoplasm[SEP][CLS]intestinal disease","0"
"Gastroesophageal Reflux Disease[SEP][CLS]uterine benign neoplasm","0"
"Breast Disorder[SEP][CLS]diffuse large B-cell lymphoma","0"
"Hereditary Leukokeratosis[SEP][CLS]gastroesophageal adenocarcinoma","0"
"Phenylketonuria[SEP][CLS]gestational choriocarcinoma","0"
"Vaginal Villous Adenoma[SEP][CLS]psychotic disorder","0"
"Adult Meningeal Melanoma[SEP][CLS]meningeal melanoma","1"
"Sexual Masochism[SEP][CLS]cell type benign neoplasm","0"
"Iris Melanoma[SEP][CLS]lung large cell carcinoma","0"
"Anuria[SEP][CLS]intestinal obstruction","0"
"Skin Signet Ring Cell Basal Cell Carcinoma[SEP][CLS]basal cell carcinoma","1"
"Primary Sclerosing Cholangitis[SEP][CLS]integumentary system disease","0"
"Cauda Equina Neoplasm[SEP][CLS]facial nerve disease","0"
"Autonomic Nervous System Neoplasm[SEP][CLS]breast myoepitheliosis","0"
"Cutaneous Ganglioneuroma[SEP][CLS]ocular melanoma","0"
"Normocytic Anemia[SEP][CLS]diabetes mellitus","0"
"Pacinian Neurofibroma[SEP][CLS]salivary gland cancer","0"
"Pathological Myopia[SEP][CLS]myopia","1"
"Mixed Germ Cell-Sex Cord-Stromal Tumor[SEP][CLS]apocrine carcinoma","0"
"Breast Fibrocystic Change[SEP][CLS]bilirubin metabolic disorder","0"
"Systemic Mastocytosis with an Associated Myeloid Neoplasm[SEP][CLS]systemic mastocytosis","1"
"Facioscapulohumeral Muscular Dystrophy[SEP][CLS]hemoglobinopathy","0"
"Bladder Diffuse Clear Cell Adenocarcinoma[SEP][CLS]bladder clear cell adenocarcinoma","1"
"Hemopericardium[SEP][CLS]chromophobe renal cell carcinoma","0"
"Granulomatous Endometritis[SEP][CLS]stomach carcinoma","0"
"Malignant Hypopharyngeal Neoplasm[SEP][CLS]osteosarcoma","0"
"Meningeal Sarcomatosis[SEP][CLS]mitral valve disease","0"
"Histiocytosis[SEP][CLS]upper respiratory tract disease","0"
"Metastatic Somatotroph Pituitary Neuroendocrine Tumor[SEP][CLS]vagina sarcoma","0"
"Subungual Glomus Tumor[SEP][CLS]kidney sarcoma","0"
"Diffuse Lipomatosis[SEP][CLS]Lynch syndrome","0"
"Riedel Fibrosing Thyroiditis[SEP][CLS]cholestasis","0"
"Antibiotic-Associated Colitis[SEP][CLS]ovarian cystadenocarcinoma","0"
"Corneal Melanoma[SEP][CLS]cornea cancer","1"
"Scimitar Syndrome[SEP][CLS]chronic leukemia","0"
"Coronary Artery Aneurysm[SEP][CLS]vein disease","0"
"Lactose Intolerance[SEP][CLS]bone benign neoplasm","0"
"Scirrhous Hepatocellular Carcinoma[SEP][CLS]hepatocellular carcinoma","1"
"Melorheostosis[SEP][CLS]penis squamous cell carcinoma","0"
"Adult Pineoblastoma[SEP][CLS]breast carcinoma","0"
"Yolk Sac Tumor[SEP][CLS]lice infestation","0"
"Barakat Syndrome[SEP][CLS]nose disease","0"
"Frohlich Syndrome[SEP][CLS]alopecia","0"
"Pleomorphic Liposarcoma[SEP][CLS]breast sarcoma","0"
"Primary Intraocular Non-Hodgkin Lymphoma[SEP][CLS]biliary tract disease","0"
"Myxopapillary Ependymoma[SEP][CLS]testicular granulosa cell tumor","0"
"Childhood Meningeal Melanoma[SEP][CLS]specific developmental disorder","0"
"Nicotine Dependence[SEP][CLS]substance dependence","1"
"Autonomic Neuropathy[SEP][CLS]seborrheic keratosis","0"
"Intracranial Cavernous Hemangioma[SEP][CLS]breast carcinoma","0"
"Polycythemia due to Hypoxia[SEP][CLS]brain stem cancer","0"
"Dyschromatosis Symmetrica Hereditaria[SEP][CLS]pigmentation disease","1"
"Spongiotic Dermatitis[SEP][CLS]dermatomyositis","0"
"Multicentric Castleman Disease[SEP][CLS]Castleman disease","1"
"Regional Ureter Carcinoma[SEP][CLS]lacrimal apparatus disease","0"
"Childhood Mesenchymal Chondrosarcoma[SEP][CLS]tracheal disease","0"
"Non-Invasive Urothelial Neoplasm[SEP][CLS]malaria","0"
"Familial Periodic Paralysis[SEP][CLS]metal metabolism disorder","1"
"Pyothorax[SEP][CLS]bile duct adenoma","0"
"Spinal Muscular Atrophy[SEP][CLS]leukocyte disease","0"
"Breast Extraskeletal Osteosarcoma[SEP][CLS]skin disease","0"
"Ovarian Endometrioid Adenofibroma[SEP][CLS]eye disease","0"
"B Lymphoblastic Leukemia/Lymphoma with t(9;22)(q34.1;q11.2); BCR-ABL1[SEP][CLS]immature teratoma of ovary","0"
"Testicular Seminoma, Cribriform Variant[SEP][CLS]candidiasis","0"
"Complete Trisomy 13 Syndrome[SEP][CLS]ovary epithelial cancer","0"
"Divergent Strabismus[SEP][CLS]basal cell carcinoma","0"
"Skin Tag[SEP][CLS]brain disease","0"
"Double Outlet Right Ventricle[SEP][CLS]heart sarcoma","0"
"Congenital Combined Immunodeficiency[SEP][CLS]combined immunodeficiency","1"
"MCD Diffuse Large B-Cell Lymphoma[SEP][CLS]diffuse large B-cell lymphoma","1"
"Ectrodactyly-Ectodermal Dysplasia-Cleft Syndrome[SEP][CLS]chronic conjunctivitis","0"
"Metastatic Corticotroph Pituitary Neuroendocrine Tumor[SEP][CLS]ovarian disease","0"
"Minimal Change Glomerulonephritis[SEP][CLS]mast cell neoplasm","0"
"Adenocarcinoma[SEP][CLS]viral infectious disease","0"
"Talc Pneumoconiosis[SEP][CLS]meningioma","0"
"Uterine Ligament Neoplasm[SEP][CLS]impulse control disorder","0"
"Arthus Reaction[SEP][CLS]hypersensitivity reaction type III disease","1"
"B Acute Lymphoblastic Leukemia with t(5;14)(q31.1;q32.3); IL3-IGH[SEP][CLS]hepatocellular carcinoma","0"
"Vulvar Porocarcinoma[SEP][CLS]viral exanthem","0"
"Childhood Testicular Mixed Germ Cell Tumor[SEP][CLS]malignant hemangioma","0"
"Endometritis[SEP][CLS]peritoneal benign neoplasm","0"
"Epithelioid Malignant Peripheral Nerve Sheath Tumor[SEP][CLS]malignant peripheral nerve sheath tumor","1"
"Cervical Endometriosis[SEP][CLS]breast carcinoma","0"
"Preeclampsia[SEP][CLS]keratitis","0"
"Anemia of Prematurity[SEP][CLS]autoimmune disease of cardiovascular system","0"
"Necrotizing Gastritis[SEP][CLS]ureteral disease","0"
"Hereditary Kidney Wilms Tumor[SEP][CLS]cervical cancer","0"
"Chondroblastic Osteosarcoma[SEP][CLS]germ cell and embryonal cancer","0"
"Congenital Dyserythropoietic Anemia[SEP][CLS]acute biphenotypic leukemia","0"
"Hermaphrodite[SEP][CLS]breast adenoma","0"
"Intravenous Leiomyomatosis[SEP][CLS]vulvar benign neoplasm","0"
"Fibrous Histiocytoma[SEP][CLS]vestibular gland benign neoplasm","0"
"Benign Meningioma[SEP][CLS]testicular yolk sac tumor","0"
"Lymphoplasmacyte-Rich Meningioma[SEP][CLS]metal metabolism disorder","0"
"Nasal Cavity Inverted Papilloma[SEP][CLS]vaginal carcinosarcoma","0"
"Proteinuria[SEP][CLS]papillary adenocarcinoma","0"
"Biliary Atresia[SEP][CLS]cholestasis","1"
"Bone Angiosarcoma[SEP][CLS]extrinsic cardiomyopathy","0"
"Adenosquamous Carcinoma[SEP][CLS]dementia","0"
"Multicentric Castleman Disease[SEP][CLS]mesenchymal cell neoplasm","0"
"Chordoid Meningioma[SEP][CLS]vulvar benign neoplasm","0"
"Thyroid Gland Papillary Carcinoma[SEP][CLS]hepatobiliary disease","0"
"Somatostatin-Producing Neuroendocrine Tumor[SEP][CLS]carbohydrate metabolic disorder","0"
"Comedo-Type Adenocarcinoma[SEP][CLS]malignant pleural mesothelioma","0"
"Acquired Color Blindness[SEP][CLS]seborrheic keratosis","0"
"Fasciolopsiasis[SEP][CLS]brain germinoma","0"
"Extrahepatic Bile Duct Carcinoma[SEP][CLS]pancreatic cystadenoma","0"
"Ovarian Cystadenocarcinoma[SEP][CLS]small intestine cancer","0"
"Kluver-Bucy Syndrome[SEP][CLS]pulmonary blastoma","0"
"Cerebritis[SEP][CLS]thymus cancer","0"
"Craniosynostosis[SEP][CLS]lysosomal storage disease","0"
"Follicular Helper T-Cell Lymphoma, Angioimmunoblastic-Type[SEP][CLS]pericardial effusion","0"
"Primary Hyperoxaluria Type II[SEP][CLS]bone benign neoplasm","0"
"Necrotizing Ulcerative Gingivitis[SEP][CLS]coronary artery disease","0"
"Malignant Testicular Sex Cord-Stromal Tumor[SEP][CLS]parasitic helminthiasis infectious disease","0"
"Nasal Cavity Disorder[SEP][CLS]lymphadenitis","0"
"Thanatophoric Dysplasia[SEP][CLS]neurofibromatosis","0"
"Myxoid Glioneuronal Tumor[SEP][CLS]iris cancer","0"
"Sexual Dysfunction[SEP][CLS]disorder of sexual development","0"
"Tendonitis[SEP][CLS]autoimmune disease of musculoskeletal system","0"
"Interstitial Myositis[SEP][CLS]myositis","1"
"Breast Adenomyoepithelial Adenosis[SEP][CLS]drug dependence","0"
"Placental Choriocarcinoma[SEP][CLS]salivary gland disease","0"
"CADASIL Syndrome[SEP][CLS]breast fibrocystic disease","0"
"Spindle Cell Squamous Cell Carcinoma[SEP][CLS]mature B-cell neoplasm","0"
"Submandibular Lymphadenitis[SEP][CLS]liver disease","0"
"Fucosidosis[SEP][CLS]gastrointestinal system disease","0"
"Chronic Suppurative Otitis Media[SEP][CLS]osteosclerosis","0"
"Erythroleukemia[SEP][CLS]breast benign neoplasm","0"
"Malignant Testicular Sex Cord-Stromal Tumor[SEP][CLS]cystitis","0"
"Mixed Phenotype Acute Leukemia with KMT2A Rearrangement[SEP][CLS]optic nerve disease","0"
"Childhood Renal Cell Carcinoma[SEP][CLS]chondrosarcoma","0"
"Nonanaplastic Kidney Wilms Tumor[SEP][CLS]urinary bladder cancer","0"
"Motion Sickness[SEP][CLS]parasitic infectious disease","0"
"Scarlet Fever[SEP][CLS]skin disease","0"
"Tubular Adenocarcinoma[SEP][CLS]syndrome","0"
"Syndrome of Apparent Mineralocorticoid Excess[SEP][CLS]specific phobia","0"
"Craniopharyngioma[SEP][CLS]kidney disease","0"
"Childhood Ependymoma[SEP][CLS]malignant astrocytoma","0"
"Fallopian Tube Carcinosarcoma[SEP][CLS]fallopian tube cancer","1"
"Demyelinating Polyneuropathy[SEP][CLS]psychosexual disorder","0"
"Genetic Disorder[SEP][CLS]osteosarcoma","0"
"Divergent Strabismus[SEP][CLS]low grade glioma","0"
"Acute Leukemia[SEP][CLS]acute megakaryocytic leukemia","0"
"Bird Fancier's Lung[SEP][CLS]primary bacterial infectious disease","0"
"Alagille Syndrome[SEP][CLS]liver disease","1"
"Hydrocephalus[SEP][CLS]coccidiosis","0"
"Brain Oligodendroglioma[SEP][CLS]specific developmental disorder","0"
"Visual Epilepsy[SEP][CLS]colonic disease","0"
"Pediculosis[SEP][CLS]West Nile encephalitis","0"
"Large Cell Carcinoma[SEP][CLS]arthropathy","0"
"Hyperlipoproteinemia, Type IIb[SEP][CLS]intrahepatic cholangiocarcinoma","0"
"Combined Lung Small Cell and Squamous Cell Carcinoma[SEP][CLS]beta thalassemia","0"
"Diffuse Low Grade Glioma, MAPK Pathway-Altered[SEP][CLS]rectal disease","0"
"Cervical Large Cell Neuroendocrine Carcinoma[SEP][CLS]viral infectious disease","0"
"Breast Fibrosarcoma[SEP][CLS]conjunctival cancer","0"
"Acute Suppurative Thyroiditis[SEP][CLS]peripheral osteosarcoma","0"
"Bladder Clear Cell Adenocarcinoma[SEP][CLS]bladder adenocarcinoma","1"
"Cerebral Neoplasm[SEP][CLS]breast carcinoma in situ","0"
"Adult Brain Ependymoma[SEP][CLS]primary bacterial infectious disease","0"
"Myasthenia Gravis[SEP][CLS]gingival overgrowth","0"
"Argininosuccinic Aciduria[SEP][CLS]sex cord-stromal benign neoplasm","0"
"Fredrickson Type V Lipidemia[SEP][CLS]retinoblastoma","0"
"Kernicterus[SEP][CLS]adrenal gland disease","0"
"Cervical Alveolar Soft Part Sarcoma[SEP][CLS]amino acid metabolic disorder","0"
"Abducens Nerve Neoplasm[SEP][CLS]neuropathy","0"
"Fungal Infection[SEP][CLS]Hodgkin's lymphoma","0"
"Cholangitis[SEP][CLS]bile duct disease","1"
"Cerebral Neoplasm[SEP][CLS]bladder carcinoma","0"
"Voyeurism[SEP][CLS]vaginal cancer","0"
"Mesenteric Lymphadenitis[SEP][CLS]lymphadenitis","1"
"Congenital Infundibular Stenosis[SEP][CLS]fallopian tube benign neoplasm","0"
"Pathological Gambling[SEP][CLS]endocrine system disease","0"
"Epithelial Synovial Sarcoma[SEP][CLS]malignant teratoma","0"
"Diffuse Large B-Cell Lymphoma, Not Otherwise Specified[SEP][CLS]monodermal teratoma","0"
"Tetanus Neonatorum[SEP][CLS]tetanus","1"
"Minimally Invasive Lung Adenocarcinoma[SEP][CLS]lipomatosis","0"
"Benign Lymphoepithelial Lesion of the Salivary Gland[SEP][CLS]acute proliferative glomerulonephritis","0"
"Childhood Cerebellar Astrocytoma[SEP][CLS]cerebellar astrocytoma","1"
"C5 Deficiency[SEP][CLS]B cell deficiency","0"
"Childhood Vulvar Botryoid-Type Embryonal Rhabdomyosarcoma[SEP][CLS]vulvar squamous papilloma","0"
"Mixed Germ Cell-Sex Cord-Stromal Tumor[SEP][CLS]overnutrition","0"
"Single Episode of Major Depressive Disorder[SEP][CLS]amino acid metabolic disorder","0"
"Solitary Plasmacytoma of Bone[SEP][CLS]glossopharyngeal nerve disease","0"
"Chronic Cholangitis[SEP][CLS]cholangitis","1"
"Synovial Neoplasm[SEP][CLS]connective tissue benign neoplasm","1"
"Prostate Leiomyosarcoma[SEP][CLS]optic nerve astrocytoma","0"
"Proliferative Diabetic Retinopathy[SEP][CLS]disorder of sexual development","0"
"Suppurative Lymphadenitis[SEP][CLS]eye disease","0"
"Fibrolamellar Carcinoma[SEP][CLS]brain stem glioma","0"
"Buruli Ulcer[SEP][CLS]primary bacterial infectious disease","1"
"Van der Woude Syndrome[SEP][CLS]autonomic nervous system neoplasm","0"
"Middle Ear Polyp[SEP][CLS]middle ear disease","1"
"Pituitary Gland Chromophobe Adenoma[SEP][CLS]ampulla of Vater adenocarcinoma","0"
"Hypercalcemic Sarcoidosis[SEP][CLS]leukocyte disease","0"
"Distal Bile Duct Carcinoma[SEP][CLS]bile duct carcinoma","1"
"Fallopian Tube Adenosarcoma[SEP][CLS]fallopian tube carcinosarcoma","1"
"Aicardi Syndrome[SEP][CLS]connective tissue cancer","0"
"Pancreatic Mucinous-Cystic Neoplasm with an Associated Invasive Carcinoma[SEP][CLS]uterine cancer","0"
"Bladder Urothelial Carcinoma In Situ[SEP][CLS]hypersensitivity reaction type IV disease","0"
"Testicular Yolk Sac Tumor, Enteric Pattern[SEP][CLS]interstitial lung disease","0"
"Upper Clivus Meningioma[SEP][CLS]pyelitis","0"
"Sacral Intraspinal Meningioma[SEP][CLS]spinal canal and spinal cord meningioma","1"
"Chronic Granulomatous Disease[SEP][CLS]thyroid gland adenocarcinoma","0"
"Vulvar Squamous Neoplasm[SEP][CLS]cholangitis","0"
"Breast Capillary Hemangioma[SEP][CLS]central nervous system germinoma","0"
"Molluscum Contagiosum Virus Infection[SEP][CLS]breast carcinoma","0"
"Lung Clear Cell Tumor[SEP][CLS]sphingolipidosis","0"
"Breast Disorder[SEP][CLS]syndactyly","0"
"Keratoconjunctivitis[SEP][CLS]sphingolipidosis","0"
"Conjunctivitis[SEP][CLS]primary systemic mycosis","0"
"Periocular Meningioma[SEP][CLS]inflammatory and toxic neuropathy","0"
"Non Specific Chronic Endometritis[SEP][CLS]acrocephalosyndactylia","0"
"Ochronosis[SEP][CLS]foramen magnum meningioma","0"
"Polymorphous Low Grade Neuroepithelial Tumor of the Young[SEP][CLS]cervical adenitis","0"
"Corneal Ulcer[SEP][CLS]Hodgkin's lymphoma","0"
"Orbit Cavernous Hemangioma[SEP][CLS]cavernous hemangioma","1"
"Retroperitoneal Hemangiopericytoma[SEP][CLS]liver disease","0"
"Spiradenocarcinoma[SEP][CLS]breast sarcoma","0"
"Sialic Acid Storage Disease[SEP][CLS]hypothyroidism","0"
"Breast Fibrocystic Change, Non-Proliferative Type[SEP][CLS]laryngitis","0"
"Biphasic Synovial Sarcoma[SEP][CLS]central nervous system embryonal tumor","0"
"Hirschsprung Disease[SEP][CLS]ganglioneuroblastoma","0"
"Hemangiopericytoma[SEP][CLS]gastric diffuse adenocarcinoma","0"
"Vaginal Adenosarcoma[SEP][CLS]ganglioneuroblastoma","0"
"Guillain-Barre Syndrome[SEP][CLS]uremia","0"
"Malignant Oropharyngeal Neoplasm[SEP][CLS]fallopian tube carcinosarcoma","0"
"Diffuse Astrocytoma[SEP][CLS]intestinal obstruction","0"
"Esophageal Leiomyosarcoma[SEP][CLS]neurilemmoma","0"
"Lactic Acidosis[SEP][CLS]intrinsic cardiomyopathy","0"
"Brucellosis[SEP][CLS]lung non-small cell carcinoma","0"
"Periampullary Adenocarcinoma[SEP][CLS]atherosclerosis","0"
"Nephrotic Syndrome[SEP][CLS]paraphilia disorder","0"
"Autoimmune Polyendocrinopathy Syndrome[SEP][CLS]testicular yolk sac tumor","0"
"Adult Mesenchymal Chondrosarcoma[SEP][CLS]sebaceous carcinoma","0"
"Malignant Cardiac Germ Cell Tumor[SEP][CLS]pneumoconiosis","0"
"Hyperparathyroidism[SEP][CLS]thymic carcinoma","0"
"Ischemic Neuropathy[SEP][CLS]basal cell carcinoma","0"
"Optic Atrophy[SEP][CLS]optic nerve disease","1"
"Mixed Germ Cell Tumor[SEP][CLS]liver sarcoma","0"
"Mediastinal Soft Tissue Neoplasm[SEP][CLS]mediastinal cancer","1"
"Malignant Uvula Neoplasm[SEP][CLS]adrenal cortex disease","0"
"Epicardial Neoplasm[SEP][CLS]pericardium cancer","1"
"Eosinophilic Endomyocardial Disease[SEP][CLS]meningioma","0"
"Riedel Fibrosing Thyroiditis[SEP][CLS]inherited metabolic disorder","0"
"B Acute Lymphoblastic Leukemia with t(5;14)(q31.1;q32.3); IL3-IGH[SEP][CLS]breast sarcoma","0"
"Thyroid Gland Angiosarcoma[SEP][CLS]inherited metabolic disorder","0"
"Dengue Hemorrhagic Fever[SEP][CLS]cranial nerve malignant neoplasm","0"
"Invasive Bladder Nested Urothelial Carcinoma[SEP][CLS]sarcoma","0"
"Acute Contagious Conjunctivitis[SEP][CLS]anterior cranial fossa meningioma","0"
"Senile Cataract[SEP][CLS]specific phobia","0"
"Childhood Central Nervous System Germinoma[SEP][CLS]hepatic vascular disease","0"
"Pineal Region Yolk Sac Tumor[SEP][CLS]malignant pineal area germ cell neoplasm","1"
"Ovarian Clear Cell Adenocarcinofibroma[SEP][CLS]syndrome","0"
"Hypersplenism[SEP][CLS]mature teratoma of the ovary","0"
"Pituitary Gland Chromophobe Adenoma[SEP][CLS]glioblastoma","0"
"B Lymphoblastic Leukemia/Lymphoma with t(9;22)(q34.1;q11.2); BCR-ABL1[SEP][CLS]overnutrition","0"
"Extrahepatic Bile Duct Small Cell Neuroendocrine Carcinoma[SEP][CLS]bladder adenocarcinoma","0"
"Sebaceous Carcinoma[SEP][CLS]sebaceous carcinoma","1"
"Vulvar Eccrine Adenocarcinoma[SEP][CLS]testicular disease","0"
"Fibroosseous Pseudotumor of Digits[SEP][CLS]Griscelli syndrome","0"
"Rectal Kaposi Sarcoma[SEP][CLS]penis squamous cell carcinoma","0"
"Ocular Hypertension[SEP][CLS]skin benign neoplasm","0"
"Glucose Metabolism Disorder[SEP][CLS]adult brain stem glioma","0"
"Lung Sarcomatoid Carcinoma[SEP][CLS]chronic pyelonephritis","0"
"Acute Periodontitis[SEP][CLS]primary systemic mycosis","0"
"Lymph Node Disorder[SEP][CLS]brain cancer","0"
"Familial Hyperaldosteronism Type 1[SEP][CLS]brain disease","0"
"Glossitis[SEP][CLS]breast carcinoma in situ","0"
"Childhood Ovarian Choriocarcinoma[SEP][CLS]syndrome","0"
"Ocular Hypertension[SEP][CLS]adrenal cortex disease","0"
"Bartholin Gland Adenosquamous Carcinoma[SEP][CLS]diabetes mellitus","0"
"Patent Ductus Arteriosus[SEP][CLS]muscular dystrophy","0"
"Multilocular Cystic Renal Neoplasm of Low Malignant Potential[SEP][CLS]renal cell carcinoma","1"
"Acute Intermittent Porphyria[SEP][CLS]carcinoma","0"
"Central Nervous System Leukemia[SEP][CLS]smooth muscle cancer","0"
"Ovarian Yolk Sac Tumor[SEP][CLS]dermatitis","0"
"T-Cell Prolymphocytic Leukemia[SEP][CLS]pancreatic adenocarcinoma","0"
"Proliferative Fasciitis[SEP][CLS]malignant fibrous histiocytoma","0"
"Acute Nasopharyngitis[SEP][CLS]stomach cancer","0"
"Angioma Serpiginosum[SEP][CLS]liposarcoma","0"
"Urethral Verrucous Carcinoma[SEP][CLS]testicular malignant germ cell cancer","0"
"Hypersplenism[SEP][CLS]upper respiratory tract disease","0"
"Lacrimal Mucocele[SEP][CLS]breast benign neoplasm","0"
"Testicular Fibroma[SEP][CLS]combined immunodeficiency","0"
"Lung Large Cell Carcinoma[SEP][CLS]inherited metabolic disorder","0"
"Orbit Hemangioma[SEP][CLS]orbital disease","1"
"Vulvar Verrucous Carcinoma[SEP][CLS]vulva squamous cell carcinoma","1"
"Childhood Ependymoma[SEP][CLS]high grade ependymoma","1"
"Anterior Cranial Fossa Meningioma[SEP][CLS]sarcoma","0"
"Retinitis Pigmentosa[SEP][CLS]spinal cord glioma","0"
"Skin Clear Cell Squamous Cell Carcinoma[SEP][CLS]mononeuritis of upper limb and mononeuritis multiplex","0"
"Breast Pericanalicular Fibroadenoma[SEP][CLS]cholangitis","0"
"Frontal Sinus Papilloma[SEP][CLS]central nervous system disease","0"
"T-Cell Large Granular Lymphocyte Leukemia[SEP][CLS]viral infectious disease","0"
"Leiomyoma[SEP][CLS]thymoma","0"
"Cervical Mesonephric Adenocarcinoma[SEP][CLS]cervical adenocarcinoma","1"
"Schizoid Personality Disorder[SEP][CLS]gastrointestinal system disease","0"
"Neonatal Leukemia[SEP][CLS]chronic ulcer of skin","0"
"Vaginitis[SEP][CLS]vaginal disease","1"
"Retinitis Pigmentosa[SEP][CLS]brain glioma","0"
"Differentiating Neuroblastoma[SEP][CLS]ampulla of Vater adenocarcinoma","0"
"Infiltrating Bladder Urothelial Carcinoma, Lymphoma-Like Variant[SEP][CLS]ovary sarcoma","0"
"Leukorrhea[SEP][CLS]sinusitis","0"
"Carnitine Palmitoyltransferase II Deficiency[SEP][CLS]cranial nerve disease","0"
"Dilated Cardiomyopathy[SEP][CLS]intrinsic cardiomyopathy","1"
"Aorta Disease[SEP][CLS]eye disease","0"
"Synpolydactyly[SEP][CLS]thymic carcinoma","0"
"Peripheral Ganglioneuroblastoma[SEP][CLS]duodenum disease","0"
"Adamantinoma[SEP][CLS]extrinsic allergic alveolitis","0"
"Nerve Root Neoplasm[SEP][CLS]peripheral nervous system neoplasm","1"
"Babesiosis[SEP][CLS]neonatal anemia","0"
"Comedo-Type Adenocarcinoma[SEP][CLS]granulosa cell tumor","0"
"Liposarcoma[SEP][CLS]parasitic helminthiasis infectious disease","0"
"Pineocytoma[SEP][CLS]facial nerve disease","0"
"Metanephric Adenofibroma[SEP][CLS]motor neuron disease","0"
"Waterhouse-Friderichsen Syndrome[SEP][CLS]salivary gland disease","0"
"Norwegian Scabies[SEP][CLS]scabies","1"
"Benign Meningioma[SEP][CLS]lipid storage disease","0"
"Intracranial Aneurysm[SEP][CLS]medulloblastoma","0"
"Pyelonephritis[SEP][CLS]endometrial disease","0"
"Hypertrophic Pyloric Stenosis[SEP][CLS]vulvar squamous tumor","0"
"Chronic Inflammatory Demyelinating Polyneuropathy[SEP][CLS]testicular disease","0"
"Caries[SEP][CLS]peripheral nervous system disease","0"
"Papillary Conjunctivitis[SEP][CLS]conjunctivitis","1"
"Plantar Fibromatosis[SEP][CLS]spinal canal and spinal cord meningioma","0"
"Keratopathy[SEP][CLS]myeloproliferative neoplasm","0"
"Telogen Effluvium[SEP][CLS]adrenal gland disease","0"
"Autonomic Nervous System Neoplasm[SEP][CLS]parathyroid gland disease","0"
"Diffuse Glomerulonephritis[SEP][CLS]ovary adenocarcinoma","0"
"Kernicterus[SEP][CLS]lymphopenia","0"
"Ovarian Primitive Germ Cell Tumor[SEP][CLS]lipoma","0"
"Malignant Postcricoid Neoplasm[SEP][CLS]pituitary carcinoma","0"
"Multiple Intraspinal Meningiomas[SEP][CLS]peritoneal serous adenocarcinoma","0"
"Skin Basosquamous Cell Carcinoma[SEP][CLS]pulmonary fibrosis","0"
"Childhood Medulloblastoma[SEP][CLS]nephroma","0"
"Cytochrome-C Oxidase Deficiency[SEP][CLS]uterine benign neoplasm","0"
"Extrahepatic Bile Duct Signet Ring Cell Carcinoma[SEP][CLS]vagina sarcoma","0"
"Breast Intraductal Myoepitheliosis[SEP][CLS]cranial nerve malignant neoplasm","0"
"Grade I Lymphomatoid Granulomatosis[SEP][CLS]male reproductive organ benign neoplasm","0"
"Malignant Exocrine Pancreas Neoplasm[SEP][CLS]West Nile encephalitis","0"
"Cervical Mullerian Papilloma[SEP][CLS]osteochondrodysplasia","0"
"Uveomeningoencephalitic Syndrome[SEP][CLS]cervical mucinous adenocarcinoma","0"
"Adult Mesenchymal Chondrosarcoma[SEP][CLS]movement disease","0"
"Ovarian Seromucinous Tumor[SEP][CLS]breast lobular carcinoma","0"
"Riedel Fibrosing Thyroiditis[SEP][CLS]basal cell carcinoma","0"
"Sarcoidosis[SEP][CLS]hepatocellular carcinoma","0"
"Esophageal Small Cell Neuroendocrine Carcinoma[SEP][CLS]bile duct adenocarcinoma","0"
"Large Cell Medulloblastoma[SEP][CLS]angiosarcoma","0"
"Ovarian Germ Cell Tumor[SEP][CLS]melanoma","0"
"Myocardial Infarction[SEP][CLS]germ cell cancer","0"
"Periventricular Leukomalacia[SEP][CLS]cervix carcinoma","0"
"Malignant Exocrine Pancreas Neoplasm[SEP][CLS]pancreatic cancer","1"
"Renal Tubular Acidosis[SEP][CLS]malignant astrocytoma","0"
"Genital Herpes[SEP][CLS]mucolipidosis","0"
"Thalamic Disease[SEP][CLS]brain disease","1"
"Early Invasive Cervical Squamous Cell Carcinoma[SEP][CLS]sleep disorder","0"
"Threatened Abortion[SEP][CLS]placenta disease","1"
"Aagenaes Syndrome[SEP][CLS]cervical adenocarcinoma","0"
"Primary Cutaneous Gamma-Delta T-Cell Lymphoma[SEP][CLS]larynx cancer","0"
"Blepharoconjunctivitis[SEP][CLS]hypopituitarism","0"
"Talc Pneumoconiosis[SEP][CLS]pneumoconiosis","1"
"Nontoxic Goiter[SEP][CLS]lipoma","0"
"Morbid Obesity[SEP][CLS]nephritis","0"
"Congenital Dyserythropoietic Anemia[SEP][CLS]pituitary adenoma","0"
"Thoracic Aortic Aneurysm[SEP][CLS]endometrial stromal tumor","0"
"Oculopharyngeal Muscular Dystrophy[SEP][CLS]disease of mental health","0"
"Breast Microglandular Adenosis[SEP][CLS]chordoma","0"
"Malignant Jejunal Neoplasm[SEP][CLS]small intestine cancer","1"
"Epidermolytic Ichthyosis[SEP][CLS]primary bacterial infectious disease","0"
"Trigeminal Schwannoma[SEP][CLS]skull base cancer","0"
"Tuberculum Sellae Meningioma[SEP][CLS]sella turcica neoplasm","1"
"Ehlers-Danlos Syndrome[SEP][CLS]glomerulonephritis","0"
"Lupus Erythematosus[SEP][CLS]goiter","0"
"Acute Pancreatitis[SEP][CLS]aleukemic leukemia cutis","0"
"Signet Ring Cell Carcinoma[SEP][CLS]skin squamous cell carcinoma","0"
"Pancreatic Acinar Cell Cystadenocarcinoma[SEP][CLS]type 2 diabetes mellitus","0"
"Breast Fibrocystic Change, Proliferative Type with Atypia[SEP][CLS]epithelioid sarcoma","0"
"Hereditary Spherocytosis[SEP][CLS]splenic manifestation of leukemia","0"
"Bladder Urothelial Carcinoma In Situ[SEP][CLS]urethral disease","0"
"Ovarian Papillary Cystadenoma[SEP][CLS]duodenum cancer","0"
"Gaucher Disease[SEP][CLS]pervasive developmental disorder","0"
"Xanthogranulomatous Cholecystitis[SEP][CLS]dermatitis","0"
"Lens Disorder[SEP][CLS]osteosarcoma","0"
"Craniofacial Dysostosis[SEP][CLS]craniosynostosis","1"
"Tinea Versicolor[SEP][CLS]myopathy","0"
"Hepatolenticular Degeneration[SEP][CLS]cerebellum cancer","0"
"Incompetent Cervix[SEP][CLS]cervix disease","1"
"Diffuse Idiopathic Skeletal Hyperostosis[SEP][CLS]optic nerve neoplasm","0"
"Rheumatologic Disorder[SEP][CLS]obesity","0"
"Primary Ovarian Failure[SEP][CLS]skin melanoma","0"
"Intestinal Neuroendocrine Neoplasm[SEP][CLS]intestinal benign neoplasm","1"
"Gonadal Disorder[SEP][CLS]articulation disorder","0"
"Acute Laryngitis[SEP][CLS]hyperglycemia","0"
"Nonspecific Interstitial Pneumonia[SEP][CLS]breast benign neoplasm","0"
"Acute Myocarditis[SEP][CLS]ovarian carcinoma","0"
"Nodular Fasciitis[SEP][CLS]specific developmental disorder","0"
"Squamous Cell Carcinoma[SEP][CLS]gastrointestinal system disease","0"
"Expressive Language Disorder[SEP][CLS]intestinal disease","0"
"Cellular Leiomyoma[SEP][CLS]breast mucinous carcinoma","0"
"Mesenteric Lymphadenitis[SEP][CLS]uveal melanoma","0"
"Obstructive Jaundice[SEP][CLS]chondrosarcoma","0"
"Childhood Kidney Neoplasm[SEP][CLS]upper respiratory tract disease","0"
"Downward Ocular Deviation[SEP][CLS]keratitis","0"
"Retroperitoneal Leiomyosarcoma[SEP][CLS]retroperitoneal sarcoma","1"
"Azoospermia[SEP][CLS]malignant mesenchymoma","0"
"Ovarian Clear Cell Cystadenocarcinoma[SEP][CLS]glycogen-rich carcinoma","0"
"Brenner Tumor[SEP][CLS]ovarian benign neoplasm","1"
"Chronic Ethmoidal Sinusitis[SEP][CLS]pituitary adenoma","0"
"Vaginal Yolk Sac Tumor[SEP][CLS]melanoma","0"
"Pulmonary Valve Disorder[SEP][CLS]adolescence-adult electroclinical syndrome","0"
"Dermatophytosis of Groin and Perianal Area[SEP][CLS]histone mutated tumor","0"
"Central Nervous System Disorder[SEP][CLS]cecal disease","0"
"Slate Pneumoconiosis[SEP][CLS]amnestic disorder","0"
"Middle Ear Cholesterol Granuloma[SEP][CLS]myositis","0"
"Parathyroid Gland Clear Cell Adenoma[SEP][CLS]liver benign neoplasm","0"
"Migraine[SEP][CLS]B-lymphoblastic leukemia/lymphoma","0"
"Reactive Cutaneous Fibrous Lesion[SEP][CLS]skin disease","1"
"Mononeuritis Multiplex[SEP][CLS]meningioma","0"
"Omphalocele[SEP][CLS]vaginal cancer","0"
"Subacute Sclerosing Panencephalitis[SEP][CLS]duodenum disease","0"
"Nystagmus[SEP][CLS]nose disease","0"
"Hypoparathyroidism[SEP][CLS]facial nerve disease","0"
"Ainhum[SEP][CLS]Usher syndrome","0"
"Uterine Corpus Adenosarcoma[SEP][CLS]migraine","0"
"Uveitis[SEP][CLS]focal epilepsy","0"
"Human Papillomavirus-Independent Cervical Adenocarcinoma, Clear Cell-Type[SEP][CLS]anxiety disorder","0"
"Cholangiolocellular Carcinoma[SEP][CLS]intrahepatic cholangiocarcinoma","1"
"Nasal Cavity Inverted Papilloma[SEP][CLS]gingivitis","0"
"Craniofacial Dysostosis[SEP][CLS]pancreatic cystadenoma","0"
"Adult Extraskeletal Myxoid Chondrosarcoma[SEP][CLS]synostosis","0"
"Benign Ovarian Sex Cord-Stromal Tumor[SEP][CLS]paranasal sinus benign neoplasm","0"
"Cardiac Neurofibroma[SEP][CLS]lip disease","0"
"Pulmonary Edema[SEP][CLS]syndrome","0"
"Tangier Disease[SEP][CLS]invasive bladder transitional cell carcinoma","0"
"Childhood Embryonal Tumor with Multilayered Rosettes, C19MC-Altered[SEP][CLS]lung benign neoplasm","0"
"Gastric Leiomyoma[SEP][CLS]acquired polycythemia","0"
"Dome of the Bladder[SEP][CLS]functioning pituitary adenoma","0"
"Conduct Disorder[SEP][CLS]childhood ovarian germ cell tumor","0"
"Tinea Versicolor[SEP][CLS]breast disease","0"
"Nasal Cavity Inverted Papilloma[SEP][CLS]acute erythroid leukemia","0"
"Endemic Goiter[SEP][CLS]specific developmental disorder","0"
"Malignant Sphenoid Sinus Neoplasm[SEP][CLS]cervical adenosquamous carcinoma","0"
"Asbestos-Related Lung Carcinoma[SEP][CLS]vagina sarcoma","0"
"Acute Myeloid Leukemia (Megakaryoblastic) with t(1;22)(p13.3;q13.1); RBM15-MKL1[SEP][CLS]acute myeloid leukemia","1"
"Pineal Region Teratoma[SEP][CLS]GM2 gangliosidosis","0"
"Glomangioma[SEP][CLS]glucose metabolism disease","0"
"Osteochondrosis[SEP][CLS]ciliary body cancer","0"
"Delusional Disorder[SEP][CLS]skin sarcoma","0"
"Adenoid Cystic Carcinoma[SEP][CLS]malignant fibrous histiocytoma","0"
"Biphasic Pulmonary Blastoma[SEP][CLS]ethmoid sinus cancer","0"
"Phenylketonuria[SEP][CLS]sweat gland disease","0"
"Transient Hypogammaglobulinemia[SEP][CLS]neurofibromatosis","0"
"Post-Streptococcal Glomerulonephritis[SEP][CLS]skin papilloma","0"
"Malignant Dermal Neoplasm[SEP][CLS]liver sarcoma","0"
"Anaplastic Oligodendroglioma, IDH-Mutant and 1p/19q-Codeleted[SEP][CLS]anaplastic oligodendroglioma","1"
"Benign Breast Adenomyoepithelioma[SEP][CLS]breast benign neoplasm","1"
"Cervical Adenosarcoma[SEP][CLS]cervical carcinosarcoma","1"
"Peritoneal Mesothelial Neoplasm[SEP][CLS]hemangiopericytoma","0"
"Griscelli Syndrome Type 2[SEP][CLS]peripheral nervous system disease","0"
"Transient Retinal Arterial Occlusion[SEP][CLS]blindness","0"
"Spinal Cord Astrocytoma[SEP][CLS]rhabdoid meningioma","0"
"Arachnoiditis[SEP][CLS]colitis","0"
"Testicular Yolk Sac Tumor, Myxomatous Pattern[SEP][CLS]nephroblastoma","0"
"Vulvovaginitis[SEP][CLS]leukemia","0"
"Malignant Exocrine Pancreas Neoplasm[SEP][CLS]obstructive lung disease","0"
"Breast Acinic Cell Carcinoma[SEP][CLS]hypertrophic cardiomyopathy","0"
"Rectosigmoid Carcinoma[SEP][CLS]breast benign neoplasm","0"
"Rectal Leiomyosarcoma[SEP][CLS]squamous cell neoplasm","0"
"Lipid-Rich Carcinoma[SEP][CLS]breast carcinoma","1"
"Benign Secondary Hypertension[SEP][CLS]bladder adenocarcinoma","0"
"Melanocytic Medulloblastoma[SEP][CLS]hyperparathyroidism","0"
"Peritoneal Solitary Fibrous Tumor[SEP][CLS]dissociative disorder","0"
"Eosinophilic Pneumonia[SEP][CLS]infratentorial cancer","0"
"Extraventricular Neurocytoma[SEP][CLS]substance abuse","0"
"Ear Disorder[SEP][CLS]EEC syndrome","0"
"Thymic Lymphoepithelial Carcinoma[SEP][CLS]breast carcinoma in situ","0"
"Retinal Arterial Branch Occlusion[SEP][CLS]cystitis","0"
"Hydrocephalus[SEP][CLS]neuroblastoma","0"
"Childhood Medulloblastoma[SEP][CLS]rectum adenocarcinoma","0"
"Pyloric Stenosis[SEP][CLS]hyperthyroidism","0"
"Acute Intestinal Ischemia[SEP][CLS]sleep disorder","0"
"Melioidosis[SEP][CLS]cutaneous mastocytosis","0"
"Cervical Lymphoepithelioma-Like Carcinoma[SEP][CLS]pulmonary blastoma","0"
"Sexual Sadism[SEP][CLS]ovarian cancer","0"
"Central Nervous System Melanocytic Neoplasm[SEP][CLS]connective tissue disease","0"
"Skin Follicular Basal Cell Carcinoma[SEP][CLS]sweat gland cancer","0"
"Brain Glioblastoma[SEP][CLS]brain glioma","1"
"Maternal Uniparental Disomy Chromosome 14 Syndrome[SEP][CLS]motor neuron disease","0"
"Brenner Tumor[SEP][CLS]ovarian embryonal carcinoma","0"
"Malignant Skeletal Muscle Neoplasm[SEP][CLS]personality disorder","0"
"Dermatophytosis[SEP][CLS]iris disease","0"
"Central Nervous System Neuroblastoma[SEP][CLS]gingival disease","0"
"Rectal Sarcomatoid Carcinoma[SEP][CLS]tetanus","0"
"Temporal Lobe Neoplasm[SEP][CLS]adenoma","0"
"Conventional Malignant Hemangiopericytoma[SEP][CLS]hemangioma","0"
"Solitary Reticulohistiocytoma[SEP][CLS]histone mutated tumor","0"
"Uterine Ligament Papillary Cystadenoma Associated with von Hippel-Lindau Disease[SEP][CLS]lung cancer","0"
"Rectal Signet Ring Cell Adenocarcinoma[SEP][CLS]rectum adenocarcinoma","1"
"Breast Columnar Cell Mucinous Carcinoma[SEP][CLS]cerebral hemisphere lipoma","0"
"Cystic Teratoma[SEP][CLS]paraphilia disorder","0"
"Extragonadal Seminoma[SEP][CLS]endocrine gland cancer","0"
"Skin Undifferentiated Pleomorphic Sarcoma[SEP][CLS]central nervous system benign neoplasm","0"
"Duodenal Ulcer[SEP][CLS]endometriosis","0"
"Cutaneous Granular Cell Tumor[SEP][CLS]skin benign neoplasm","1"
"Pulpitis[SEP][CLS]syndrome","0"
"Rete Ovarii Adenocarcinoma[SEP][CLS]Guillain-Barre syndrome","0"
"Smooth Muscle Neoplasm[SEP][CLS]muscle benign neoplasm","1"
"Malaria[SEP][CLS]blood coagulation disease","0"
"Diabetes Insipidus[SEP][CLS]breast intraductal proliferative lesion","0"
"Choledochal Cyst[SEP][CLS]plasma protein metabolism disease","0"
"Hypoparathyroidism[SEP][CLS]hypothyroidism","0"
"Breast Intraductal Papillomatosis[SEP][CLS]small intestine benign neoplasm","0"
"Conventional Osteosarcoma[SEP][CLS]gastritis","0"
"Testicular Leukemia[SEP][CLS]testicular cancer","1"
"Bartonella Infection[SEP][CLS]iris disease","0"
"Craniofacial Dysostosis[SEP][CLS]retinal vein occlusion","0"
"Acquired Hemangioma[SEP][CLS]lymphatic system disease","0"
"Multidrug-Resistant Tuberculosis[SEP][CLS]personality disorder","0"
"Sphingolipidosis[SEP][CLS]basal cell carcinoma","0"
"Myositis[SEP][CLS]myopathy","1"
"Bladder Obstruction[SEP][CLS]bladder carcinoma","0"
"Dyschromatosis Universalis Hereditaria[SEP][CLS]keratosis","0"
"Anterior Cranial Fossa Meningioma[SEP][CLS]skin disease","0"
"Transient Global Amnesia[SEP][CLS]fasciitis","0"
"Bile Duct Perforation[SEP][CLS]placenta disease","0"
"Baritosis[SEP][CLS]neurofibroma","0"
"Adult Spinal Cord Glioblastoma[SEP][CLS]motor neuron disease","0"
"Ornithosis[SEP][CLS]anxiety disorder","0"
"Cerebritis[SEP][CLS]breast myoepitheliosis","0"
"Pressure Sore[SEP][CLS]restrictive cardiomyopathy","0"
"Malignant Testicular Sex Cord-Stromal Tumor[SEP][CLS]sex cord-gonadal stromal tumor","1"
"Hereditary Clear Cell Renal Cell Carcinoma[SEP][CLS]migraine","0"
"Thyroid Gland Oncocytic Carcinoma[SEP][CLS]spinal canal and spinal cord meningioma","0"
"Hidrocystoma[SEP][CLS]cervical carcinosarcoma","0"
"Tactile Epilepsy[SEP][CLS]thrombophilia","0"
"Breast Extraskeletal Osteosarcoma[SEP][CLS]aortic aneurysm","0"
"Migraine With Aura[SEP][CLS]carcinoma","0"
"Multifocal Osteosarcoma[SEP][CLS]pneumoconiosis","0"
"Rectal Neoplasm[SEP][CLS]medulloblastoma","0"
"Mucopolysaccharidosis Type I[SEP][CLS]mucopolysaccharidosis","1"
"Nutritional Disorder[SEP][CLS]primary systemic mycosis","0"
"Pilomatricoma[SEP][CLS]hair follicle neoplasm","1"
"Wolffian Tumor[SEP][CLS]fibrosarcoma","0"
"Pancreatic Mucinous Ductal Ectasia[SEP][CLS]pancreas disease","1"
"Metachronous Osteosarcoma[SEP][CLS]follicular adenoma","0"
"Childhood Brain Stem Neoplasm[SEP][CLS]thymoma","0"
"Chronic Suppurative Otitis Media[SEP][CLS]color blindness","0"
"Sheehan Syndrome[SEP][CLS]intestinal disease","0"
"Non-Invasive Verrucous Carcinoma of the Penis[SEP][CLS]lung disease","0"
"Pineal Region Immature Teratoma[SEP][CLS]biliary tract benign neoplasm","0"
"Fibrous Synovial Sarcoma[SEP][CLS]B-lymphoblastic leukemia/lymphoma","0"
"Transient Hypogammaglobulinemia of Infancy[SEP][CLS]transient hypogammaglobulinemia","1"
"Pituitary Gland Apoplexy[SEP][CLS]bone resorption disease","0"
"Kidney Vascular Disorder[SEP][CLS]globe disease","0"
"Extraskeletal Myxoid Chondrosarcoma[SEP][CLS]stomach cancer","0"
"Rett Syndrome[SEP][CLS]variable age at onset electroclinical syndrome","0"
"Dracunculiasis[SEP][CLS]parasitic helminthiasis infectious disease","1"
"Pedophilia[SEP][CLS]lacrimal apparatus disease","0"
"Status Asthmaticus[SEP][CLS]urethra adenocarcinoma","0"
"Lipoma-Like Atypical Lipomatous Tumor/Well Differentiated Liposarcoma[SEP][CLS]cranial nerve malignant neoplasm","0"
"Chronic Eosinophilic Pneumonia[SEP][CLS]ischemic bone disease","0"
"Skull Base Chordoma[SEP][CLS]chordoma","1"
"Status Epilepticus[SEP][CLS]hypersensitivity reaction type IV disease","0"
"Secondary Syphilis[SEP][CLS]syphilis","1"
"Primary Open Angle Glaucoma[SEP][CLS]open-angle glaucoma","1"
"Intravascular Angioleiomyoma[SEP][CLS]female reproductive system disease","0"
"Myxofibrosarcoma[SEP][CLS]sarcoma","1"
"Extraskeletal Myxoid Chondrosarcoma[SEP][CLS]breast squamous cell carcinoma","0"
"Embryonal Tumor with Multilayered Rosettes[SEP][CLS]brain disease","0"
"Mitral Valve Prolapse[SEP][CLS]glomerulonephritis","0"
"Adenomyoma[SEP][CLS]physical disorder","0"
"Skull Base Meningioma[SEP][CLS]pericardium cancer","0"
"Chordoma[SEP][CLS]notochordal cancer","1"
"Lymphocyte-Depleted Classic Hodgkin Lymphoma[SEP][CLS]leiomyosarcoma","0"
"Trigeminal Nerve Neoplasm[SEP][CLS]mucolipidosis","0"
"Necrotizing Gastritis[SEP][CLS]parasitic helminthiasis infectious disease","0"
"Cervical Large Cell Neuroendocrine Carcinoma[SEP][CLS]metal metabolism disorder","0"
"Ethmoid Sinus Primary Ectopic Meningioma[SEP][CLS]lymphoproliferative syndrome","0"
"Listeriosis[SEP][CLS]muscular dystrophy","0"
"Galloway-Mowat Syndrome[SEP][CLS]tuberculosis","0"
"Pinguecula[SEP][CLS]physical disorder","0"
"Non-Proliferative Diabetic Retinopathy[SEP][CLS]hormone producing pituitary cancer","0"
"Temporal Lobe Epilepsy[SEP][CLS]selective immunoglobulin deficiency disease","0"
"Primary Immune Thrombocytopenia[SEP][CLS]eye disease","0"
"Cocaine Dependence[SEP][CLS]gallbladder disease","0"
"Angelman Syndrome[SEP][CLS]malignant peripheral nerve sheath tumor","0"
"Malignant Sphenoid Sinus Neoplasm[SEP][CLS]childhood brain stem neoplasm","0"
"Hair Disorder[SEP][CLS]esophagus sarcoma","0"
"Esophageal Small Cell Neuroendocrine Carcinoma[SEP][CLS]esophageal carcinoma","1"
"Hepatolenticular Degeneration[SEP][CLS]syndrome","0"
"Medulloblastoma, SHH-Activated[SEP][CLS]urinary system disease","0"
"Male Orgasmic Disorder[SEP][CLS]liver sarcoma","0"
"Sclerosing Atypical Lipomatous Tumor/Well Differentiated Liposarcoma[SEP][CLS]pineal region teratoma","0"
"Listeriosis[SEP][CLS]central nervous system adult germ cell tumor","0"
"Glanders[SEP][CLS]diabetes mellitus","0"
"Malignant Spermatic Cord Neoplasm[SEP][CLS]motor neuron disease","0"
"Adult Embryonal Tumor with Multilayered Rosettes, C19MC-Altered[SEP][CLS]embryonal tumor with multilayered rosettes, C19MC-altered","1"
"Richter Syndrome[SEP][CLS]parasitic protozoa infectious disease","0"
"Acute Laryngitis[SEP][CLS]human immunodeficiency virus infectious disease","0"
"Sphenoid Sinus Papilloma[SEP][CLS]inherited metabolic disorder","0"
"Balanitis Xerotica Obliterans[SEP][CLS]breast duct papilloma","0"
"Central Nervous System Immature Teratoma[SEP][CLS]testicular germ cell cancer","0"
"Mesenchymal Chondrosarcoma[SEP][CLS]chondrosarcoma","1"
"Leukodystrophy[SEP][CLS]ovarian clear cell adenofibroma","0"
"Scirrhous Hepatocellular Carcinoma[SEP][CLS]sphingolipidosis","0"
"Thymoma Type B3[SEP][CLS]bone cancer","0"
"Mature B-Cell Neoplasm[SEP][CLS]colonic disease","0"
"Intranodal Palisaded Myofibroblastoma[SEP][CLS]ovary epithelial cancer","0"
"Adult Central Nervous System Mixed Germ Cell Tumor[SEP][CLS]central nervous system adult germ cell tumor","1"
"Facial Hemiatrophy[SEP][CLS]B cell deficiency","0"
"Adult Astrocytic Tumor[SEP][CLS]sensory system disease","0"
"Sphingolipidosis[SEP][CLS]cerebral convexity meningioma","0"
"Secondary Parkinsonism[SEP][CLS]cerebellar astrocytoma","0"
"Constrictive Pericarditis[SEP][CLS]pericarditis","1"
"Human Papillomavirus-Independent Cervical Adenocarcinoma, Gastric-Type[SEP][CLS]neuropathy","0"
"Ileal Neoplasm[SEP][CLS]tibial neuropathy","0"
"B Lymphoblastic Leukemia/Lymphoma[SEP][CLS]kidney cancer","0"
"Somatoform Disorder[SEP][CLS]central nervous system mesenchymal non-meningothelial tumor","0"
"Nipple Duct Carcinoma[SEP][CLS]nipple carcinoma","1"
"Testicular Yolk Sac Tumor, Macrocystic Pattern[SEP][CLS]testicular yolk sac tumor","1"
"Myxosarcoma[SEP][CLS]viral infectious disease","0"
"Spindle Cell Melanoma[SEP][CLS]lipomatosis","0"
"Thyroid Hormone Resistance Syndrome[SEP][CLS]hypothyroidism","1"
"Cervical Endometriosis[SEP][CLS]gonadal dysgenesis","0"
"Periosteal Chondroma[SEP][CLS]pharynx cancer","0"
"Skull Base Meningioma[SEP][CLS]testicular cancer","0"
"Endometriosis[SEP][CLS]chronic leukemia","0"
"Malignant Adult Hemangiopericytoma[SEP][CLS]corneal disease","0"
"Adult Pineal Parenchymal Cell Neoplasm[SEP][CLS]chromosomal deletion syndrome","0"
"Benign Secondary Hypertension[SEP][CLS]acute myeloid leukemia","0"
"Megaloblastic Anemia[SEP][CLS]bile duct disease","0"
"Adult Choroid Plexus Neoplasm[SEP][CLS]anxiety disorder","0"
"Eclampsia[SEP][CLS]vaginal carcinosarcoma","0"
"Interstitial Myocarditis[SEP][CLS]lip disease","0"
"Acute Myocarditis[SEP][CLS]centronuclear myopathy","0"
"Goldenhar Syndrome[SEP][CLS]viral infectious disease","0"
"Ovarian Monodermal Teratoma[SEP][CLS]primary bacterial infectious disease","0"
"Hermaphrodite[SEP][CLS]arthropathy","0"
"Favus[SEP][CLS]inherited metabolic disorder","0"
"Heroin Dependence[SEP][CLS]mature T-cell and NK-cell lymphoma","0"
"Psammomatous Meningioma[SEP][CLS]invasive bladder transitional cell carcinoma","0"
"Retroperitoneal Leiomyosarcoma[SEP][CLS]thymic carcinoma","0"
"Muscular Dystrophy[SEP][CLS]cell type benign neoplasm","0"
"Hypoglossal Nerve Neoplasm[SEP][CLS]malignant exocrine pancreas neoplasm","0"
"Vulvar Eccrine Adenocarcinoma[SEP][CLS]vulva adenocarcinoma","1"
"Secondary Hypertension[SEP][CLS]adenocarcinoma","0"
"Glucose Metabolism Disorder[SEP][CLS]epidermolysis bullosa","0"
"Sarcomatosis[SEP][CLS]benign ependymoma","0"
"Enamel Hypoplasia[SEP][CLS]carcinoma","0"
"Medulloblastoma, SHH-Activated, TP53-Wildtype[SEP][CLS]mature B-cell neoplasm","0"
"Hepatitis B Infection[SEP][CLS]choroid disease","0"
"Sarcomatosis[SEP][CLS]intrahepatic cholestasis","0"
"Inflammatory Leiomyosarcoma[SEP][CLS]cystitis","0"
"Ptosis[SEP][CLS]polycythemia","0"
"Childhood Ovarian Teratoma[SEP][CLS]cholangiocarcinoma","0"
"Endometrial Disorder[SEP][CLS]gastrointestinal system disease","0"
"Tamoxifen-Related Endometrial Disorder[SEP][CLS]urethral disease","0"
"Cranial Nerve VII Palsy[SEP][CLS]thyroiditis","0"
"Acute Myeloid Leukemia with t(6;9)(p22.3;q34.1); DEK-NUP214[SEP][CLS]hypopituitarism","0"
"Porphyria Cutanea Tarda[SEP][CLS]encephalitis","0"
"Urethritis[SEP][CLS]retinal artery occlusion","0"
"Testicular Granulosa Cell Tumor[SEP][CLS]vulva cancer","0"
"Childhood Parosteal Osteosarcoma[SEP][CLS]breast fibroadenoma","0"
"Bone Osteosarcoma[SEP][CLS]epilepsy","0"
"Irritable Bowel Syndrome[SEP][CLS]communication disorder","0"
"Benign Meningioma[SEP][CLS]specific developmental disorder","0"
"Thyroid Gland Papillary Carcinoma[SEP][CLS]gastric adenocarcinoma","0"
"Childhood Medulloblastoma[SEP][CLS]lysosomal acid lipase deficiency","0"
"Generalized Epilepsy[SEP][CLS]choroid disease","0"
"Glanders[SEP][CLS]primary bacterial infectious disease","1"
"Malignant Hypopharyngeal Neoplasm[SEP][CLS]sexual dysfunction","0"
"Bone Liposarcoma[SEP][CLS]osteosarcoma","1"
"Distal Hereditary Motor Neuronopathy Type I[SEP][CLS]acanthoma","0"
"MELAS Syndrome[SEP][CLS]muscular dystrophy","0"
"Cystoid Macular Edema[SEP][CLS]arthropathy","0"
"Supravalvular Aortic Stenosis[SEP][CLS]aortic valve stenosis","1"
"Clubfoot[SEP][CLS]sweat gland benign neoplasm","0"
"Malignant Subglottis Neoplasm[SEP][CLS]larynx cancer","1"
"Syringocystadenoma Papilliferum[SEP][CLS]vagina botryoid rhabdomyosarcoma","0"
"Testicular Yolk Sac Tumor, Enteric Pattern[SEP][CLS]autoimmune disease of peripheral nervous system","0"
"Hemoglobin D Disease[SEP][CLS]cerebellopontine angle tumor","0"
"Skin Basal Cell Carcinoma with Sarcomatoid Differentiation[SEP][CLS]gastrointestinal system benign neoplasm","0"
"Uterine Ligament Neoplasm[SEP][CLS]chronic ulcer of skin","0"
"Lung Adenoid Cystic Carcinoma[SEP][CLS]thymic carcinoma","0"
"Cervical Poorly Differentiated Adenosquamous Carcinoma[SEP][CLS]lysosomal storage disease","0"
"Frontal Sinus Papilloma[SEP][CLS]frontal sinus benign neoplasm","1"
"Giant Cell Glioblastoma[SEP][CLS]optic nerve disease","0"
"Secondary Parkinsonism[SEP][CLS]malignant peripheral nerve sheath tumor","0"
"Diffuse Astrocytoma[SEP][CLS]pineal gland cancer","0"
"Uterine Corpus Myxoid Leiomyoma[SEP][CLS]ocular melanoma","0"
"Childhood Mesenchymal Chondrosarcoma[SEP][CLS]neurofibromatosis","0"
"Lateral Wall of the Bladder[SEP][CLS]testicular germ cell cancer","0"
"Breast Epithelioid Hemangioma[SEP][CLS]adenocarcinoma","0"
"Phenylketonuria[SEP][CLS]cervical benign neoplasm","0"
"Chronic Fatigue Syndrome[SEP][CLS]ulcerative stomatitis","0"
"Pituitary Gland Apoplexy[SEP][CLS]male infertility","0"
"Cryoglobulinemia[SEP][CLS]hyperpituitarism","0"
"Cervical Symmetrical Lipomatosis[SEP][CLS]lipomatosis","1"
"Hodgkin Lymphoma[SEP][CLS]male urethral cancer","0"
"Esophageal Small Cell Neuroendocrine Carcinoma[SEP][CLS]lacrimal gland adenocarcinoma","0"
"Solid Pseudopapillary Carcinoma of the Pancreas[SEP][CLS]hemangiopericytoma","0"
"Medulloblastoma, Non-WNT/Non-SHH[SEP][CLS]retinal disease","0"
"Mental Retardation, Autosomal Dominant 9[SEP][CLS]choriocarcinoma","0"
"Waardenburg Syndrome Type 1[SEP][CLS]choroid disease","0"
"Ventricular Septal Defect[SEP][CLS]bone giant cell tumor","0"
"Myeloid Leukemia[SEP][CLS]leukemia","1"
"Childhood Disintegrative Disorder[SEP][CLS]laryngeal disease","0"
"Clear Cell Renal Cell Carcinoma[SEP][CLS]Bartholin's gland carcinoma","0"
"CADASIL Syndrome[SEP][CLS]paranasal sinus benign neoplasm","0"
"Childhood Brain Stem Glioma[SEP][CLS]syndrome","0"
"Uterine Corpus Adenosarcoma[SEP][CLS]B-lymphoblastic leukemia/lymphoma","0"
"Childhood Leukemia[SEP][CLS]female reproductive system disease","0"
"Aicardi Syndrome[SEP][CLS]necrosis of pituitary","0"
"Thymic Lymphoepithelial Carcinoma[SEP][CLS]gastrointestinal system benign neoplasm","0"
"Cystitis Glandularis[SEP][CLS]malignant gastric germ cell tumor","0"
"Adult Testicular Granulosa Cell Tumor[SEP][CLS]mixed testicular germ cell tumor","0"
"Teratoma with Somatic-Type Malignancy[SEP][CLS]bladder disease","0"
"Childhood Kidney Neoplasm[SEP][CLS]gestational choriocarcinoma","0"
"Congo-Crimean Hemorrhagic Fever[SEP][CLS]viral infectious disease","1"
"Anaplastic Astrocytoma[SEP][CLS]myopia","0"
"Tendonitis[SEP][CLS]amino acid metabolic disorder","0"
"Hypoparathyroidism[SEP][CLS]parathyroid gland disease","1"
"Gastric Germ Cell Tumor[SEP][CLS]endometrial adenocarcinoma","0"
"Vitamin K Deficiency[SEP][CLS]eating disorder","0"
"Polyarteritis Nodosa[SEP][CLS]pituitary gland benign neoplasm","0"
"Urethral Clear Cell Adenocarcinoma[SEP][CLS]glomerulonephritis","0"
"Melanocytic Medulloblastoma[SEP][CLS]kidney disease","0"
"Acute Nasopharyngitis[SEP][CLS]female reproductive organ cancer","0"
"Renal Hypertrophy[SEP][CLS]female reproductive system disease","0"
"Lower Clivus Meningioma[SEP][CLS]clivus meningioma","1"
"Acute Atopic Conjunctivitis[SEP][CLS]allergic conjunctivitis","1"
"Choroideremia[SEP][CLS]meningioma","0"
"Lung Disorder[SEP][CLS]nervous system benign neoplasm","0"
"Lung Neuroendocrine Neoplasm[SEP][CLS]synucleinopathy","0"
"Breast Pericanalicular Fibroadenoma[SEP][CLS]breast fibroadenoma","1"
"Malignant Soft Palate Neoplasm[SEP][CLS]mouth disease","0"
"Progressive Familial Intrahepatic Cholestasis[SEP][CLS]mixed cell type cancer","0"
"Telangiectasia[SEP][CLS]hemangioma","0"
"Serous Surface Papillary Carcinoma[SEP][CLS]cell type cancer","0"
"Megaloblastic Anemia[SEP][CLS]peripheral nervous system neoplasm","0"
"Extrahepatic Bile Duct Mucinous Cystic Neoplasm[SEP][CLS]gastrointestinal system benign neoplasm","0"
"Toxoplasmosis[SEP][CLS]central nervous system disease","0"
"Vaginal Glandular Neoplasm[SEP][CLS]vaginal cancer","1"
"Prostate Acinar Lymphoepithelioma-Like Adenocarcinoma[SEP][CLS]chondrosarcoma","0"
"Normocytic Anemia[SEP][CLS]pericardial effusion","0"
"Retinal Arterial Branch Occlusion[SEP][CLS]bone benign neoplasm","0"
"Goldenhar Syndrome[SEP][CLS]skin disease","0"
"Mixed Astrocytoma-Ependymoma[SEP][CLS]mixed glioma","1"
"Lung Clear Cell Tumor[SEP][CLS]motor neuritis","0"
"Intravascular Large B-Cell Lymphoma[SEP][CLS]B-cell lymphoma","1"
"Extrahepatic Bile Duct Small Cell Neuroendocrine Carcinoma[SEP][CLS]hypertension","0"
"Acute Intermittent Porphyria[SEP][CLS]skin disease","0"
"Breast Hypertrophy[SEP][CLS]polycythemia","0"
"Renovascular Hypertension[SEP][CLS]chondrosarcoma","0"
"Acromegaly[SEP][CLS]leiomyosarcoma","0"
"Childhood Central Nervous System Embryonal Tumor, Not Otherwise Specified[SEP][CLS]lung non-small cell carcinoma","0"
"Ethmoid Sinus Primary Ectopic Meningioma[SEP][CLS]cervical squamous cell carcinoma","0"
"Internal Strabismus[SEP][CLS]stomatitis","0"
"Mycetoma[SEP][CLS]connective tissue disease","0"
"Atrial Fibrillation[SEP][CLS]iris disease","0"
"Hair Disorder[SEP][CLS]demyelinating disease","0"
"Bladder Papillary Clear Cell Adenocarcinoma[SEP][CLS]disease of anatomical entity","0"
"Childhood Ovarian Yolk Sac Tumor[SEP][CLS]cranial nerve malignant neoplasm","0"
"Papillary Adenofibroma[SEP][CLS]myocardial infarction","0"
"Xerophthalmia[SEP][CLS]malignant giant cell tumor","0"
"Blastema Predominant Kidney Wilms Tumor[SEP][CLS]intestinal disease","0"
"Central Nervous System Disorder[SEP][CLS]nervous system disease","1"
"Henoch-Schönlein Purpura[SEP][CLS]cystadenocarcinoma","0"
"Omphalocele[SEP][CLS]lacrimal apparatus disease","0"
"Tourette Syndrome[SEP][CLS]supratentorial ependymoma","0"
"Idiopathic Pulmonary Fibrosis[SEP][CLS]sphenoid sinusitis","0"
"Sphenoidal Sinusitis[SEP][CLS]adenocarcinoma","0"
"Vaginal Mullerian Papilloma[SEP][CLS]motor neuron disease","0"
"Nipple Duct Carcinoma[SEP][CLS]breast sarcoma","0"
"46,XX Gonadal Dysgenesis[SEP][CLS]leiomyosarcoma","0"
"Middle Ear Polyp[SEP][CLS]inherited metabolic disorder","0"
"Choroid Mixed Cell Melanoma[SEP][CLS]malignant choroid melanoma","1"
"Empty Sella Syndrome[SEP][CLS]lung adenocarcinoma","0"
"Childhood Pilocytic Astrocytoma[SEP][CLS]pilocytic astrocytoma","1"
"Kidney Oncocytoma[SEP][CLS]hypotrichosis","0"
"Achondroplasia[SEP][CLS]struma ovarii","0"
"Systemic Scleroderma[SEP][CLS]scleroderma","1"
"Duane Syndrome[SEP][CLS]central nervous system benign neoplasm","0"
"Reflex Epilepsy[SEP][CLS]lymphatic system disease","0"
"Liver Inflammatory Myofibroblastic Tumor[SEP][CLS]disorder of sexual development","0"
"Testicular Choriocarcinoma[SEP][CLS]ureteral disease","0"
"Endomyocardial Fibrosis[SEP][CLS]hemangioblastoma","0"
"Silicosis[SEP][CLS]abdominal obesity-metabolic syndrome","0"
"Childhood Pleomorphic Rhabdomyosarcoma[SEP][CLS]leiomyoma","0"
"Posterior Pituitary Gland Neoplasm[SEP][CLS]extrahepatic bile duct carcinoma","0"
"Rift Valley Fever[SEP][CLS]psychotic disorder","0"
"Pilomatricoma[SEP][CLS]parasitic protozoa infectious disease","0"
"Combined Lung Small Cell Carcinoma[SEP][CLS]oral cavity cancer","0"
"Leukodystrophy[SEP][CLS]retinal disease","0"
"Interstitial Myositis[SEP][CLS]embryonal rhabdomyosarcoma","0"
"Thymoma[SEP][CLS]urethra cancer","0"
"Tangier Disease[SEP][CLS]hypolipoproteinemia","1"
"Invasive Bladder Micropapillary Urothelial Carcinoma[SEP][CLS]benign vaginal carcinosarcoma","0"
"Late Yaws[SEP][CLS]sigmoid neoplasm","0"
"Mediastinitis[SEP][CLS]neuroendocrine tumor","0"
"Distal Hereditary Motor Neuronopathy Type I[SEP][CLS]myelodysplastic/myeloproliferative neoplasm","0"
"Prostatic Urethral Malignant Neoplasm[SEP][CLS]ureteral benign neoplasm","0"
"Inferolateral Myocardial Infarction by ECG Finding[SEP][CLS]pigmentation disease","0"
"Pyosalpinx[SEP][CLS]polyneuropathy","0"
"Biphasic Pulmonary Blastoma[SEP][CLS]pulmonary blastoma","1"
"Seborrheic Dermatitis[SEP][CLS]iris disease","0"
"Intraocular Retinoblastoma[SEP][CLS]retinoblastoma","1"
"Uveal Intermediate Cell Type Melanoma[SEP][CLS]meningioma","0"
"Retinal Dystrophy[SEP][CLS]sinusitis","0"
"Extrahepatic Bile Duct Adenoma[SEP][CLS]bile duct adenoma","1"
"Toxic Nodular Goiter[SEP][CLS]malignant giant cell tumor","0"
"Acrocephalosyndactyly[SEP][CLS]urethra cancer","0"
"Mature Gastric Teratoma[SEP][CLS]chromophil adenoma of the kidney","0"
"Mixed Cell Adenoma[SEP][CLS]thymoma","0"
"Acute Myeloid Leukemia with t(6;9)(p22.3;q34.1); DEK-NUP214[SEP][CLS]uterine disease","0"
"Fibroblastic Liposarcoma[SEP][CLS]syphilis","0"
"Round Cell Liposarcoma[SEP][CLS]esophageal carcinoma","0"
"Partial Retinal Vein Occlusion[SEP][CLS]embryonal tumor with multilayered rosettes, C19MC-altered","0"
"Thyroid Gland Follicular Carcinoma[SEP][CLS]esophageal disease","0"
"Anisakiasis[SEP][CLS]acute porphyria","0"
"Sarcomatoid Carcinoma[SEP][CLS]skin sarcoma","0"
"Thymoma[SEP][CLS]cervical mucinous adenocarcinoma","0"
"Trophoblastic Tumor[SEP][CLS]hepatocellular carcinoma","0"
"Distal Hereditary Motor Neuronopathy Type I[SEP][CLS]nipple benign neoplasm","0"
"Diffuse Astrocytoma[SEP][CLS]uterine corpus cancer","0"
"Apocrine Adenoma[SEP][CLS]neurilemmoma","0"
"Pineal Region Dysgerminoma[SEP][CLS]malignant pineal area germ cell neoplasm","1"
"Breast Lobular Carcinoma[SEP][CLS]breast lobular carcinoma","1"
"Tetanic Cataract[SEP][CLS]hemoglobinopathy","0"
"Gemistocytic Astrocytoma[SEP][CLS]duodenal obstruction","0"
"Lung Leiomyosarcoma[SEP][CLS]hemoglobinopathy","0"
"Anterior Cranial Fossa Meningioma[SEP][CLS]childhood leukemia","0"
"Ileal Neoplasm[SEP][CLS]spinal canal and spinal cord meningioma","0"
"Chronic Lymphocytic Leukemia/Small Lymphocytic Lymphoma with Immunoglobulin Heavy Chain Variable-Region Gene Somatic Hypermutation[SEP][CLS]leukemia","0"
"Glandular Malignant Peripheral Nerve Sheath Tumor[SEP][CLS]supratentorial cancer","0"
"Abdominal Aortic Aneurysm[SEP][CLS]urethra cancer","0"
"Mediastinal Neurogenic Neoplasm[SEP][CLS]histiocytic and dendritic cell cancer","0"
"Childhood Malignant Peripheral Nerve Sheath Tumor[SEP][CLS]mite infestation","0"
"Mixed Receptive-Expressive Language Disorder[SEP][CLS]vascular hemostatic disease","0"
"Small Cell Neuroendocrine Carcinoma[SEP][CLS]central nervous system benign neoplasm","0"
"Malignant Mesenchymoma[SEP][CLS]endocrine organ benign neoplasm","0"
"Lysosomal Storage Disease[SEP][CLS]inherited metabolic disorder","1"
"Pancreatic Acinar Cell Cystadenocarcinoma[SEP][CLS]glomerulonephritis","0"
"Lewy Body Dementia[SEP][CLS]cholangiocarcinoma","0"
"Adult Central Nervous System Germinoma[SEP][CLS]ovarian benign neoplasm","0"
"Thanatophoric Dysplasia[SEP][CLS]intrahepatic cholangiocarcinoma","0"
"Uterine Corpus Lipoleiomyoma[SEP][CLS]cytochrome-c oxidase deficiency disease","0"
"Acute Myeloid Leukemia with CEBPA Mutation[SEP][CLS]chromophobe renal cell carcinoma","0"
"Asperger Syndrome[SEP][CLS]lens disease","0"
"Gestational Choriocarcinoma[SEP][CLS]sexual health disorder","0"
"Cutaneous Ganglioneuroma[SEP][CLS]myositis","0"
"Epiretinal Membrane[SEP][CLS]demyelinating disease","0"
"Intracranial Meningioma[SEP][CLS]peripheral nerve sheath neoplasm","0"
"Griscelli Syndrome Type 2[SEP][CLS]sweat gland benign neoplasm","0"
"Parosteal Osteosarcoma[SEP][CLS]malignant ovarian germ cell neoplasm","0"
"Familial Periodic Paralysis[SEP][CLS]embryonal testis carcinoma","0"
"Relapsing-Remitting Multiple Sclerosis[SEP][CLS]nephroma","0"
"Albright Hereditary Osteodystrophy without Multiple Hormone Resistance[SEP][CLS]pineal gland cancer","0"
"Ovarian Small Cell Carcinoma, Hypercalcemic Type[SEP][CLS]nephrotic syndrome","0"
"Essential Hypertension[SEP][CLS]neurilemmoma","0"
"Mixed Phenotype Acute Leukemia with KMT2A Rearrangement[SEP][CLS]skin disease","0"
"Papillary Cystadenocarcinoma[SEP][CLS]cystadenocarcinoma","1"
"Protoplasmic Astrocytoma[SEP][CLS]hereditary sensory neuropathy","0"
"Vaginal Squamous Papilloma[SEP][CLS]adrenal cortex disease","0"
"Cryptogenic Organizing Pneumonia[SEP][CLS]idiopathic interstitial pneumonia","1"
"Chondroblastic Osteosarcoma[SEP][CLS]urethra cancer","0"
"Selective IgG Immunodeficiency[SEP][CLS]syndrome","0"
"Clear Cell Hidradenoma[SEP][CLS]kidney cancer","0"
"Dentatorubral-Pallidoluysian Atrophy[SEP][CLS]central nervous system mesenchymal non-meningothelial tumor","0"
"Benign Recurrent Intrahepatic Cholestasis[SEP][CLS]inherited metabolic disorder","0"
"Childhood Cerebellar Neoplasm[SEP][CLS]mature T-cell and NK-cell lymphoma","0"
"Wolman Disease[SEP][CLS]breast squamous cell carcinoma","0"
"Mediastinal Lipomatosis[SEP][CLS]systemic mastocytosis","0"
"Hemangioblastoma[SEP][CLS]malignant pineal area germ cell neoplasm","0"
"Acantholytic Acanthoma[SEP][CLS]carcinoma","0"
"Hypothyroidism[SEP][CLS]viral infectious disease","0"
"Keratoacanthoma[SEP][CLS]thyroid gland carcinoma","0"
"Vaginal Endometrioid Stromal and Related Neoplasms[SEP][CLS]squamous cell carcinoma","0"
"Retroperitoneal Leiomyosarcoma[SEP][CLS]ovarian carcinoma","0"
"Uveomeningoencephalitic Syndrome[SEP][CLS]central nervous system embryonal tumor","0"
"Splenic Manifestation of Prolymphocytic Leukemia[SEP][CLS]fallopian tube benign neoplasm","0"
"Multicentric Castleman Disease[SEP][CLS]chromosomal deletion syndrome","0"
"Plasma Cell Leukemia[SEP][CLS]neuropathy","0"
"Lecithin Acyltransferase Deficiency[SEP][CLS]acute erythroid leukemia","0"
"Childhood Vaginal Botryoid-Type Embryonal Rhabdomyosarcoma[SEP][CLS]vagina botryoid rhabdomyosarcoma","1"
"Ovarian Yolk Sac Tumor[SEP][CLS]skin disease","0"
"Scirrhous Adenocarcinoma[SEP][CLS]purine-pyrimidine metabolic disorder","0"
"Fallopian Tube Teratoma[SEP][CLS]gonadal dysgenesis","0"
"Malignant Hard Palate Neoplasm[SEP][CLS]pineal gland cancer","0"
"Blastema Predominant Kidney Wilms Tumor[SEP][CLS]nipple carcinoma","0"
"Nontoxic Goiter[SEP][CLS]goiter","1"
"Granuloma Inguinale[SEP][CLS]chronic progressive external ophthalmoplegia","0"
"Acute Promyelocytic Leukemia with t(15;17)(q24.1;q21.2); PML-RARA[SEP][CLS]mitochondrial metabolism disease","0"
"Adult Anaplastic Ependymoma[SEP][CLS]vaginal discharge","0"
"Invasive Bladder Clear Cell (Glycogen-Rich) Urothelial Carcinoma[SEP][CLS]testicular cancer","0"
"Rickets[SEP][CLS]breast adenoma","0"
"Multiple Mucosal Neuromas[SEP][CLS]differentiated thyroid gland carcinoma","0"
"Bone Leiomyosarcoma[SEP][CLS]chronic cystitis","0"
"Early Yaws[SEP][CLS]iris disease","0"
"Leiomyomatosis[SEP][CLS]hypersensitivity reaction type IV disease","0"
"Granulomatous Gastritis[SEP][CLS]breast cancer","0"
"Fallopian Tube Papillary Adenocarcinoma[SEP][CLS]vaginal cancer","0"
"Sertoli Cell Tumor[SEP][CLS]epidermolysis bullosa","0"
"Morbid Obesity[SEP][CLS]encephalomalacia","0"
"Anthrax[SEP][CLS]testicular disease","0"
"Intra-Abdominal Hemangioma[SEP][CLS]esophageal cancer","0"
"Thymic Dysplasia[SEP][CLS]glomerulonephritis","0"
"Anaplastic Large Cell Lymphoma[SEP][CLS]non-Hodgkin lymphoma","1"
"Ovarian Cystadenocarcinoma[SEP][CLS]pancreatic cancer","0"
"Aggressive Systemic Mastocytosis[SEP][CLS]islet cell tumor","0"
"Oxyphilic Endometrial Endometrioid Adenocarcinoma[SEP][CLS]testicular germ cell cancer","0"
"Ossifying Fibromyxoid Tumor[SEP][CLS]anus adenocarcinoma","0"
"Ainhum[SEP][CLS]connective tissue disease","1"
"Renal Pelvis Papillary Urothelial Carcinoma[SEP][CLS]liposarcoma","0"
"Obstructive Sleep Apnea[SEP][CLS]essential hypertension","0"
"Intestinal Disorder[SEP][CLS]benign giant cell tumor","0"
"Spinocerebellar Ataxia Type 3[SEP][CLS]bile duct disease","0"
"Necrotizing Gastritis[SEP][CLS]carcinoma","0"
"Ptosis[SEP][CLS]vulva squamous cell carcinoma","0"
"Acute Contagious Conjunctivitis[SEP][CLS]acute conjunctivitis","1"
"Hodgkin Lymphoma[SEP][CLS]neurofibroma","0"
"Chronic Pyelonephritis[SEP][CLS]bladder clear cell adenocarcinoma","0"
"Kidney Hemangiopericytoma[SEP][CLS]prion disease","0"
"Kidney Vascular Disorder[SEP][CLS]amino acid metabolic disorder","0"
"Endometrioid Stromal Sarcoma of the Vagina[SEP][CLS]vascular disease","0"
"Fallopian Tube Adenosarcoma[SEP][CLS]chromosomal duplication syndrome","0"
"Adult Pleomorphic Rhabdomyosarcoma[SEP][CLS]pleomorphic rhabdomyosarcoma","1"
"Myocardial Infarction[SEP][CLS]choriocarcinoma of ovary","0"
"Retinopathy of Prematurity[SEP][CLS]vulva squamous cell carcinoma","0"
"WAGR Syndrome[SEP][CLS]differentiated thyroid gland carcinoma","0"
"Cervical Lymphadenitis[SEP][CLS]syndrome","0"
"Atypical Spitz Nevus[SEP][CLS]skin melanoma","1"
"Propionic Acidemia[SEP][CLS]sleep apnea","0"
"Primary Ovarian Failure[SEP][CLS]meningioma","0"
"Telangiectatic Osteosarcoma[SEP][CLS]lung disease","0"
"Ainhum[SEP][CLS]sebaceous carcinoma","0"
"Congenital Septal Defect[SEP][CLS]disease by infectious agent","0"
"Facial Nerve Neoplasm[SEP][CLS]glossopharyngeal nerve neoplasm","1"
"Acute Intestinal Ischemia[SEP][CLS]food allergy","0"
"Malignant Uterine Corpus Mixed Epithelial and Mesenchymal Neoplasm[SEP][CLS]lung carcinoma","0"
"Skin Signet Ring Cell Basal Cell Carcinoma[SEP][CLS]placenta disease","0"
"Specific Phobia[SEP][CLS]parasitic helminthiasis infectious disease","0"
"Chronic Lymphocytic Leukemia/Small Lymphocytic Lymphoma with Unmutated Immunoglobulin Heavy Chain Variable-Region Gene[SEP][CLS]chronic lymphocytic leukemia/small lymphocytic lymphoma","1"
"Gastroenteritis[SEP][CLS]malaria","0"
"Bladder Squamous Papilloma[SEP][CLS]retinal disease","0"
"Thyroid Storm[SEP][CLS]teeth hard tissue disease","0"
"Aspartylglycosaminuria[SEP][CLS]neuropathy","0"
"Epididymal Neoplasm[SEP][CLS]autoimmune disease of skin and connective tissue","0"
"Long QT Syndrome[SEP][CLS]sexual dysfunction","0"
"Pulmonary Edema[SEP][CLS]testicular yolk sac tumor","0"
"Polycystic Ovary Syndrome[SEP][CLS]hyperostosis","0"
"Localized Chondrosarcoma[SEP][CLS]central nervous system embryonal tumor","0"
"Intravascular Large B-Cell Lymphoma[SEP][CLS]breast benign neoplasm","0"
"Endometrial Disorder[SEP][CLS]histiocytoma","0"
"Sudden Infant Death Syndrome[SEP][CLS]arthropathy","0"
"Coronary Vasospasm[SEP][CLS]breast benign neoplasm","0"
"Freeman-Sheldon Syndrome[SEP][CLS]mediastinal cancer","0"
"Cholesteatoma[SEP][CLS]sex cord-gonadal stromal tumor","0"
"Granuloma Annulare[SEP][CLS]contact dermatitis","0"
"Cholestasis[SEP][CLS]mucopolysaccharidosis","0"
"Mucinous Cystadenocarcinoma[SEP][CLS]cystadenocarcinoma","1"
"Pulmonary Interstitial Emphysema[SEP][CLS]lymphadenitis","0"
"Schizophrenia[SEP][CLS]vesiculobullous skin disease","0"
"Malignant Rectosigmoid Neoplasm[SEP][CLS]acquired polycythemia","0"
"Mixed Epithelial and Mesenchymal Hepatoblastoma[SEP][CLS]breast duct papilloma","0"
"Adult Anaplastic Ependymoma[SEP][CLS]keratitis","0"
"Horner Syndrome[SEP][CLS]non-Hodgkin lymphoma","0"
"Benign Secondary Hypertension[SEP][CLS]penis squamous cell carcinoma","0"
"Brain Stem Intraparenchymal Clear Cell Meningioma[SEP][CLS]skin disease","0"
"Adenocarcinoma[SEP][CLS]bladder disease","0"
"Breast Adenomyoepithelial Adenosis[SEP][CLS]hepatic vascular disease","0"
"Cystadenocarcinoma[SEP][CLS]malignant cystadenoma","1"
"Avoidant Personality Disorder[SEP][CLS]adenoma","0"
"Pseudohypoaldosteronism[SEP][CLS]nephroma","0"
"Lichen Planus[SEP][CLS]parasitic helminthiasis infectious disease","0"
"Multilocular Cystic Renal Neoplasm of Low Malignant Potential[SEP][CLS]pulmonary blastoma","0"
"Adult Malignant Peripheral Nerve Sheath Tumor[SEP][CLS]syndrome","0"
"Esophageal Atresia[SEP][CLS]uterine cancer","0"
"Stromal Predominant Kidney Wilms Tumor[SEP][CLS]vein disease","0"
"Partial Motor Seizure[SEP][CLS]non-Hodgkin lymphoma","0"
"Malignant Triton Tumor[SEP][CLS]kidney disease","0"
"Chronic Laryngitis[SEP][CLS]primary hyperoxaluria","0"
"Apocrine Neoplasm[SEP][CLS]oral cavity cancer","0"
"Syndactyly[SEP][CLS]osteosclerosis","0"
"Choriocarcinoma[SEP][CLS]ovary adenocarcinoma","0"
"Neuropathy, Hereditary Sensory and Autonomic, Type I[SEP][CLS]rhabdomyosarcoma","0"
"Exanthem[SEP][CLS]skin disease","1"
"Epithelial Predominant Pulmonary Blastoma[SEP][CLS]gallbladder disease","0"
"Pancreatic Acinar Cell Carcinoma[SEP][CLS]central nervous system embryonal tumor","0"
"Hypochromic Anemia[SEP][CLS]primary cutaneous T-cell non-Hodgkin lymphoma","0"
"Endometrial Clear Cell Adenocarcinoma[SEP][CLS]renal tubular transport disease","0"
"Vaginal Villous Adenoma[SEP][CLS]cervical squamous cell carcinoma","0"
"Vulvar Melanoma[SEP][CLS]prostate adenocarcinoma","0"
"Uterine Carcinosarcoma[SEP][CLS]testis seminoma","0"
"Trabecular Adenocarcinoma[SEP][CLS]anxiety disorder","0"
"Hemopericardium[SEP][CLS]renal oncocytoma","0"
"Cystic Teratoma[SEP][CLS]cerebral hemisphere lipoma","0"
"Ovarian Mucinous Cystadenocarcinoma[SEP][CLS]ovarian cystadenocarcinoma","1"
"Infective Arthritis[SEP][CLS]uveal melanoma","0"
"Breast Hemangioma[SEP][CLS]breast adenocarcinoma","0"
"Breast Peripheral Papilloma[SEP][CLS]infective endocarditis","0"
"Ovarian Mixed Germ Cell Tumor[SEP][CLS]corneal degeneration","0"
"Gangrenous Stomatitis[SEP][CLS]mucopolysaccharidosis","0"
"Microcephaly[SEP][CLS]pituitary gland disease","0"
"Pick's Disease[SEP][CLS]neurodegenerative disease","1"
"Collagenous Colitis[SEP][CLS]thyroid gland disease","0"
"Collecting Duct Carcinoma[SEP][CLS]hypopharynx cancer","0"
"Balantidiasis[SEP][CLS]parasitic protozoa infectious disease","1"
"Bartholin Gland Neoplasm[SEP][CLS]opiate dependence","0"
"Ovarian Serous Surface Papillary Adenocarcinoma[SEP][CLS]mitral valve disease","0"
"Amino Acid Metabolism Disorder[SEP][CLS]anal squamous cell carcinoma","0"
"Bile Duct Mucinous Cystic Neoplasm with an Associated Invasive Carcinoma[SEP][CLS]intraocular retinoblastoma","0"
"Ovarian Malignant Mesothelioma[SEP][CLS]supratentorial ependymoma","0"
"Anal Canal Cloacogenic Carcinoma[SEP][CLS]anal squamous cell carcinoma","1"
"Urethral Verrucous Carcinoma[SEP][CLS]ovarian dysfunction","0"
"T-Cell Prolymphocytic Leukemia[SEP][CLS]prolymphocytic leukemia","1"
"Diffuse Pulmonary Fibrosis[SEP][CLS]childhood electroclinical syndrome","0"
"Acute Myocardial Infarction[SEP][CLS]myocardial infarction","1"
"Chronic Cervicitis[SEP][CLS]posterior fossa ependymoma","0"
"Dependence[SEP][CLS]upper respiratory tract disease","0"
"Malignant Chest Wall Bone Neoplasm[SEP][CLS]brain ependymoma","0"
"Acute Disseminated Encephalomyelitis[SEP][CLS]chromophobe renal cell carcinoma","0"
"Anal Verrucous Carcinoma[SEP][CLS]rhabdomyosarcoma","0"
"Esophageal Neuroendocrine Neoplasm[SEP][CLS]osteosarcoma","0"
"Dartoic Leiomyoma[SEP][CLS]skin benign neoplasm","0"
"Cellular Schwannoma[SEP][CLS]acute myeloid leukemia","0"
"Rapidly Progressive Glomerulonephritis[SEP][CLS]pilocytic astrocytoma","0"
"Anaplastic Pleomorphic Xanthoastrocytoma[SEP][CLS]reading disorder","0"
"Chronic Lymphoproliferative Disorder of NK-Cells[SEP][CLS]hypersensitivity reaction type IV disease","1"
"Myeloproliferative Neoplasm[SEP][CLS]pemphigus","0"
"Chromosome 2q37 Deletion Syndrome[SEP][CLS]lower respiratory tract disease","0"
"Morquio Syndrome[SEP][CLS]papilloma","0"
"Cutis Laxa[SEP][CLS]breast adenocarcinoma","0"
"Colon L-Cell Glucagon-Like Peptide-Producing Neuroendocrine Tumor[SEP][CLS]gastritis","0"
"Plexopathy[SEP][CLS]medulloblastoma","0"
"Axillary Lymphadenitis[SEP][CLS]splenic disease","0"
"Central Sleep Apnea[SEP][CLS]diaphragm disease","0"
"Transient Global Amnesia[SEP][CLS]retinal degeneration","0"
"Sly Syndrome[SEP][CLS]mucopolysaccharidosis","1"
"Phimosis[SEP][CLS]glomerulonephritis","0"
"Somatotroph Pituitary Neuroendocrine Tumor[SEP][CLS]liposarcoma","0"
"Herpetic Gastritis[SEP][CLS]lung adenocarcinoma","0"
"Glottis Neoplasm[SEP][CLS]ectodermal dysplasia","0"
"Leiomyomatosis[SEP][CLS]leiomyoma","1"
"Splenic Manifestation of Hairy Cell Leukemia[SEP][CLS]globe disease","0"
"Dermoid Cyst[SEP][CLS]lipoma","0"
"Childhood Supratentorial Ependymoma, Not Otherwise Specified[SEP][CLS]supratentorial cancer","1"
"Non Specific Chronic Endometritis[SEP][CLS]neuroendocrine tumor","0"
"Fasciitis[SEP][CLS]skin benign neoplasm","0"
"Malignant Broad Ligament Neoplasm[SEP][CLS]spinal cord disease","0"
"Food Allergy[SEP][CLS]hypertension","0"
"Fallopian Tube Disorder[SEP][CLS]breast hemangioma","0"
"Cerebral Convexity Meningioma[SEP][CLS]ovarian carcinoma","0"
"Multilocular Cystic Renal Neoplasm of Low Malignant Potential[SEP][CLS]intrinsic cardiomyopathy","0"
"Subglottic Verrucous Carcinoma[SEP][CLS]hypoglycemia","0"
"Nerve Plexus Neoplasm[SEP][CLS]dermatitis","0"
"Phimosis[SEP][CLS]cranial nerve palsy","0"
"Hemangioblastoma[SEP][CLS]disseminated intravascular coagulation","0"
"Sebaceous Adenoma[SEP][CLS]sebaceous gland neoplasm","1"
"Lymph Node Disorder[SEP][CLS]esophagus sarcoma","0"
"Inflammatory Leiomyosarcoma[SEP][CLS]lipid-rich carcinoma","0"
"Extraventricular Neurocytoma[SEP][CLS]renal tubular transport disease","0"
"Salpingitis[SEP][CLS]male reproductive organ benign neoplasm","0"
"Extrahepatic Bile Duct Clear Cell Adenocarcinoma[SEP][CLS]bile duct adenocarcinoma","1"
"Orbit Alveolar Rhabdomyosarcoma[SEP][CLS]autonomic neuropathy","0"
"Extraskeletal Myxoid Chondrosarcoma[SEP][CLS]chondrosarcoma","1"
"Neuronitis[SEP][CLS]pseudohypoparathyroidism","0"
"Childhood Ovarian Mature Teratoma[SEP][CLS]carcinoma","0"
"Extrahepatic Bile Duct Papillary Adenoma[SEP][CLS]hypertension","0"
"Adult Cerebellar Neoplasm[SEP][CLS]personality disorder","0"
"Breast Apocrine Carcinoma[SEP][CLS]breast sarcoma","0"
"Chronic Rhinitis[SEP][CLS]lymphatic system cancer","0"
"Sarcomatoid Intrahepatic Cholangiocarcinoma[SEP][CLS]hypertension","0"
"Acute Pyelonephritis[SEP][CLS]panuveitis","0"
"Hypertropia[SEP][CLS]eye disease","0"
"Cranial Nerve IV Palsy[SEP][CLS]endometrial adenocarcinoma","0"
"Herpetic Whitlow[SEP][CLS]opportunistic mycosis","0"
"Mesenchymal Chondrosarcoma[SEP][CLS]malignant astrocytoma","0"
"Cranial Nerve VII Palsy[SEP][CLS]primary cutaneous T-cell non-Hodgkin lymphoma","0"
"PEComa[SEP][CLS]perivascular tumor","1"
"Subacute Glomerulonephritis[SEP][CLS]splenic manifestation of leukemia","0"
"Interstitial Myositis[SEP][CLS]motor neuron disease","0"
"Sebaceous Adenoma[SEP][CLS]pleural empyema","0"
"Multicentric Thyroid Gland Papillary Carcinoma[SEP][CLS]syndrome","0"
"Sarcomatoid Renal Cell Carcinoma[SEP][CLS]impulse control disorder","0"
"Acute Tubular Necrosis[SEP][CLS]prion disease","0"
"Anal Canal Neuroendocrine Neoplasm[SEP][CLS]ovarian serous adenofibroma","0"
"Tooth and Nail Syndrome[SEP][CLS]IDH-mutant anaplastic astrocytoma","0"
"Blastic Plasmacytoid Dendritic Cell Neoplasm[SEP][CLS]acute leukemia","1"
"T-Cell Non-Hodgkin Lymphoma[SEP][CLS]non-Hodgkin lymphoma","1"
"Minimally Invasive Lung Adenocarcinoma[SEP][CLS]neuropathy","0"
"Primary Hyperoxaluria Type II[SEP][CLS]ureteral disease","0"
"Appendicitis[SEP][CLS]breast fibroadenoma","0"
"Parathyroid Gland Mixed Cell Type Adenoma[SEP][CLS]lung non-small cell carcinoma","0"
"Oligohydramnios[SEP][CLS]ovarian carcinoma","0"
"Testicular Seminoma, Tubular Variant[SEP][CLS]lipomatosis","0"
"Hydronephrosis[SEP][CLS]breast carcinoma","0"
"Pituitary Gland Chromophobe Adenoma[SEP][CLS]autism spectrum disorder","0"
"Keratinizing Squamous Cell Carcinoma[SEP][CLS]IDH-mutant anaplastic astrocytoma","0"
"Alcoholic Polyneuropathy[SEP][CLS]demyelinating disease","0"
"Ovarian Polyembryoma[SEP][CLS]disease","0"
"Pyloric Stenosis[SEP][CLS]diencephalic neoplasm","0"
"Nervous System Disorder[SEP][CLS]thyroid sarcoma","0"
"Internal Auditory Canal Meningioma[SEP][CLS]synovial sarcoma","0"
"Alzheimer's Disease[SEP][CLS]vulva squamous cell carcinoma","0"
"Malignant Soft Palate Neoplasm[SEP][CLS]oral cavity cancer","1"
"Nodular Fasciitis[SEP][CLS]lymphadenitis","0"
"Vulvar Granular Cell Tumor[SEP][CLS]vulvar benign neoplasm","1"
"Keratinizing Squamous Cell Carcinoma[SEP][CLS]central nervous system mesenchymal non-meningothelial tumor","0"
"Focal Epithelial Hyperplasia[SEP][CLS]hypothalamic disease","0"
"Mediastinal Rhabdomyosarcoma[SEP][CLS]cervix disease","0"
"Nevoid Basal Cell Carcinoma Syndrome[SEP][CLS]synovial sarcoma","0"
"Atrial Fibrillation[SEP][CLS]cholangitis","0"
"Adult Medulloblastoma[SEP][CLS]strabismus","0"
"Ovarian Germ Cell Tumor[SEP][CLS]mucopolysaccharidosis","0"
"Anal Margin Basal Cell Carcinoma[SEP][CLS]gastrointestinal allergy","0"
"Melorheostosis[SEP][CLS]malignant choroid melanoma","0"
"Complex Regional Pain Syndrome I[SEP][CLS]squamous cell carcinoma","0"
"Mucopolysaccharidosis[SEP][CLS]bile duct adenoma","0"
"Breast Microglandular Adenosis[SEP][CLS]microglandular adenosis","1"
"Blastic Plasmacytoid Dendritic Cell Neoplasm[SEP][CLS]testicular germ cell cancer","0"
"Pineal Region Germinoma[SEP][CLS]malignant pineal area germ cell neoplasm","1"
"EWSR1-Negative Small Round Cell Tumor[SEP][CLS]small cell sarcoma","1"
"Chronic Toxic Polyneuropathy[SEP][CLS]xanthomatosis","0"
"Epithelioid Cell Melanoma[SEP][CLS]urea cycle disorder","0"
"Conn Syndrome[SEP][CLS]heart lipoma","0"
"Diabetes Mellitus[SEP][CLS]intestinal benign neoplasm","0"
"Spindle Cell Hemangioma[SEP][CLS]retinal artery occlusion","0"
"Dengue Fever[SEP][CLS]syndrome","0"
"Lipid-Rich Carcinoma[SEP][CLS]uveal disease","0"
"Cervical Mucinous Adenocarcinoma, Intestinal-Type[SEP][CLS]breast adenocarcinoma","0"
"Multiple Mucosal Neuromas[SEP][CLS]central nervous system embryonal tumor","0"
"Mental Retardation[SEP][CLS]chronic pyelonephritis","0"
"Orbit Hemangioma[SEP][CLS]lymphatic system disease","0"
"Retinitis[SEP][CLS]male reproductive organ benign neoplasm","0"
"Malignant Uvula Neoplasm[SEP][CLS]leiomyosarcoma","0"
"Waardenburg Syndrome Type 1[SEP][CLS]hair disease","0"
"Albright Hereditary Osteodystrophy without Multiple Hormone Resistance[SEP][CLS]central nervous system germinoma","0"
"MELAS Syndrome[SEP][CLS]GM2 gangliosidosis","0"
"Tertiary Syphilis[SEP][CLS]cervix disease","0"
"Photokeratitis[SEP][CLS]vulva squamous cell carcinoma","0"
"Lip Disorder[SEP][CLS]gastric teratoma","0"
"Large Cell Medulloblastoma[SEP][CLS]ovarian germ cell cancer","0"
"Myxoid Leiomyosarcoma[SEP][CLS]skin carcinoma","0"
"Thymic Sarcomatoid Carcinoma[SEP][CLS]mesenchymal cell neoplasm","0"
"Chronic Conjunctivitis[SEP][CLS]tuberculosis","0"
"Hypertensive Encephalopathy[SEP][CLS]intracranial hypertension","1"
"Corneal Abscess[SEP][CLS]cervix carcinoma","0"
"Acute Diffuse Glomerulonephritis[SEP][CLS]stomach disease","0"
"Paroxysmal Nocturnal Hemoglobinuria[SEP][CLS]jaw cancer","0"
"Vivax Malaria[SEP][CLS]malaria","1"
"Multifocal Osteosarcoma[SEP][CLS]lung cancer","0"
"Orbit Rhabdomyosarcoma[SEP][CLS]thyroid gland disease","0"
"Bone Angiosarcoma[SEP][CLS]malignant teratoma","0"
"Posterior Foramen Magnum Meningioma[SEP][CLS]liposarcoma","0"
"Glomeruloid Hemangioma[SEP][CLS]dental pulp disease","0"
"Esophageal Adenoid Cystic Carcinoma[SEP][CLS]viral infectious disease","0"
"Skin Signet Ring Cell Basal Cell Carcinoma[SEP][CLS]skin glomangioma","0"
"Epidemic Keratoconjunctivitis[SEP][CLS]testicular yolk sac tumor","0"
"Prostate Adenoid Cystic Carcinoma[SEP][CLS]pulmonary blastoma","0"
"Multicentric Castleman Disease[SEP][CLS]systemic scleroderma","0"
"Peripheral Sensory Neuropathy[SEP][CLS]basal cell carcinoma","0"
"Angioleiomyoma[SEP][CLS]palmoplantar keratosis","0"
"Motion Sickness[SEP][CLS]eccrine sweat gland cancer","0"
"Ischemia[SEP][CLS]vascular disease","1"
"Narcissistic Personality Disorder[SEP][CLS]autism spectrum disorder","0"
"Breast Adenosis[SEP][CLS]neurodegenerative disease","0"
"Pedophilia[SEP][CLS]amino acid metabolic disorder","0"
"Post-Streptococcal Glomerulonephritis[SEP][CLS]glomerulonephritis","1"
"Infiltrating Angiolipoma[SEP][CLS]angiolipoma","1"
"Cellular Ependymoma[SEP][CLS]lymph node benign neoplasm","0"
"Pineal Region Germinoma[SEP][CLS]hairy cell leukemia","0"
"Prostate Acinar Signet Ring Cell-Like Adenocarcinoma[SEP][CLS]upper respiratory tract disease","0"
"Gynecomastia[SEP][CLS]cerebral arterial disease","0"
"Uterine Disorder[SEP][CLS]melancholic depression","0"
"Angioma Serpiginosum[SEP][CLS]acute proliferative glomerulonephritis","0"
"Laryngeal Leiomyosarcoma[SEP][CLS]intrinsic cardiomyopathy","0"
"Systemic Mastocytosis[SEP][CLS]epidermolysis bullosa","0"
"Meningitis[SEP][CLS]breast carcinoma","0"
"Hypogonadotropic Hypogonadism with Anosmia[SEP][CLS]prostate carcinoma","0"
"Sympathetic Schwannoma[SEP][CLS]urinary tract papillary transitional cell benign neoplasm","0"
"Klippel-Trenaunay-Weber Syndrome[SEP][CLS]syndrome","1"
"Pityriasis Rubra Pilaris[SEP][CLS]urinary system disease","0"
"Extraskeletal Ewing Sarcoma/Peripheral Primitive Neuroectodermal Tumor[SEP][CLS]sigmoid neoplasm","0"
"Caroli Disease[SEP][CLS]anal squamous cell carcinoma","0"
"Lipoma-Like Atypical Lipomatous Tumor/Well Differentiated Liposarcoma[SEP][CLS]bone benign neoplasm","0"
"Specific Phobia[SEP][CLS]pulmonary valve disease","0"
"Lung Hilum Neoplasm[SEP][CLS]acute myeloid leukemia","0"
"Ureter Abscess[SEP][CLS]pineal region teratoma","0"
"Ataxia Telangiectasia Syndrome[SEP][CLS]liposarcoma","0"
"Papillary Ependymoma[SEP][CLS]laryngeal carcinoma","0"
"Mucinous Adenofibroma[SEP][CLS]brain cancer","0"
"Middle Ear Polyp[SEP][CLS]mitochondrial encephalomyopathy","0"
"Tuberculum Sellae Meningioma[SEP][CLS]neonatal period electroclinical syndrome","0"
"Uterine Ligament Neoplasm[SEP][CLS]pre-malignant neoplasm","0"
"Galactokinase Deficiency[SEP][CLS]uveitis","0"
"Prolymphocytic Leukemia[SEP][CLS]small intestine cancer","0"
"Angioma Serpiginosum[SEP][CLS]skin hemangioma","1"
"Epiphora[SEP][CLS]impulse control disorder","0"
"Neuroma[SEP][CLS]hair follicle neoplasm","0"
"Trochlear Nerve Neoplasm[SEP][CLS]urethra cancer","0"
"Mycetoma[SEP][CLS]parasitic helminthiasis infectious disease","0"
"Vaginal Squamous Neoplasm[SEP][CLS]thrombocytopenia","0"
"Hypoglycemia[SEP][CLS]malignant astrocytoma","0"
"Complex Regional Pain Syndrome I[SEP][CLS]complex regional pain syndrome","1"
"Hereditary Elliptocytosis[SEP][CLS]neuropathy","0"
"Encapsulated Thymoma[SEP][CLS]sella turcica neoplasm","0"
"Adult Choroid Plexus Neoplasm[SEP][CLS]malignant ovarian surface epithelial-stromal neoplasm","0"
"Sacral Intraspinal Meningioma[SEP][CLS]ovarian germ cell teratoma","0"
"Conjunctivitis[SEP][CLS]gastrointestinal allergy","0"
"Multiple Acyl-CoA Dehydrogenase Deficiency[SEP][CLS]cholangitis","0"
"Lymphangitis[SEP][CLS]central nervous system melanocytic neoplasm","0"
"Breast Extraskeletal Osteosarcoma[SEP][CLS]disease","0"
"Postpartum Depression[SEP][CLS]extraskeletal myxoid chondrosarcoma","0"
"Microsporidiosis[SEP][CLS]gastritis","0"
"Polycystic Ovary Syndrome[SEP][CLS]histiocytoma","0"
"Pleural Solitary Fibrous Tumor[SEP][CLS]penis squamous cell carcinoma","0"
"Penile Mixed Squamous Cell Carcinoma[SEP][CLS]acquired metabolic disease","0"
"Cleft Palate[SEP][CLS]orofacial cleft","1"
"Spindle Cell Lipoma[SEP][CLS]spinal cord ependymoma","0"
"Nodular Sclerosis Classic Hodgkin Lymphoma[SEP][CLS]Hodgkin's lymphoma","1"
"Malignant Smooth Muscle Neoplasm[SEP][CLS]choroid disease","0"
"Papillary Carcinoma[SEP][CLS]nephroblastoma","0"
"Angiolipoma[SEP][CLS]hyperpituitarism","0"
"Endocervicitis[SEP][CLS]cervicitis","1"
"Deep Hemangioma[SEP][CLS]lung cancer","0"
"Facial Hemiatrophy[SEP][CLS]adolescence-adult electroclinical syndrome","0"
"Adenocarcinoma In Situ[SEP][CLS]gonadal dysgenesis","0"
"Osteochondrosis[SEP][CLS]intestinal disease","0"
"Childhood Embryonal Tumor with Multilayered Rosettes, C19MC-Altered[SEP][CLS]lung non-small cell carcinoma","0"
"Preeclampsia[SEP][CLS]meningioma","0"
"Benign Mediastinal Schwannoma[SEP][CLS]sweat gland benign neoplasm","0"
"Vaginal Mullerian Papilloma[SEP][CLS]testicular yolk sac tumor","0"
"Pineal Region Choriocarcinoma[SEP][CLS]endometritis","0"
"Acute Diffuse Glomerulonephritis[SEP][CLS]diffuse glomerulonephritis","1"
"Migraine With Aura[SEP][CLS]peripheral nervous system disease","0"
"Transitional Cell Papilloma[SEP][CLS]pancreatic carcinoma","0"
"Uveitis[SEP][CLS]adenoma","0"
"Complex Regional Pain Syndrome II[SEP][CLS]pilocytic astrocytoma","0"
"Aniridia[SEP][CLS]childhood electroclinical syndrome","0"
"Cystitis Glandularis[SEP][CLS]stomach cancer","0"
"Bartholin Gland Adenosquamous Carcinoma[SEP][CLS]Bartholin's gland carcinoma","1"
"Autonomic Neuropathy[SEP][CLS]peritoneal benign neoplasm","0"
"Placenta Accreta[SEP][CLS]lymphatic system disease","0"
"Reticulosarcoma[SEP][CLS]cardiovascular organ benign neoplasm","0"
"Paralytic Ileus[SEP][CLS]kidney disease","0"
"Gastritis[SEP][CLS]testis seminoma","0"
"Childhood Acute Myeloid Leukemia[SEP][CLS]melancholic depression","0"
"Primary Lateral Sclerosis[SEP][CLS]chondrosarcoma","0"
"Myxoid Liposarcoma[SEP][CLS]dermatitis","0"
"Cervical Mucinous Adenocarcinoma, Intestinal-Type[SEP][CLS]facial nerve disease","0"
"Epidermolysis Bullosa Simplex[SEP][CLS]spinal cancer","0"
"Posterior Urethral Malignant Neoplasm[SEP][CLS]female urethral cancer","1"
"Burning Mouth Syndrome[SEP][CLS]urinary system disease","0"
"Complete Trisomy 18 Syndrome[SEP][CLS]central nervous system embryonal tumor","0"
"Speech Disorder[SEP][CLS]stomach carcinoma","0"
"Pneumonia[SEP][CLS]gastrointestinal system disease","0"
"Peritoneal Solitary Fibrous Tumor[SEP][CLS]Joubert syndrome","0"
"Central Nervous System Tumor with BCOR Internal Tandem Duplication[SEP][CLS]rectum cancer","0"
"Gallbladder Small Cell Neuroendocrine Carcinoma[SEP][CLS]endocrine system disease","0"
"Non-Invasive Urothelial Neoplasm[SEP][CLS]ductal carcinoma in situ","0"
"Periosteal Osteosarcoma[SEP][CLS]peripheral osteosarcoma","1"
"Chondroid Syringoma[SEP][CLS]eccrine sweat gland neoplasm","1"
"Papillary Adenocarcinoma[SEP][CLS]thyroid gland disease","0"
"Placental Site Trophoblastic Tumor[SEP][CLS]breast adenocarcinoma","0"
"Frontal Lobe Neoplasm[SEP][CLS]spinal canal and spinal cord meningioma","0"
"Granulomatous Endometritis[SEP][CLS]medulloblastoma non-WNT/non-SHH","0"
"Fibrous Meningioma[SEP][CLS]rhinitis","0"
"Gastric Antral Vascular Ectasia[SEP][CLS]dissociative disorder","0"
"Constrictive Pericarditis[SEP][CLS]breast adenocarcinoma","0"
"Interstitial Cystitis[SEP][CLS]thymic carcinoma","0"
"Diabetic Ketoacidosis[SEP][CLS]metabolic acidosis","1"
"Posterior Foramen Magnum Meningioma[SEP][CLS]lung carcinoma","0"
"Multiple Intraspinal Meningiomas[SEP][CLS]spinal canal and spinal cord meningioma","1"
"Mesothelioma[SEP][CLS]otitis media","0"
"Childhood Central Nervous System Germ Cell Tumor[SEP][CLS]central nervous system germ cell tumor","1"
"Central Nervous System Tumor with BCOR Internal Tandem Duplication[SEP][CLS]heart lipoma","0"
"Follicular Dendritic Cell Sarcoma[SEP][CLS]renal cell carcinoma","0"
"Pleuropulmonary Blastoma[SEP][CLS]connective tissue disease","0"
"Extraocular Retinoblastoma[SEP][CLS]vulva adenocarcinoma","0"
"Cryoglobulinemia[SEP][CLS]urea cycle disorder","0"
"Breast Disorder[SEP][CLS]thoracic disease","1"
"Small Intestinal L-Cell Glucagon-Like Peptide-Producing Neuroendocrine Tumor[SEP][CLS]urinary bladder cancer","0"
"Brain Liposarcoma[SEP][CLS]liposarcoma","1"
"Hyperlipoproteinemia, Type II[SEP][CLS]angiokeratoma","0"
"Long QT Syndrome[SEP][CLS]parasitic protozoa infectious disease","0"
"Breast Mucinous Carcinoma[SEP][CLS]male reproductive organ benign neoplasm","0"
"Acute Alcoholic Hepatitis[SEP][CLS]hepatitis","1"
"Meconium Aspiration Syndrome[SEP][CLS]lung disease","1"
"Bartholin Gland Small Cell Neuroendocrine Carcinoma[SEP][CLS]type 2 diabetes mellitus","0"
"Vulvar Alveolar Soft Part Sarcoma[SEP][CLS]malignant ovarian surface epithelial-stromal neoplasm","0"
"Myxopapillary Ependymoma[SEP][CLS]cervical carcinosarcoma","0"
"Huntington's Disease[SEP][CLS]auditory system disease","0"
"Uveal Intermediate Cell Type Melanoma[SEP][CLS]nerve compression syndrome","0"
"Mucoepidermoid Carcinoma[SEP][CLS]sarcoidosis","0"
"Nicotine Dependence[SEP][CLS]motor neuritis","0"
"Neurogenic Bladder[SEP][CLS]hypersensitivity reaction type IV disease","0"
"Wolfram Syndrome[SEP][CLS]intestinal benign neoplasm","0"
"Premature Ejaculation[SEP][CLS]notochordal cancer","0"
"Brucellosis[SEP][CLS]hypersensitivity reaction type IV disease","0"
"Hypertropia[SEP][CLS]vagina botryoid rhabdomyosarcoma","0"
"Achenbach Syndrome[SEP][CLS]central nervous system embryonal tumor","0"
"Cardiac Neurofibroma[SEP][CLS]lipoma","0"
"Bursitis[SEP][CLS]plasmacytoma","0"
"Addison's Disease[SEP][CLS]motor neuron disease","0"
"Medulloblastoma with Extensive Nodularity[SEP][CLS]intestinal disease","0"
"Pyruvate Dehydrogenase Deficiency[SEP][CLS]carbohydrate metabolic disorder","1"
"Eosinophilic Gastroenteritis[SEP][CLS]nipple carcinoma","0"
"Verrucous Lesion[SEP][CLS]auditory system disease","0"
"Parasagittal Meningioma[SEP][CLS]glomerulonephritis","0"
"Bladder Enteric Type Adenocarcinoma[SEP][CLS]adult brain stem glioma","0"
"Dermatophytosis[SEP][CLS]sella turcica neoplasm","0"
"Eosinophilic Variant of Chromophobe Renal Cell Carcinoma[SEP][CLS]viral infectious disease","0"
"Diabetic Ketoacidosis[SEP][CLS]ureter carcinoma","0"
"Exocervical Carcinoma[SEP][CLS]cervix carcinoma","1"
"Mixed Germ Cell-Sex Cord-Stromal Tumor[SEP][CLS]mixed cell type cancer","1"
"Head and Neck Neoplasm[SEP][CLS]neuropathy","0"
"Botulism[SEP][CLS]lymphedema","0"
"Breast Microglandular Adenosis[SEP][CLS]urinary tract obstruction","0"
"CREST Syndrome[SEP][CLS]malignant mesothelioma","0"
"Breast Mucinous Cystadenocarcinoma[SEP][CLS]infratentorial cancer","0"
"Fallopian Tube Mucinous Neoplasm[SEP][CLS]breast sarcoma","0"
"Fredrickson Type V Lipidemia[SEP][CLS]impulse control disorder","0"
"Lung Abscess[SEP][CLS]malignant ovarian surface epithelial-stromal neoplasm","0"
"Bladder Hepatoid Adenocarcinoma[SEP][CLS]vulva cancer","0"
"Eosinophilic Esophagitis[SEP][CLS]invasive bladder transitional cell carcinoma","0"
"Partial Retinal Arterial Occlusion[SEP][CLS]central nervous system melanocytic neoplasm","0"
"Rosette-Forming Glioneuronal Tumor[SEP][CLS]esophageal disease","0"
"Ovarian Polyembryoma[SEP][CLS]glucose metabolism disease","0"
"Diabetic Neuropathy[SEP][CLS]vasculitis","0"
"Core Binding Factor Acute Myeloid Leukemia[SEP][CLS]acute myeloid leukemia","1"
"Pineoblastoma[SEP][CLS]movement disease","0"
"Pancreatic Mucinous Cystadenocarcinoma[SEP][CLS]phosphorus metabolism disease","0"
"Acute Myocardial Infarction[SEP][CLS]cerebral degeneration","0"
"Malignant Synovial Neoplasm[SEP][CLS]osteosarcoma","0"
"Testicular Seminoma, Pseudoglandular Variant[SEP][CLS]testis seminoma","1"
"Spinal Muscular Atrophy[SEP][CLS]histiocytic and dendritic cell cancer","0"
"Anaplastic Astrocytoma[SEP][CLS]malignant astrocytoma","1"
"Embryonal Tumor with Multilayered Rosettes, C19MC-Altered[SEP][CLS]germ cell cancer","0"
"Indolent Multiple Myeloma[SEP][CLS]syndrome","0"
"Epithelioid Cell Melanoma[SEP][CLS]melanoma","1"
"Chordoma[SEP][CLS]rhabdomyosarcoma","0"
"Subacute Glomerulonephritis[SEP][CLS]testicular yolk sac tumor","0"
"Diffuse Large B-Cell Lymphoma Germinal Center B-Cell Type[SEP][CLS]lymphatic system disease","0"
"Cavernous Hemangioma[SEP][CLS]vaginal discharge","0"
"Breast Fibrocystic Change, Non-Proliferative Type[SEP][CLS]leukemia","0"
"Hereditary Fallopian Tube Carcinoma[SEP][CLS]embryonal tumor with multilayered rosettes, C19MC-altered","0"
"Epidermolysis Bullosa Simplex[SEP][CLS]bile duct carcinoma","0"
"Middle Ear Disorder[SEP][CLS]auditory system disease","1"
"Patent Ductus Arteriosus[SEP][CLS]congenital heart disease","1"
"Neuroleptic Malignant Syndrome[SEP][CLS]neonatal anemia","0"
"Paget Disease[SEP][CLS]tic disorder","0"
"Ciliary Motility Defect[SEP][CLS]meningitis","0"
"Dedifferentiated Liposarcoma[SEP][CLS]liposarcoma","1"
"Breast Angiosarcoma[SEP][CLS]tibial neuropathy","0"
"B Lymphoblastic Leukemia/Lymphoma[SEP][CLS]rectum squamous cell carcinoma","0"
"Unstable Angina[SEP][CLS]coronary artery disease","1"
"Spindle Cell Rhabdomyosarcoma[SEP][CLS]sleep disorder","0"
"Hypopyon[SEP][CLS]nephrosis","0"
"Anaplastic Astrocytoma[SEP][CLS]renal adenoma","0"
"Nodular Goiter[SEP][CLS]autosomal dominant distal hereditary motor neuronopathy","0"
"Muir-Torre Syndrome[SEP][CLS]Lynch syndrome","1"
"Posterior Fossa Meningioma[SEP][CLS]adenocarcinoma","0"
"Adult Lymphoma[SEP][CLS]lymphoma","1"
"Bladder Tubulo-Cystic Clear Cell Adenocarcinoma[SEP][CLS]adenomyoma","0"
"Vagus Nerve Disorder[SEP][CLS]syndrome","0"
"Anal Canal Neuroendocrine Neoplasm[SEP][CLS]hair follicle neoplasm","0"
"Familial Dysautonomia[SEP][CLS]nephritis","0"
"Hepatocellular Carcinoma[SEP][CLS]kidney benign neoplasm","0"
"Adult Cystic Nephroma[SEP][CLS]chronic leukemia","0"
"Nephrocalcinosis[SEP][CLS]mixed glioma","0"
"Testicular Yolk Sac Tumor, Macrocystic Pattern[SEP][CLS]stomach cancer","0"
"Bladder Small Cell Neuroendocrine Carcinoma[SEP][CLS]ichthyosis","0"
"Acute Myeloid Leukemia with RUNX1 Mutation[SEP][CLS]brain germinoma","0"
"Castleman Disease[SEP][CLS]artery disease","0"
"Congenital Pure Red Cell Aplasia[SEP][CLS]skin squamous cell carcinoma","0"
"Radiation Cystitis[SEP][CLS]apocrine sweat gland neoplasm","0"
"Visual Cortex Disorder[SEP][CLS]hemoglobinopathy","0"
"Thymic Small Cell Neuroendocrine Carcinoma[SEP][CLS]cutaneous mastocytosis","0"
"Papillary Ependymoma[SEP][CLS]synovitis","0"
"Epidermolytic Acanthoma[SEP][CLS]sweat gland benign neoplasm","0"
"Erectile Dysfunction[SEP][CLS]bone inflammation disease","0"
"Ureter Urothelial Papilloma[SEP][CLS]gingival overgrowth","0"
"Spinal Meningioma[SEP][CLS]osteosclerosis","0"
"Solitary Plasmacytoma of Bone[SEP][CLS]skin disease","0"
"Chondroid Lipoma[SEP][CLS]osteochondrodysplasia","0"
"Heroin Dependence[SEP][CLS]spinal canal and spinal cord meningioma","0"
"Adrenocortical Insufficiency[SEP][CLS]endometrial adenocarcinoma","0"
"Adult Medulloblastoma[SEP][CLS]communication disorder","0"
"Interdigitating Dendritic Cell Sarcoma[SEP][CLS]connective tissue cancer","0"
"Liver Rhabdomyosarcoma[SEP][CLS]cystadenocarcinoma","0"
"Atypical Spitz Nevus[SEP][CLS]connective tissue disease","0"
"Benign Exocrine Pancreas Neoplasm[SEP][CLS]meningioma","0"
"Thyroid Gland Mucoepidermoid Carcinoma[SEP][CLS]eating disorder","0"
"Congenital Cortical Hyperostosis[SEP][CLS]trypanosomiasis","0"
"Ventricular Septal Defect[SEP][CLS]acute promyelocytic leukemia","0"
"Conventional Leiomyosarcoma[SEP][CLS]basal cell carcinoma","0"
"Legionella Pneumonia[SEP][CLS]acanthoma","0"
"Lissencephaly[SEP][CLS]meningioma","0"
"Marburg Virus Disease[SEP][CLS]substance-related disorder","0"
"Galactocele[SEP][CLS]vitreous disease","0"
"Tricuspid Valve Stenosis[SEP][CLS]carotid artery disease","0"
"Gynatresia[SEP][CLS]high grade ependymoma","0"
"Brain Sarcoma[SEP][CLS]Usher syndrome","0"
"Hemoglobinopathy[SEP][CLS]bone development disease","0"
"Labia Minora Carcinoma[SEP][CLS]dermatophytosis","0"
"Intraventricular Meningioma[SEP][CLS]breast squamous cell carcinoma","0"
"Achondroplasia[SEP][CLS]spinal cord ependymoma","0"
"Supratentorial Ependymoma YAP1 Fusion-Positive[SEP][CLS]renal pelvis transitional cell carcinoma","0"
"Cleft Palate[SEP][CLS]brain stem glioma","0"
"Ectomesenchymoma[SEP][CLS]lymphatic system disease","0"
"Undifferentiated Pleomorphic Sarcoma[SEP][CLS]T-cell acute lymphoblastic leukemia","0"
"Bowel Obstruction[SEP][CLS]calcinosis","0"
"Glomeruloid Hemangioma[SEP][CLS]ovarian cystadenoma","0"
"Synovial Sarcoma[SEP][CLS]cell type benign neoplasm","0"
"Mixed Epithelial and Mesenchymal Hepatoblastoma[SEP][CLS]alopecia","0"
"Hepatoblastoma[SEP][CLS]vulva squamous cell carcinoma","0"
"Bartholin Gland Cyst[SEP][CLS]glossopharyngeal nerve disease","0"
"Hyperlipoproteinemia, Type IIb[SEP][CLS]parasitic protozoa infectious disease","0"
"Lung Non-Squamous Non-Small Cell Carcinoma[SEP][CLS]lung non-small cell carcinoma","1"
"Propionic Acidemia[SEP][CLS]myopathy","0"
"Bartholin Gland Adenosquamous Carcinoma[SEP][CLS]vulvar squamous papilloma","0"
"Hemoglobin D Disease[SEP][CLS]substance-related disorder","0"
"Breast Lipid-Rich Carcinoma[SEP][CLS]acute myeloid leukemia","0"
"Subacute Bacterial Endocarditis[SEP][CLS]anemia","0"
"Urachal Urothelial Carcinoma[SEP][CLS]syndrome","0"
"Sebaceous Carcinoma[SEP][CLS]lung large cell carcinoma","0"
"Childhood Central Nervous System Germ Cell Tumor[SEP][CLS]physical disorder","0"
"Pure Red Cell Aplasia[SEP][CLS]viral infectious disease","0"
"Verrucous Carcinoma[SEP][CLS]squamous cell carcinoma","1"
"Glycogen Storage Disease[SEP][CLS]respiratory failure","0"
"Primary Ovarian Failure[SEP][CLS]invasive bladder transitional cell carcinoma","0"
"Essential Thrombocythemia[SEP][CLS]glioblastoma","0"
"Phenylketonuria[SEP][CLS]secondary Parkinson disease","0"
"Anterior Cranial Fossa Meningioma[SEP][CLS]clivus chordoma","0"
"Breast Intraductal Papillary Neoplasm[SEP][CLS]cutaneous mycosis","0"
"Periosteal Chondrosarcoma[SEP][CLS]synovial sarcoma","0"
"Intracranial Abscess[SEP][CLS]breast sarcoma","0"
"Breast Large Cell Neuroendocrine Carcinoma[SEP][CLS]syndrome","0"
"Childhood Extraskeletal Osteosarcoma[SEP][CLS]islet cell tumor","0"
"Occult Lung Small Cell Carcinoma[SEP][CLS]bone remodeling disease","0"
"Adult Embryonal Tumor with Multilayered Rosettes, C19MC-Altered[SEP][CLS]diencephalic neoplasm","0"
"Thymus Disorder[SEP][CLS]opportunistic bacterial infectious disease","0"
"Malignant Oropharyngeal Neoplasm[SEP][CLS]disease","0"
"Klippel-Trenaunay-Weber Syndrome[SEP][CLS]anxiety disorder","0"
"Empty Sella Syndrome[SEP][CLS]pneumoconiosis","0"
"Intrahepatic Cholestasis[SEP][CLS]oral cavity cancer","0"
"Cholecystitis[SEP][CLS]cholangitis","1"
"Deep Leiomyoma[SEP][CLS]urea cycle disorder","0"
"Laryngeal Verrucous Carcinoma[SEP][CLS]autoimmune disease of endocrine system","0"
"Subendocardial Myocardial Infarction by ECG Finding[SEP][CLS]nerve plexus neoplasm","0"
"Lacrimal Duct Obstruction[SEP][CLS]liver cancer","0"
"Hepatic Encephalopathy[SEP][CLS]acute myeloid leukemia","0"
"Granulomatous Dermatitis[SEP][CLS]skin squamous cell carcinoma","0"
"Breast Lobular Carcinoma[SEP][CLS]osteochondrodysplasia","0"
"Pancreatic Gastrin-Producing Neuroendocrine Tumor[SEP][CLS]cerebellar disease","0"
"Bartholin Gland Small Cell Neuroendocrine Carcinoma[SEP][CLS]allergic conjunctivitis","0"
"Osteitis Fibrosa Cystica[SEP][CLS]ocular motility disease","0"
"Upper Clivus Meningioma[SEP][CLS]cerebral meningioma","0"
"Breast Mucinous Carcinoma[SEP][CLS]interstitial lung disease","0"
"Malignant Hard Palate Neoplasm[SEP][CLS]oral cavity cancer","1"
"Keratoconus[SEP][CLS]corneal disease","1"
"Degenerative Disorder[SEP][CLS]subglottis squamous cell carcinoma","0"
"Angiokeratoma of Fordyce[SEP][CLS]breast disease","0"
"Cemento-Ossifying Fibroma[SEP][CLS]malignant peripheral nerve sheath tumor","0"
"Lens Subluxation[SEP][CLS]conjunctivitis","0"
"Breast Ductal Adenoma[SEP][CLS]nutritional deficiency disease","0"
"Meningothelial Meningioma[SEP][CLS]goiter","0"
"Granulomatous Endometritis[SEP][CLS]penile disease","0"
"Lecithin Acyltransferase Deficiency[SEP][CLS]Bartholin's gland disease","0"
"Pure Red Cell Aplasia[SEP][CLS]pancreas disease","0"
"Legionellosis[SEP][CLS]focal dystonia","0"
"Benign Mucous Membrane Pemphigoid[SEP][CLS]extraosseous osteosarcoma","0"
"Giant Cell Tumor of Bone[SEP][CLS]liposarcoma","0"
"Metastatic Thyrotroph Pituitary Neuroendocrine Tumor[SEP][CLS]viral infectious disease","0"
"Louse-Borne Relapsing Fever[SEP][CLS]ovary sarcoma","0"
"Bile Duct Mucinous Cystic Neoplasm[SEP][CLS]pyoderma","0"
"Primary Parapharyngeal Meningioma[SEP][CLS]embryonal tumor with multilayered rosettes","0"
"Giant Cell Tumor[SEP][CLS]kidney disease","0"
"Infertility[SEP][CLS]lung adenocarcinoma","0"
"Myeloid Leukemia Associated with Down Syndrome[SEP][CLS]sinoatrial node disease","0"
"Toxic Shock Syndrome[SEP][CLS]dermis tumor","0"
"Malignant Ovarian Germ Cell Tumor[SEP][CLS]eye disease","0"
"Middle Ear Cholesterol Granuloma[SEP][CLS]gastrointestinal system disease","0"
"Osteosarcoma[SEP][CLS]trypanosomiasis","0"
"Infantile Refsum Disease[SEP][CLS]vagina botryoid rhabdomyosarcoma","0"
"Acquired Hemangioma[SEP][CLS]kidney disease","0"
"Giant Papillary Conjunctivitis[SEP][CLS]congenital heart disease","0"
"Immature Ovarian Teratoma[SEP][CLS]brain disease","0"
"Acute Salpingitis[SEP][CLS]female urethral cancer","0"
"Transient Retinal Arterial Occlusion[SEP][CLS]chronic lymphocytic leukemia","0"
"von Willebrand Disease[SEP][CLS]sarcoma","0"
"Pica Eating Disorder[SEP][CLS]supratentorial ependymoma","0"
"Polyneuropathy[SEP][CLS]testis sarcoma","0"
"Childhood Testicular Germ Cell Tumor[SEP][CLS]malignant mediastinal neurogenic neoplasm","0"
"Solitary Plasmacytoma of Bone[SEP][CLS]cystadenocarcinoma","0"
"Cerebral Atherosclerosis[SEP][CLS]atherosclerosis","1"
"Gynecomastia[SEP][CLS]parathyroid adenoma","0"
"Anaplastic Pleomorphic Xanthoastrocytoma[SEP][CLS]malignant astrocytoma","1"
"Dedifferentiated Liposarcoma[SEP][CLS]central nervous system benign neoplasm","0"
"Cribriform Carcinoma[SEP][CLS]eye disease","0"
"Childhood Pilocytic Astrocytoma[SEP][CLS]penis squamous cell carcinoma","0"
"Vaginal Tubulovillous Adenoma[SEP][CLS]vaginal adenoma","1"
"Fungal Infection[SEP][CLS]lipoma","0"
"Autoimmune Hepatitis with Centrilobular Necrosis[SEP][CLS]bone remodeling disease","0"
"Childhood Ovarian Yolk Sac Tumor[SEP][CLS]diabetic retinopathy","0"
"Cerebral Palsy[SEP][CLS]arthritis","0"
"Gonadotropin-Dependent Precocious Puberty[SEP][CLS]ovarian germ cell monodermal and highly specialized teratoma","0"
"Testicular Yolk Sac Tumor, Papillary Pattern[SEP][CLS]meningioma","0"
"Canker Sore[SEP][CLS]disease","0"
"Spiradenocarcinoma[SEP][CLS]nephroblastoma","0"
"Breast Sarcoma[SEP][CLS]gastroenteritis","0"
"PEComa[SEP][CLS]synovial sarcoma","0"
"Griscelli Syndrome Type 2[SEP][CLS]syphilis","0"
"Pleuropulmonary Blastoma[SEP][CLS]viral infectious disease","0"
"Vulvar Non-Keratinizing Squamous Cell Carcinoma[SEP][CLS]childhood testicular mixed germ cell tumor","0"
"Jervell and Lange Nielsen Syndrome[SEP][CLS]synovitis","0"
"Malignant Neoplasm of Lower Jaw Bone[SEP][CLS]sweat gland disease","0"
"Favus[SEP][CLS]optic nerve disease","0"
"Diabetic Vascular Disorder[SEP][CLS]ovarian embryonal carcinoma","0"
"Ciliary Body Melanoma[SEP][CLS]testicular germ cell cancer","0"
"Hypochromic Anemia[SEP][CLS]choriocarcinoma of the testis","0"
"Sebaceous Carcinoma[SEP][CLS]skull base meningioma","0"
"Ptosis[SEP][CLS]eye disease","1"
"Intradural Extramedullary Cauda Equina Astrocytoma[SEP][CLS]selective immunoglobulin deficiency disease","0"
"Encephalomalacia[SEP][CLS]syndrome","0"
"Malignant Cardiac Hemangiopericytoma[SEP][CLS]meningioma","0"
"Anorexia Nervosa[SEP][CLS]eating disorder","1"
"Ovarian Endometrioid Adenocarcinofibroma[SEP][CLS]cell type benign neoplasm","0"
"Vulvar Sebaceous Carcinoma[SEP][CLS]vulva carcinoma","1"
"Dermatophytosis of Groin and Perianal Area[SEP][CLS]breast adenocarcinoma","0"
"Thymus Disorder[SEP][CLS]keratosis","0"
"Ovarian Clear Cell Adenocarcinoma[SEP][CLS]breast myoepitheliosis","0"
"Malignant Dermal Neoplasm[SEP][CLS]normocytic anemia","0"
"Rift Valley Fever[SEP][CLS]balanitis","0"
"Intussusception[SEP][CLS]angiomyolipoma","0"
"Pernicious Anemia[SEP][CLS]syndrome","0"
"Hemangiopericytoma[SEP][CLS]hemangiopericytic tumor","1"
"Fallopian Tube Carcinosarcoma[SEP][CLS]intestinal disease","0"
"Diffuse Low Grade Glioma, MAPK Pathway-Altered[SEP][CLS]basal cell carcinoma","0"
"Uterine Corpus Epithelioid Leiomyoma[SEP][CLS]gonadal dysgenesis","0"
"Angle Closure Glaucoma[SEP][CLS]opportunistic mycosis","0"
"Pancreatic Neuroendocrine Carcinoma[SEP][CLS]autoimmune disease of endocrine system","0"
"Spinal Cord Astrocytoma[SEP][CLS]liposarcoma","0"
"Retroperitoneal Sarcoma[SEP][CLS]pituitary adenoma","0"
"Central Nervous System Leukemia[SEP][CLS]urethral disease","0"
"Pituicytoma[SEP][CLS]eating disorder","0"
"Fallopian Tube Adenosarcoma[SEP][CLS]hypertension","0"
"Extrahepatic Bile Duct Papillary Adenoma[SEP][CLS]teeth hard tissue disease","0"
"Villoglandular Endometrial Endometrioid Adenocarcinoma[SEP][CLS]endometrial adenocarcinoma","1"
"Gasserian Meningioma[SEP][CLS]endometrial disease","0"
"Deep Hemangioma[SEP][CLS]hemangioma","1"
"Ehlers-Danlos Syndrome, Type III[SEP][CLS]well-differentiated liposarcoma","0"
"Meningoencephalitis[SEP][CLS]bone osteosarcoma","0"
"Pityriasis Rosea[SEP][CLS]dermatitis","1"
"Intravascular Large B-Cell Lymphoma[SEP][CLS]benign mesothelioma","0"
"Beta-Mannosidosis[SEP][CLS]central nervous system disease","0"
"Bladder Verrucous Carcinoma[SEP][CLS]bladder squamous cell carcinoma","1"
"Colon Lymphangioma[SEP][CLS]glucose metabolism disease","0"
"Childhood Ovarian Dysgerminoma[SEP][CLS]sinusitis","0"
"Hyperkalemic Periodic Paralysis[SEP][CLS]pleural disease","0"
"Uterine Corpus Apoplectic Leiomyoma[SEP][CLS]eye disease","0"
"Clubfoot[SEP][CLS]syndrome","0"
"Gallbladder Disorder[SEP][CLS]acquired metabolic disease","0"
"Molluscum Contagiosum Virus Infection[SEP][CLS]intestinal disease","0"
"Thyroid Gland Papillary Carcinoma[SEP][CLS]central nervous system benign neoplasm","0"
"Immunodeficiency[SEP][CLS]bile duct adenocarcinoma","0"
"Pleomorphic Xanthoastrocytoma[SEP][CLS]medulloblastoma","0"
"Balanitis[SEP][CLS]mitochondrial encephalomyopathy","0"
"Childhood Visual Pathway Astrocytoma[SEP][CLS]dermatophytosis","0"
"Vulvar Porocarcinoma[SEP][CLS]fallopian tube disease","0"
"Benign Teratoma[SEP][CLS]adrenal cortex disease","0"
"Female Urethral Malignant Neoplasm[SEP][CLS]lipoma","0"
"Visual Cortex Disorder[SEP][CLS]mixed type thymoma","0"
"Chronic Monocytic Leukemia[SEP][CLS]stomach cancer","0"
"Aniridia[SEP][CLS]chronic orbital inflammation","0"
"Invasive Bladder Lymphoepithelioma-Like Carcinoma[SEP][CLS]central nervous system germinoma","0"
"Childhood Pleomorphic Rhabdomyosarcoma[SEP][CLS]nose disease","0"
"Malignant Breast Spiradenoma[SEP][CLS]psychotic disorder","0"
"Struma Ovarii[SEP][CLS]pemphigoid","0"
"Pacinian Neurofibroma[SEP][CLS]neurofibroma","1"
"Childhood Lymphoma[SEP][CLS]eye disease","0"
"Cervical Disc Degenerative Disorder[SEP][CLS]bone deterioration disease","1"
"Wolf-Hirschhorn Syndrome[SEP][CLS]chromosomal deletion syndrome","1"
"Wolffian Tumor[SEP][CLS]central nervous system disease","0"
"Agoraphobia[SEP][CLS]iris disease","0"
"Primary Hyperparathyroidism[SEP][CLS]glomerulonephritis","0"
"Chronic Tic Disorder[SEP][CLS]benign perivascular tumor","0"
"Chronic Lymphocytic Leukemia/Small Lymphocytic Lymphoma[SEP][CLS]paranasal sinus disease","0"
"Adrenocortical Insufficiency[SEP][CLS]adrenal cortex disease","1"
"Keratosis[SEP][CLS]amino acid metabolic disorder","0"
"Buruli Ulcer[SEP][CLS]extraosseous Ewing sarcoma","0"
"Rheumatologic Disorder[SEP][CLS]non-Langerhans-cell histiocytosis","0"
"Antibiotic-Associated Colitis[SEP][CLS]acute conjunctivitis","0"
"Sebaceous Gland Neoplasm[SEP][CLS]infratentorial cancer","0"
"Hypertensive Heart Disease[SEP][CLS]heart disease","1"
"Thyroid Gland Angiosarcoma[SEP][CLS]thyroid gland disease","0"
"Intermediate Uveitis[SEP][CLS]autosomal recessive cerebellar ataxia","0"
"Charcot-Marie-Tooth Disease[SEP][CLS]sphingolipidosis","0"
"Rete Ovarii Neoplasm[SEP][CLS]invasive bladder transitional cell carcinoma","0"
"Down Syndrome[SEP][CLS]uterine corpus sarcoma","0"
"Subacute Glomerulonephritis[SEP][CLS]glomerulonephritis","1"
"Werdnig-Hoffmann Disease[SEP][CLS]microscopic colitis","0"
"Extrahepatic Bile Duct Carcinoma[SEP][CLS]cholangiocarcinoma","1"
"Severe Combined Immunodeficiency[SEP][CLS]carcinoma","0"
"Mitochondrial Myopathy[SEP][CLS]skull base cancer","0"
"Breast Intraductal Papillary Neoplasm[SEP][CLS]connective tissue benign neoplasm","0"
"Prosopagnosia[SEP][CLS]agnosia","1"
"Occult Lung Adenocarcinoma[SEP][CLS]thyroid gland disease","0"
"Childhood Ovarian Germ Cell Tumor[SEP][CLS]penis carcinoma","0"
"Anterior Cranial Fossa Meningioma[SEP][CLS]meningioma","1"
"Paraphimosis[SEP][CLS]gastritis","0"
"Cervical Disorder[SEP][CLS]uterine disease","1"
"Mediastinal Liposarcoma[SEP][CLS]liposarcoma","1"
"Retrograde Amnesia[SEP][CLS]laryngeal benign neoplasm","0"
"Melanocytic Medulloblastoma[SEP][CLS]medulloblastoma","1"
"Glossopharyngeal Nerve Neoplasm[SEP][CLS]acute biphenotypic leukemia","0"
"Infective Arthritis[SEP][CLS]arthritis","1"
"Childhood Extraocular Retinoblastoma[SEP][CLS]extraocular retinoblastoma","1"
"Pineal Region Choriocarcinoma[SEP][CLS]sphenoidal sinus benign neoplasm","0"
"Pancreatic Serous Neoplasm[SEP][CLS]mast cell neoplasm","0"
"Superior Sulcus Lung Carcinoma[SEP][CLS]nephrosis","0"
"Bone Paget Disease[SEP][CLS]reactive cutaneous fibrous lesion","0"
"Testicular Yolk Sac Tumor, Microcystic Pattern[SEP][CLS]osteosarcoma","0"
"Angioedema[SEP][CLS]skin disease","1"
"Lipid-Rich Carcinoma[SEP][CLS]vascular disease","0"
"Small Intestinal Sarcoma[SEP][CLS]intestinal benign neoplasm","0"
"Aleukemic Leukemia[SEP][CLS]pseudosarcomatous fibromatosis","0"
"Liddle Syndrome[SEP][CLS]choroid plexus cancer","0"
"Childhood Extraocular Retinoblastoma[SEP][CLS]leiomyosarcoma","0"
"Invasive Bladder Microcystic Urothelial Carcinoma[SEP][CLS]muscle tissue disease","0"
"Atypical Spitz Nevus[SEP][CLS]neurilemmoma","0"
"Olfactory Neuroblastoma[SEP][CLS]medulloblastoma","0"
"Toxic Shock Syndrome[SEP][CLS]islet cell tumor","0"
"Cardiac Fibrosarcoma[SEP][CLS]sarcoidosis","0"
"Uric Acid Urolithiasis[SEP][CLS]retroperitoneal cancer","0"
"Idiopathic Crescentic Glomerulonephritis[SEP][CLS]bile duct cystadenoma","0"
"Hereditary Melanoma[SEP][CLS]vulvar benign neoplasm","0"
"Depersonalization Disorder[SEP][CLS]upper respiratory tract disease","0"
"Rosette-Forming Glioneuronal Tumor[SEP][CLS]benign giant cell tumor","0"
"Nasal Cavity Inverted Papilloma[SEP][CLS]sweat gland benign neoplasm","0"
"Oncocytic Adenoma[SEP][CLS]dermatitis","0"
"Autoimmune Polyendocrinopathy Syndrome[SEP][CLS]follicular adenoma","0"
"Fallopian Tube Clear Cell Adenocarcinoma[SEP][CLS]plasmacytoma","0"
"Mycosis Fungoides[SEP][CLS]larynx cancer","0"
"Plexiform Neurofibroma[SEP][CLS]neurofibroma","1"
"Thymic Lymphoepithelial Carcinoma[SEP][CLS]nervous system disease","0"
"Blepharospasm[SEP][CLS]conjunctival cancer","0"
"Renal Papillary Adenoma[SEP][CLS]renal adenoma","1"
"Depersonalization Disorder[SEP][CLS]liposarcoma","0"
"Nocardiosis[SEP][CLS]mediastinal cancer","0"
"Farmer's Lung[SEP][CLS]endometrial adenocarcinoma","0"
"Primary Hyperoxaluria Type III[SEP][CLS]breast benign neoplasm","0"
"Choroideremia[SEP][CLS]colitis","0"
"Arthritis[SEP][CLS]bone inflammation disease","1"
"Papillary Adenocarcinoma[SEP][CLS]islet cell tumor","0"
"Vaginal Villous Adenoma[SEP][CLS]thymoma","0"
"Patent Foramen Ovale[SEP][CLS]endocrine organ benign neoplasm","0"
"Neuronitis[SEP][CLS]central nervous system disease","1"
"Pulpitis[SEP][CLS]phobic disorder","0"
"Epidermolytic Ichthyosis[SEP][CLS]malignant peripheral nerve sheath tumor","0"
"Conventional Lipoma[SEP][CLS]bladder squamous cell carcinoma","0"
"Ovarian Endometrioid Cystadenoma[SEP][CLS]myeloid leukemia","0"
"Diffuse Pediatric-Type High Grade Glioma, H3-Wildtype and IDH-Wildtype[SEP][CLS]eccrine sweat gland cancer","0"
"Early Invasive Cervical Squamous Cell Carcinoma[SEP][CLS]lung disease","0"
"Uveitis[SEP][CLS]aphasia","0"
"Silicosis[SEP][CLS]cervical benign neoplasm","0"
"Testicular Yolk Sac Tumor, Glandular-Alveolar Pattern[SEP][CLS]movement disease","0"
"Lacrimal Gland Carcinoma ex Pleomorphic Adenoma[SEP][CLS]middle ear disease","0"
"Familial Hypertrophic Cardiomyopathy[SEP][CLS]pulmonary blastoma","0"
"Chalazion[SEP][CLS]hemoglobinopathy","0"
"Spina Bifida[SEP][CLS]tongue disease","0"
"Hepatoid Adenocarcinoma[SEP][CLS]thyroiditis","0"
"Childhood Botryoid-Type Embryonal Rhabdomyosarcoma[SEP][CLS]myocardial infarction","0"
"Non-Invasive Urothelial Neoplasm[SEP][CLS]urinary tract papillary transitional cell benign neoplasm","1"
"Syndactyly[SEP][CLS]male urethral cancer","0"
"Malignant Olfactory Nerve Neoplasm[SEP][CLS]cranial nerve malignant neoplasm","1"
"Thyroid Gland Malformation[SEP][CLS]vein disease","0"
"Hemoglobin E Disease[SEP][CLS]central nervous system germ cell tumor","0"
"Endometrial Clear Cell Adenocarcinoma[SEP][CLS]musculoskeletal system disease","0"
"Balanitis Xerotica Obliterans[SEP][CLS]in situ carcinoma","0"
"Dengue Hemorrhagic Fever[SEP][CLS]breast carcinoma in situ","0"
"Thyroid Gland Papillary and Follicular Carcinoma[SEP][CLS]mucopolysaccharidosis","0"
"Brain Extraskeletal Myxoid Chondrosarcoma[SEP][CLS]extraskeletal myxoid chondrosarcoma","1"
"Byssinosis[SEP][CLS]nephrosis","0"
"Adult Lymphoma[SEP][CLS]personality disorder","0"
"Posterior Fossa Meningioma[SEP][CLS]botryoid rhabdomyosarcoma","0"
"Ovarian Monodermal Teratoma[SEP][CLS]ganglioneuroblastoma","0"
"Axonal Neuropathy[SEP][CLS]periapical periodontitis","0"
"Myelodysplastic/Myeloproliferative Neoplasm[SEP][CLS]amnestic disorder","0"
"Tuberculous Empyema[SEP][CLS]pleural empyema","1"
"Muscle Atrophy[SEP][CLS]peripheral osteosarcoma","0"
"Astrocytoma, IDH-Mutant, Grade 3[SEP][CLS]testicular yolk sac tumor","0"
"Verrucous Carcinoma[SEP][CLS]sarcoma","0"
"Optic Nerve Disorder[SEP][CLS]cranial nerve disease","1"
"Urethral Clear Cell Adenocarcinoma[SEP][CLS]glomus tumor","0"
"Trichinosis[SEP][CLS]laryngeal benign neoplasm","0"
"Arteriovenous Malformation/Hemangioma[SEP][CLS]pancreatic cystadenocarcinoma","0"
"Pancreatic Signet Ring Cell Carcinoma[SEP][CLS]pancreatic ductal adenocarcinoma","1"
"Pineal Region Choriocarcinoma[SEP][CLS]chronic salpingitis","0"
"Glomerulonephritis[SEP][CLS]malignant mediastinal neurogenic neoplasm","0"
"Melanoma in Congenital Melanocytic Nevus[SEP][CLS]chronic polyneuropathy","0"
"Acromegaly[SEP][CLS]hyperpituitarism","1"
"Pancytopenia[SEP][CLS]hereditary renal cell carcinoma","0"
"Pancreatic Serous Cystadenoma[SEP][CLS]vulva squamous cell carcinoma","0"
"Ethmoid Sinus Primary Ectopic Meningioma[SEP][CLS]ureteral disease","0"
"Vaginal Endometrioid Stromal and Related Neoplasms[SEP][CLS]vaginal cancer","1"
"Breast Fibrocystic Change, Proliferative Type with Atypia[SEP][CLS]brain cancer","0"
"Epiglottitis[SEP][CLS]keratoacanthoma","0"
"Tracheal Calcification[SEP][CLS]testicular germ cell cancer","0"
"Vaginal Mullerian Papilloma[SEP][CLS]vaginal benign neoplasm","1"
"Vulvar Glandular Neoplasm[SEP][CLS]vulva cancer","1"
"Glycogen-Rich Carcinoma[SEP][CLS]anxiety disorder","0"
"Vivax Malaria[SEP][CLS]skin carcinoma","0"
"Supratentorial Ependymoma YAP1 Fusion-Positive[SEP][CLS]adenomyoma","0"
"Vaginal Mullerian Papilloma[SEP][CLS]paranasal sinus benign neoplasm","0"
"Testicular Pure Germ Cell Tumor[SEP][CLS]low grade glioma","0"
"Huntington's Disease[SEP][CLS]mesenchymal chondrosarcoma","0"
"Pseudohermaphroditism[SEP][CLS]gastritis","0"
"Dysostosis[SEP][CLS]embryonal tumor with multilayered rosettes","0"
"Colon Lymphangioma[SEP][CLS]GM2 gangliosidosis","0"
"Chronic Lymphocytic Leukemia/Small Lymphocytic Lymphoma with Unmutated Immunoglobulin Heavy Chain Variable-Region Gene[SEP][CLS]sphingolipidosis","0"
"Peripheral Ganglioneuroblastoma[SEP][CLS]mouth disease","0"
"Bartholin Gland Adenoid Cystic Carcinoma[SEP][CLS]bone resorption disease","0"
"Hereditary Kidney Oncocytoma[SEP][CLS]mononeuropathy","0"
"Chromophobe Renal Cell Carcinoma[SEP][CLS]angiosarcoma","0"
"Esophageal Granular Cell Tumor[SEP][CLS]paraphilia disorder","0"
"Lipoatrophic Diabetes Mellitus[SEP][CLS]uterus leiomyosarcoma","0"
"Synovial Neoplasm[SEP][CLS]personality disorder","0"
"Niemann-Pick Disease[SEP][CLS]sphingolipidosis","1"
"Hypopyon[SEP][CLS]iridocyclitis","1"
"Non Specific Chronic Endometritis[SEP][CLS]endometritis","1"
"Submandibular Lymphadenitis[SEP][CLS]dry eye syndrome","0"
"Localized Scleroderma[SEP][CLS]anaplastic astrocytoma","0"
"Mediastinal Angiosarcoma[SEP][CLS]angiosarcoma","1"
"Intramedullary Spinal Cord Teratoma[SEP][CLS]spinal cancer","1"
"Cerebral Neoplasm[SEP][CLS]gastric teratoma","0"
"Adult Epithelioid Sarcoma[SEP][CLS]epithelioid sarcoma","1"
"Breast Metaplastic Carcinoma[SEP][CLS]breast carcinoma","1"
"Maroteaux-Lamy Syndrome[SEP][CLS]neuropathy","0"
"Intestinal Atresia[SEP][CLS]disease of mental health","0"
"Potassium Deficiency Disorder[SEP][CLS]mucopolysaccharidosis","0"
"Beta-Mannosidosis[SEP][CLS]malignant pineal area germ cell neoplasm","0"
"Malignant Colorectal Neoplasm[SEP][CLS]female reproductive system disease","0"
"Differentiated Thyroid Gland Carcinoma[SEP][CLS]thyroid gland adenocarcinoma","1"
"Malignant Uvula Neoplasm[SEP][CLS]skull base meningioma","0"
"Adult Cystic Teratoma[SEP][CLS]ocular melanoma","0"
"Acute Myeloid Leukemia, Myelodysplasia-Related[SEP][CLS]pituitary gland benign neoplasm","0"
"Multinodular and Vacuolated Neuronal Tumor[SEP][CLS]blepharitis","0"
"B Acute Lymphoblastic Leukemia with t(1;19)(q23;p13.3); TCF3-PBX1[SEP][CLS]specific developmental disorder","0"
"Aspartylglycosaminuria[SEP][CLS]maxillary sinus cancer","0"
"Malignant Breast Spiradenoma[SEP][CLS]salivary gland disease","0"
"Invasive Bladder Nested Urothelial Carcinoma[SEP][CLS]penis squamous cell carcinoma","0"
"Central Sleep Apnea[SEP][CLS]connective tissue disease","0"
"Angiocentric Glioma[SEP][CLS]breast benign neoplasm","0"
"Cystic Teratoma[SEP][CLS]nephrotic syndrome","0"
"Childhood Parosteal Osteosarcoma[SEP][CLS]thiamine deficiency disease","0"
"Periapical Dental Abscess[SEP][CLS]glucosephosphate dehydrogenase deficiency","0"
"Astrocytoma, IDH-Mutant, Grade 2[SEP][CLS]vagina sarcoma","0"
"Verrucous Hemangioma[SEP][CLS]parasitic helminthiasis infectious disease","0"
"Bladder Urothelial Carcinoma In Situ[SEP][CLS]bladder benign neoplasm","1"
"Uterine Corpus Epithelioid Leiomyoma[SEP][CLS]lysosomal storage disease","0"
"Bulbomembranous Urethral Malignant Neoplasm[SEP][CLS]tooth disease","0"
"Acute Interstitial Pneumonia[SEP][CLS]acute myeloid leukemia","0"
"Cystoid Macular Edema[SEP][CLS]male infertility","0"
"Histiocytosis[SEP][CLS]retinal disease","0"
"Necrotizing Fasciitis[SEP][CLS]amino acid metabolic disorder","0"
"Neuroendocrine Carcinoma[SEP][CLS]hypothyroidism","0"
"Cutis Laxa[SEP][CLS]paranasal sinus cancer","0"
"Gallbladder Obstruction[SEP][CLS]gallbladder disease","1"
"Necrotizing Ulcerative Gingivitis[SEP][CLS]central nervous system benign neoplasm","0"
"Middle Ear Cholesterol Granuloma[SEP][CLS]sensory system disease","0"
"Cervical Lymphadenitis[SEP][CLS]lymphadenitis","1"
"L-Cell Glucagon-Like Peptide-Producing Neuroendocrine Tumor[SEP][CLS]aleukemic leukemia cutis","0"
"Appendicitis[SEP][CLS]malignant melanocytic neoplasm of the peripheral nerve sheath","0"
"Diabetes Insipidus[SEP][CLS]neonatal anemia","0"
"Suppurative Lymphadenitis[SEP][CLS]neuroblastoma","0"
"Ethmoid Sinus Papilloma[SEP][CLS]gastrointestinal system disease","0"
"Occupational Dermatitis[SEP][CLS]meningioma","0"
"Preeclampsia[SEP][CLS]benign ependymoma","0"
"Bizarre Leiomyoma[SEP][CLS]malignant pleural mesothelioma","0"
"Invasive Bladder Lipid-Rich Urothelial Carcinoma[SEP][CLS]male reproductive system disease","0"
"Myositis Ossificans[SEP][CLS]parasitic protozoa infectious disease","0"
"Anal Basaloid Carcinoma[SEP][CLS]central nervous system benign neoplasm","0"
"Vaginal Leiomyosarcoma[SEP][CLS]cervix disease","0"
"Farber Lipogranulomatosis[SEP][CLS]syndrome","0"
"Mediastinal Granular Cell Tumor[SEP][CLS]cervical squamous cell carcinoma","0"
"Necrotizing Ulcerative Gingivitis[SEP][CLS]gingivitis","1"
"Lung Acinar Adenocarcinoma[SEP][CLS]multiple sclerosis","0"
"Corneal Disorder[SEP][CLS]mature teratoma of the ovary","0"
"Granular Cell Tumor[SEP][CLS]iris disease","0"
"Breast Lobular Carcinoma[SEP][CLS]cerebral meningioma","0"
"Bladder Papillary Urothelial Neoplasm[SEP][CLS]carbohydrate metabolic disorder","0"
"Ovarian Sex Cord-Stromal Tumor[SEP][CLS]aortic valve disease","0"
"Hereditary Kidney Wilms Tumor[SEP][CLS]kidney disease","0"
"Infiltrating Bladder Urothelial Carcinoma, Lymphoma-Like Variant[SEP][CLS]primary systemic mycosis","0"
"Chronic Tic Disorder[SEP][CLS]endometriosis","0"
"Pharyngeal Neoplasm[SEP][CLS]vitreous disease","0"
"Leptospirosis[SEP][CLS]paraplegia","0"
"Pancreatic Intraductal Papillary-Mucinous Neoplasm, High Grade[SEP][CLS]lung carcinoma","0"
"Endobronchial Leiomyoma[SEP][CLS]lung leiomyoma","1"
"Meningoencephalitis[SEP][CLS]parasitic helminthiasis infectious disease","0"
"Lung Hilum Neoplasm[SEP][CLS]neurofibromatosis","0"
"Pedophilia[SEP][CLS]lymphoproliferative syndrome","0"
"Polydactyly[SEP][CLS]malignant mesenchymoma","0"
"Cervical Small Cell Neuroendocrine Carcinoma[SEP][CLS]cervical benign neoplasm","0"
"Stutter[SEP][CLS]malignant hemangioma","0"
"Carotid Artery Stenosis[SEP][CLS]stomach disease","0"
"Skin Acantholytic Squamous Cell Carcinoma[SEP][CLS]hemangioma","0"
"Echolalia[SEP][CLS]scabies","0"
"Central Pontine Myelinolysis[SEP][CLS]demyelinating disease","1"
"Thyroid Gland Follicular Carcinoma[SEP][CLS]differentiated thyroid gland carcinoma","1"
"Kidney Leiomyosarcoma[SEP][CLS]cerebellopontine angle tumor","0"
"Krabbe Disease[SEP][CLS]blood coagulation disease","0"
"Malignant Adult Hemangiopericytoma[SEP][CLS]well-differentiated liposarcoma","0"
"Paralytic Ileus[SEP][CLS]cell type benign neoplasm","0"
"Central Nervous System Germinoma[SEP][CLS]communication disorder","0"
"Gemistocytic Astrocytoma[SEP][CLS]disease of metabolism","0"
"Asynchronous Multifocal Osteosarcoma[SEP][CLS]multifocal osteogenic sarcoma","1"
"Acute Disseminated Encephalomyelitis[SEP][CLS]encephalomyelitis","1"
"Ectodermal Dysplasia[SEP][CLS]delusional disorder","0"
"Arteriosclerosis[SEP][CLS]basal cell carcinoma","0"
"Subependymal Giant Cell Astrocytoma[SEP][CLS]parasitic infectious disease","0"
"Cardiac Fibrosarcoma[SEP][CLS]sarcoma","0"
"Patent Ductus Arteriosus[SEP][CLS]diffuse astrocytoma","0"
"Pyloric Stenosis[SEP][CLS]pulmonary neuroendocrine tumor","0"
"Leber Hereditary Optic Atrophy[SEP][CLS]glomerulonephritis","0"
"Abdominal Aortic Aneurysm[SEP][CLS]adult astrocytic tumor","0"
"Egg Allergy[SEP][CLS]brain stem glioma","0"
"Hemoglobinuria[SEP][CLS]disease of anatomical entity","0"
"Pilar Sheath Acanthoma[SEP][CLS]parasitic helminthiasis infectious disease","0"
"Childhood Intraocular Retinoblastoma[SEP][CLS]cognitive disorder","0"
"Urethral Verrucous Carcinoma[SEP][CLS]histiocytic and dendritic cell cancer","0"
"Antibiotic-Associated Colitis[SEP][CLS]adult astrocytic tumor","0"
"Alkaptonuria[SEP][CLS]skin benign neoplasm","0"
"Breast Squamous Cell Carcinoma, Spindle Cell Variant[SEP][CLS]superficial mycosis","0"
"Lymphomatoid Granulomatosis[SEP][CLS]hepatitis","0"
"Mastocytoma[SEP][CLS]hidradenitis","0"
"Adult Hepatocellular Carcinoma[SEP][CLS]hepatocellular carcinoma","1"
"Metachronous Kidney Wilms Tumor[SEP][CLS]bladder disease","0"
"Cocaine Dependence[SEP][CLS]hepatic vascular disease","0"
"Blastomycosis[SEP][CLS]ovary adenocarcinoma","0"
"Pseudohypoparathyroidism[SEP][CLS]sebaceous gland neoplasm","0"
"Nasopharyngitis[SEP][CLS]nasopharyngeal disease","1"
"Acute Interstitial Pneumonia[SEP][CLS]small intestine cancer","0"
"Fibromyalgia[SEP][CLS]cholecystitis","0"
"Dartoic Leiomyoma[SEP][CLS]central nervous system teratoma","0"
"Adrenal Rest Tumor[SEP][CLS]endocrine organ benign neoplasm","1"
"Breast Columnar Cell Mucinous Carcinoma[SEP][CLS]fallopian tube adenocarcinoma","0"
"Urethral Obstruction[SEP][CLS]sexual health disorder","0"
"Neonatal Leukemia[SEP][CLS]viral infectious disease","0"
"Silent Myocardial Infarction[SEP][CLS]amino acid metabolic disorder","0"
"Papillary Squamous Cell Carcinoma[SEP][CLS]paranasal sinus disease","0"
"Pancytopenia[SEP][CLS]pituitary gland disease","0"
"Chest Wall Parachordoma[SEP][CLS]visual pathway disease","0"
"Esophageal Leukoplakia[SEP][CLS]B-lymphoblastic leukemia/lymphoma","0"
"Acute Cystitis[SEP][CLS]thymoma type B","0"
"Pulmonary Alveolar Proteinosis[SEP][CLS]tongue disease","0"
"Bursitis[SEP][CLS]retinal cancer","0"
"Striatonigral Degeneration[SEP][CLS]thymoma","0"
"Urethral Obstruction[SEP][CLS]urethral disease","1"
"Zollinger Ellison Syndrome[SEP][CLS]lymphoid leukemia","0"
"Tetanus Neonatorum[SEP][CLS]spinal cancer","0"
"Cystitis Cystica[SEP][CLS]mononeuropathy","0"
"Cryptococcosis[SEP][CLS]parasitic protozoa infectious disease","0"
"Phlebitis[SEP][CLS]brain stem infarction","0"
"Uterine Corpus Apoplectic Leiomyoma[SEP][CLS]bone inflammation disease","0"
"Hyperlysinemia[SEP][CLS]in situ carcinoma","0"
"Anorexia Nervosa[SEP][CLS]cervical mucinous adenocarcinoma","0"
"Adenoid Cystic Carcinoma[SEP][CLS]skin squamous cell carcinoma","0"
"Breast Squamous Cell Carcinoma, Large Cell Keratinizing Variant[SEP][CLS]primary bacterial infectious disease","0"
"Tuberculous Laryngitis[SEP][CLS]parasitic helminthiasis infectious disease","0"
"Periampullary Adenocarcinoma[SEP][CLS]central nervous system cancer","0"
"Benign Mucous Membrane Pemphigoid[SEP][CLS]hypersensitivity reaction type IV disease","0"
"CADASIL Syndrome[SEP][CLS]thymus cancer","0"
"Osteosarcoma Arising in Paget Disease of Bone[SEP][CLS]gastritis","0"
"Horner Syndrome[SEP][CLS]anemia","0"
"Migraine[SEP][CLS]breast cancer","0"
"Anal Margin Basal Cell Carcinoma[SEP][CLS]vascular hemostatic disease","0"
"Ovarian Papillary Tumor[SEP][CLS]papillary conjunctivitis","0"
"Allergic Cutaneous Angiitis[SEP][CLS]B-lymphoblastic leukemia/lymphoma","0"
"Chronic Metabolic Polyneuropathy[SEP][CLS]rectum sarcoma","0"
"Temporal Lobe Neoplasm[SEP][CLS]reflex epilepsy","0"
"Invasive Bladder Nested Urothelial Carcinoma[SEP][CLS]tauopathy","0"
"Tenosynovial Giant Cell Tumor, Diffuse Type[SEP][CLS]intracranial hypertension","0"
"Lymphocytic Thyroiditis[SEP][CLS]male reproductive organ cancer","0"
"Childhood Supratentorial Embryonal Tumor with Multilayered Rosettes, C19MC-Altered[SEP][CLS]phobic disorder","0"
"Ascending Cholangitis[SEP][CLS]cholangitis","1"
"Anthrax[SEP][CLS]penis verrucous carcinoma","0"
"Extrahepatic Cholestasis[SEP][CLS]urinary system disease","0"
"Sexual Sadism[SEP][CLS]calcinosis","0"
"Malignant Uvula Neoplasm[SEP][CLS]soft palate cancer","1"
"Tolosa-Hunt Syndrome[SEP][CLS]pancreatic adenocarcinoma","0"
"Undifferentiated Pleomorphic Sarcoma[SEP][CLS]bone remodeling disease","0"
"Metastatic Carotid Body Paraganglioma[SEP][CLS]vulvar benign neoplasm","0"
"Meniere Disease[SEP][CLS]hematologic cancer","0"
"Appendix Mucinous Cystadenocarcinoma[SEP][CLS]middle ear disease","0"
"Ossifying Fibromyxoid Tumor[SEP][CLS]carcinoma","0"
"Acute Chest Syndrome[SEP][CLS]hyperostosis","0"
"Exocervical Carcinoma[SEP][CLS]organic acidemia","0"
"Babesiosis[SEP][CLS]parasitic protozoa infectious disease","1"
"Waardenburg Syndrome Type 1[SEP][CLS]ovarian papillary neoplasm","0"
"Serous Surface Papillary Carcinoma[SEP][CLS]skin melanoma","0"
"Lip Disorder[SEP][CLS]viral infectious disease","0"
"Acute Suppurative Thyroiditis[SEP][CLS]thyroiditis","1"
"Nicotine Dependence[SEP][CLS]pre-malignant neoplasm","0"
"Medulloblastoma, Non-WNT/Non-SHH, Group 3[SEP][CLS]calcinosis","0"
"Ehlers-Danlos Syndrome[SEP][CLS]malignant giant cell tumor","0"
"Parachordoma[SEP][CLS]aortic disease","0"
"Cystic Teratoma[SEP][CLS]bile duct rhabdomyosarcoma","0"
"Pacinian Neurofibroma[SEP][CLS]lipid metabolism disorder","0"
"Female Urethral Malignant Neoplasm[SEP][CLS]secondary Parkinson disease","0"
"Retinal Melanoma[SEP][CLS]retinal cancer","1"
"Gastric Body Carcinoma[SEP][CLS]Coronavirus infectious disease","0"
"Chronic Laryngitis[SEP][CLS]breast cancer","0"
"Normocytic Anemia[SEP][CLS]migraine","0"
"Middle Ear Cholesterol Granuloma[SEP][CLS]otitis media","1"
"Corneal Melanoma[SEP][CLS]benign teratoma","0"
"Thanatophoric Dysplasia[SEP][CLS]gastric outlet obstruction","0"
"Adult Infiltrating Astrocytic Tumor[SEP][CLS]eating disorder","0"
"Oligohydramnios[SEP][CLS]retinal disease","0"
"Fatal Familial Insomnia[SEP][CLS]lacrimal apparatus disease","0"
"Parathyroid Gland Oncocytic Adenoma[SEP][CLS]relapsing fever","0"
"Ovarian Clear Cell Adenocarcinoma[SEP][CLS]uterus leiomyosarcoma","0"
"Hereditary Clear Cell Renal Cell Carcinoma[SEP][CLS]osteosarcoma","0"
"Metastatic Thyrotroph Pituitary Neuroendocrine Tumor[SEP][CLS]uterine fibroid","0"
"Oculopharyngeal Muscular Dystrophy[SEP][CLS]meningioma","0"
"Hypokalemic Periodic Paralysis[SEP][CLS]skin melanoma","0"
"Delusional Disorder[SEP][CLS]retroperitoneal cancer","0"
"Lateral Wall of the Bladder[SEP][CLS]mucopolysaccharidosis","0"
"Thyroid Gland Mucoepidermoid Carcinoma[SEP][CLS]dental pulp disease","0"
"Bladder Enteric Type Adenocarcinoma[SEP][CLS]bladder adenocarcinoma","1"
"Anal Verrucous Carcinoma[SEP][CLS]arthropathy","0"
"Mediastinal Granular Cell Tumor[SEP][CLS]hypersensitivity reaction type III disease","0"
"Female Orgasmic Disorder[SEP][CLS]disorder of sexual development","0"
"Acute Myeloid Leukemia with RUNX1 Mutation[SEP][CLS]cervical adenocarcinoma","0"
"Ataxia with Isolated Vitamin E Deficiency[SEP][CLS]uterine fibroid","0"
"Hypersplenism[SEP][CLS]movement disease","0"
"Enamel Hypoplasia[SEP][CLS]gastrointestinal system disease","0"
"Kidney Sarcoma[SEP][CLS]kidney cancer","1"
"Acute Myeloid Leukemia (Megakaryoblastic) with t(1;22)(p13.3;q13.1); RBM15-MKL1[SEP][CLS]bone sarcoma","0"
"Hypogonadism[SEP][CLS]endocrine pancreas disease","0"
"Holocarboxylase Synthetase Deficiency[SEP][CLS]syndrome","0"
"Prostate Acinar Signet Ring Cell-Like Adenocarcinoma[SEP][CLS]lacrimal apparatus disease","0"
"Neuroblastoma[SEP][CLS]colon sarcoma","0"
"Cervical Adenoid Cystic Carcinoma[SEP][CLS]nerve plexus neoplasm","0"
"Teratoma with Somatic-Type Malignancy[SEP][CLS]esophagitis","0"
"Testicular Yolk Sac Tumor, Enteric Pattern[SEP][CLS]cardiovascular system disease","0"
"Keratitis[SEP][CLS]pyoderma","0"
"Testicular Yolk Sac Tumor, Hepatoid Pattern[SEP][CLS]breast adenocarcinoma","0"
"Nevoid Basal Cell Carcinoma Syndrome[SEP][CLS]lymphedema","0"
"Undescended Testes[SEP][CLS]breast carcinoma","0"
"Mesenchymal Extraskeletal Chondrosarcoma[SEP][CLS]nasal cavity disease","0"
"X-Linked Centronuclear Myopathy[SEP][CLS]eye disease","0"
"Byssinosis[SEP][CLS]cervix carcinoma","0"
"Spindle Cell Hemangioma[SEP][CLS]intrahepatic cholangiocarcinoma","0"
"Distal-Type Epithelioid Sarcoma[SEP][CLS]epithelioid sarcoma","1"
"Mucoepidermoid Carcinoma[SEP][CLS]thymic carcinoma","0"
"Acute Myocardial Infarction[SEP][CLS]medulloblastoma","0"
"Parotitis[SEP][CLS]uveal disease","0"
"Endometrial Clear Cell Adenocarcinoma[SEP][CLS]endometrial adenocarcinoma","1"
"Cervical Lymphoepithelioma-Like Carcinoma[SEP][CLS]syndrome","0"
"Calciphylaxis[SEP][CLS]invasive bladder transitional cell carcinoma","0"
"Dermatophytosis[SEP][CLS]cutaneous mycosis","1"
"Verrucous Hemangioma[SEP][CLS]meningioma","0"
"Large Cell Acanthoma[SEP][CLS]sphingolipidosis","0"
"Pyruvate Carboxylase Deficiency[SEP][CLS]biliary tract benign neoplasm","0"
"Inferolateral Myocardial Infarction by ECG Finding[SEP][CLS]tooth disease","0"
"Pancreatic Neuroendocrine Carcinoma[SEP][CLS]prostate sarcoma","0"
"Human Papillomavirus-Independent Cervical Adenocarcinoma, Gastric-Type[SEP][CLS]Bartholin's gland carcinoma","0"
"Childhood Parosteal Osteosarcoma[SEP][CLS]parosteal osteosarcoma","1"
"Intravenous Leiomyomatosis[SEP][CLS]cervical benign neoplasm","0"
"Vaginal Disorder[SEP][CLS]thalassemia","0"
"Gastroschisis[SEP][CLS]extrahepatic bile duct adenocarcinoma","0"
"Pityriasis Rubra Pilaris[SEP][CLS]testicular yolk sac tumor","0"
"Primary Hypertrophic Osteoarthropathy[SEP][CLS]endocrine organ benign neoplasm","0"
"Papillary Cystadenocarcinoma[SEP][CLS]central nervous system lipoma","0"
"Familial Hyperaldosteronism Type 1[SEP][CLS]posterior fossa ependymoma","0"
"Spinocerebellar Ataxia Type 3[SEP][CLS]central nervous system disease","0"
"Hidradenitis[SEP][CLS]heart cancer","0"
"Coronary Vasospasm[SEP][CLS]autoimmune disease of peripheral nervous system","0"
"Malignant Oculomotor Nerve Neoplasm[SEP][CLS]mouth disease","0"
"Anal Paget Disease[SEP][CLS]breast duct papilloma","0"
"Amyloidosis[SEP][CLS]childhood brain stem neoplasm","0"
"Cerebellar Liponeurocytoma[SEP][CLS]thyroid gland adenocarcinoma","0"
"Broad Ligament Mucinous Adenocarcinoma[SEP][CLS]mixed testicular germ cell tumor","0"
"Variegate Porphyria[SEP][CLS]splenic manifestation of leukemia","0"
"Cerebellopontine Angle Embryonal Tumor, Not Otherwise Specified[SEP][CLS]neonatal jaundice","0"
"Endocardial Fibroelastosis[SEP][CLS]liver benign neoplasm","0"
"Pericarditis[SEP][CLS]intestinal disease","0"
"Frohlich Syndrome[SEP][CLS]liver cancer","0"
"Farmer's Lung[SEP][CLS]extrinsic allergic alveolitis","1"
"Uterine Polyp[SEP][CLS]immune system disease","0"
"Downward Ocular Deviation[SEP][CLS]acute myeloid leukemia","0"
"Arthus Reaction[SEP][CLS]myositis","0"
"Female Breast Carcinoma[SEP][CLS]optic nerve disease","0"
"Orbit Hemangioma[SEP][CLS]cerebellopontine angle tumor","0"
"Neurofibromatosis Type 1[SEP][CLS]eye disease","0"
"Pericardial Effusion[SEP][CLS]connective tissue disease","0"
"Uterine Disorder[SEP][CLS]choriocarcinoma","0"
"Pinta[SEP][CLS]optic nerve neoplasm","0"
"Cellular Congenital Mesoblastic Nephroma[SEP][CLS]sexual health disorder","0"
"Chronic Cholangitis[SEP][CLS]mastocytosis","0"
"Hereditary Leukokeratosis[SEP][CLS]acanthoma","0"
"Malignant Mediastinal Hemangiopericytoma[SEP][CLS]B cell deficiency","0"
"Refractory Malignant Testicular Germ Cell Tumor[SEP][CLS]hypohidrosis","0"
"Adult Meningeal Melanoma[SEP][CLS]skin disease","0"
"Klippel-Trenaunay-Weber Syndrome[SEP][CLS]muscle benign neoplasm","0"
"Optic Nerve Disorder[SEP][CLS]optic nerve disease","0"
"Esophageal Neuroendocrine Neoplasm[SEP][CLS]eyelid disease","0"
"Polyneuropathy[SEP][CLS]peripheral nervous system disease","1"
"Interdigitating Dendritic Cell Sarcoma[SEP][CLS]histiocytic and dendritic cell cancer","1"
"Neuronal Ceroid Lipofuscinosis[SEP][CLS]lipid storage disease","1"
"Spermatocele[SEP][CLS]thyroid gland disease","0"
"Benign Breast Adenomyoepithelioma[SEP][CLS]corneal endothelial dystrophy","0"
"Testicular Pure Germ Cell Tumor[SEP][CLS]choriocarcinoma of ovary","0"
"Hereditary Clear Cell Renal Cell Carcinoma[SEP][CLS]hereditary renal cell carcinoma","1"
"Breast Leiomyosarcoma[SEP][CLS]malignant pineal area germ cell neoplasm","0"
"Non-Neoplastic Urinary System Disorder[SEP][CLS]IDH-mutant anaplastic astrocytoma","0"
"Ovarian Endometrioid Cystadenoma[SEP][CLS]pneumoconiosis","0"
"Physiological Polycythemia[SEP][CLS]esophageal cancer","0"
"Impetigo[SEP][CLS]hereditary renal cell carcinoma","0"
"Paronychia[SEP][CLS]lymphatic system disease","0"
"Lymphocytic Gastritis[SEP][CLS]spinal cancer","0"
"Middle Ear Cholesterol Granuloma[SEP][CLS]thymus gland disease","0"
"Chronic Inflammatory Demyelinating Polyneuropathy[SEP][CLS]embryonal testis carcinoma","0"
"Corneal Disorder[SEP][CLS]pemphigoid","0"
"Potocki-Lupski Syndrome[SEP][CLS]sclerosing cholangitis","0"
"Sarcomatoid Intrahepatic Cholangiocarcinoma[SEP][CLS]spinal cancer","0"
"Trochlear Nerve Neoplasm[SEP][CLS]central nervous system disease","0"
"Adult Anaplastic Ependymoma[SEP][CLS]maxillary sinus benign neoplasm","0"
"Retroperitoneal Leiomyosarcoma[SEP][CLS]phimosis","0"
"Toxic Nodular Goiter[SEP][CLS]nutritional deficiency disease","0"
"Papillary Carcinoma[SEP][CLS]chronic inflammation of lacrimal passage","0"
"Ureterocele[SEP][CLS]female reproductive system disease","0"
"Endometrial Stromal Nodule[SEP][CLS]chondrosarcoma","0"
"Conjunctival Melanoma[SEP][CLS]myositis","0"
"Juvenile Pilocytic Astrocytoma[SEP][CLS]bone marrow disease","0"
"Hypoplastic Left Heart Syndrome[SEP][CLS]adrenal gland cancer","0"
"Dextrocardia[SEP][CLS]bladder clear cell adenocarcinoma","0"
"Vulvar Squamous Papilloma[SEP][CLS]muscle benign neoplasm","0"
"Endometrial Stromal Nodule[SEP][CLS]uterine benign neoplasm","1"
"Mucinous Cystadenofibroma[SEP][CLS]respiratory failure","0"
"Blastoma[SEP][CLS]embryonal cancer","1"
"Fetal Valproate Syndrome[SEP][CLS]sleep disorder","0"
"Cerebral Hemangioma[SEP][CLS]upper respiratory tract disease","0"
"Non-Neoplastic Urinary System Disorder[SEP][CLS]disease of anatomical entity","1"
"Ampulla of Vater Signet Ring Cell Carcinoma[SEP][CLS]hemangiopericytic tumor","0"
"Open Angle Glaucoma[SEP][CLS]intrinsic cardiomyopathy","0"
"Meningeal Sarcomatosis[SEP][CLS]neurilemmoma","0"
"Anemia[SEP][CLS]dengue disease","0"
"T-Cell Large Granular Lymphocyte Leukemia[SEP][CLS]cataract","0"
"Broad Ligament Endometrioid Adenocarcinoma[SEP][CLS]uterine ligament adenocarcinoma","1"
"Giant Hemangioma[SEP][CLS]uterine body mixed cancer","0"
"Vulvar Keratoacanthoma[SEP][CLS]Hodgkin's lymphoma","0"
"von Willebrand Disease, Type 1[SEP][CLS]brain disease","0"
"Clivus Chordoma[SEP][CLS]histone mutated tumor","0"
"Adult Hepatocellular Carcinoma[SEP][CLS]primary congenital glaucoma","0"
"Ciliary Motility Defect[SEP][CLS]retinal artery occlusion","0"
"Renal Pelvis Neoplasm[SEP][CLS]renal cell carcinoma","0"
"Anxiety Disorder[SEP][CLS]neuropathy","0"
"Gastric Gastrin-Producing Neuroendocrine Tumor[SEP][CLS]connective tissue disease","0"
"Animal Phobia[SEP][CLS]conventional osteosarcoma","0"
"Spiradenoma[SEP][CLS]corneal edema","0"
"Hypertensive Retinopathy[SEP][CLS]psoriasis","0"
"Pineal Region Choriocarcinoma[SEP][CLS]malignant pineal area germ cell neoplasm","1"
"Thyrotoxicosis[SEP][CLS]cervical adenomyoma","0"
"Benign Exocrine Pancreas Neoplasm[SEP][CLS]hematopoietic system disease","0"
"Pilomatrical Carcinoma[SEP][CLS]gallbladder carcinoma","0"
"Oligospermia[SEP][CLS]breast carcinoma","0"
"Ovarian Endometrioid Cystadenoma[SEP][CLS]foramen magnum meningioma","0"
"Myxofibrosarcoma[SEP][CLS]progressive myoclonus epilepsy","0"
"Laryngeal Leiomyosarcoma[SEP][CLS]amino acid metabolic disorder","0"
"Cherry Hemangioma[SEP][CLS]thyroid gland papillary carcinoma","0"
"Vulvar Eccrine Adenocarcinoma[SEP][CLS]placenta disease","0"
"Ochronosis[SEP][CLS]connective tissue disease","1"
"Salpingitis[SEP][CLS]cavernous hemangioma","0"
"Diabetic Autonomic Neuropathy[SEP][CLS]benign ependymoma","0"
"Ovarian Clear Cell Adenocarcinofibroma[SEP][CLS]childhood testicular mixed germ cell tumor","0"
"Conjunctival Disorder[SEP][CLS]IDH-mutant anaplastic astrocytoma","0"
"Adult Brain Stem Astrocytoma[SEP][CLS]ciliary body cancer","0"
"Breast Solid Papillary Carcinoma[SEP][CLS]language disorder","0"
"Adult Central Nervous System Germ Cell Tumor[SEP][CLS]choroid cancer","0"
"Childhood Conventional Osteosarcoma[SEP][CLS]cognitive disorder","0"
"Bruxism[SEP][CLS]testicular yolk sac tumor","0"
"Melioidosis[SEP][CLS]laryngitis","0"
"Genetic Disorder[SEP][CLS]malaria","0"
"Primary Ovarian Failure[SEP][CLS]ovarian disease","1"
"Lactating Adenoma[SEP][CLS]adenocarcinoma","0"
"Ovarian Rhabdomyosarcoma[SEP][CLS]myeloid leukemia","0"
"Obese[SEP][CLS]overnutrition","1"
"Clear Cell Hidradenoma[SEP][CLS]melanoma","0"
"Agoraphobia[SEP][CLS]blepharitis","0"
"Vitamin B1 Deficiency[SEP][CLS]peripheral nervous system disease","0"
"Epithelial-Myoepithelial Carcinoma[SEP][CLS]retinal disease","0"
"Russell-Silver Syndrome[SEP][CLS]hemangioma","0"
"Renal Hypertrophy[SEP][CLS]kidney disease","1"
"Chordoid Meningioma[SEP][CLS]meningioma","1"
"Malignant Ovarian Germ Cell Tumor[SEP][CLS]basal cell carcinoma","0"
"Isosporiasis[SEP][CLS]uterine body mixed cancer","0"
"Bladder Squamous Papilloma[SEP][CLS]lipoma","0"
"Yaws[SEP][CLS]lymphadenitis","0"
"Lactose Intolerance[SEP][CLS]vasculitis","0"
"Bladder Mixed Adenocarcinoma[SEP][CLS]myositis","0"
"Bone Liposarcoma[SEP][CLS]anaplastic oligodendroglioma","0"
"Somatoform Disorder[SEP][CLS]osteosclerosis","0"
"Gerstmann-Straussler-Scheinker Disease[SEP][CLS]intrahepatic cholangiocarcinoma","0"
"Stiff Person Syndrome[SEP][CLS]blepharitis","0"
"Acute Cholangitis[SEP][CLS]hypersensitivity reaction type IV disease","0"
"Adult Central Nervous System Solitary Fibrous Tumor, Grade 3[SEP][CLS]connective tissue cancer","1"
"Desquamative Interstitial Pneumonia[SEP][CLS]cholestasis","0"
"Anal Mucinous Adenocarcinoma[SEP][CLS]vulvar benign neoplasm","0"
"Parasagittal Meningioma[SEP][CLS]cerebral convexity meningioma","1"
"Miliaria[SEP][CLS]ampulla of Vater adenocarcinoma","0"
"Chronic Eosinophilic Pneumonia[SEP][CLS]hypersensitivity reaction type III disease","0"
"Orbit Alveolar Rhabdomyosarcoma[SEP][CLS]cutaneous mycosis","0"
"Sudden Infant Death Syndrome[SEP][CLS]granulosa cell tumor","0"
"Schizoaffective Disorder[SEP][CLS]psychotic disorder","1"
"Blepharitis[SEP][CLS]lysosomal storage disease","0"
"Silent Myocardial Infarction[SEP][CLS]diabetes insipidus","0"
"Microscopic Colitis[SEP][CLS]chronic inflammation of lacrimal passage","0"
"Retinal Melanoma[SEP][CLS]breast adenocarcinoma","0"
"Castleman Disease[SEP][CLS]pyloric stenosis","0"
"Hydranencephaly[SEP][CLS]penis carcinoma","0"
"Vasculitis[SEP][CLS]communication disorder","0"
"Yellow Fever Virus Infection[SEP][CLS]angiomyolipoma","0"
"Pseudotumor Cerebri[SEP][CLS]intracranial hypertension","1"
"Villoglandular Endometrial Endometrioid Adenocarcinoma[SEP][CLS]polyneuropathy","0"
"Blackwater Fever[SEP][CLS]encephalitis","0"
"Cauda Equina Neuroendocrine Tumor[SEP][CLS]infective endocarditis","0"
"Glottis Verrucous Carcinoma[SEP][CLS]vascular disease","0"
"Nerve Plexus Neoplasm[SEP][CLS]synovial sarcoma","0"
"Syringomyelia[SEP][CLS]malignant mesothelioma","0"
"Biliary Atresia[SEP][CLS]germ cell cancer","0"
"Meningeal Melanocytoma[SEP][CLS]breast adenocarcinoma","0"
"Wernicke-Korsakoff Syndrome[SEP][CLS]cerebrum cancer","0"
"Pulpitis[SEP][CLS]anaplastic oligodendroglioma","0"
"Richter Syndrome[SEP][CLS]uterine ligament adenocarcinoma","0"
"L-Cell Glucagon-Like Peptide-Producing Neuroendocrine Tumor[SEP][CLS]gastrointestinal neuroendocrine benign tumor","1"
"Xanthogranulomatous Pyelonephritis[SEP][CLS]chronic pyelonephritis","1"
"Middle Cranial Fossa Meningioma[SEP][CLS]lymphopenia","0"
"Well Differentiated Papillary Mesothelial Tumor[SEP][CLS]mitochondrial metabolism disease","0"
"Breast Rhabdomyosarcoma[SEP][CLS]adrenal gland disease","0"
"Struma Ovarii[SEP][CLS]eye disease","0"
"Juvenile Myoclonic Epilepsy[SEP][CLS]adolescence-adult electroclinical syndrome","1"
"Incompetent Cervix[SEP][CLS]autosomal recessive cerebellar ataxia","0"
"Sensorineural Hearing Loss[SEP][CLS]chondrosarcoma","0"
"Tanycytic Ependymoma[SEP][CLS]rectal disease","0"
"Cervical Adenofibroma[SEP][CLS]mitochondrial encephalomyopathy","0"
"Pineal Region Mature Teratoma[SEP][CLS]atrial heart septal defect","0"
"Ileus[SEP][CLS]intestinal obstruction","1"
"Fructose-1,6-Bisphosphatase Deficiency[SEP][CLS]optic nerve disease","0"
"Wolf-Hirschhorn Syndrome[SEP][CLS]liposarcoma","0"
"Subacute Lymphocytic Thyroiditis[SEP][CLS]parasitic helminthiasis infectious disease","0"
"Rapidly Progressive Glomerulonephritis[SEP][CLS]skull base chordoma","0"
"Diffuse Lipomatosis[SEP][CLS]melanoma","0"
"Adult Spinal Cord Glioblastoma[SEP][CLS]auditory system disease","0"
"Malignant Jejunal Neoplasm[SEP][CLS]breast cyst","0"
"Congenital Cortical Hyperostosis[SEP][CLS]vasculitis","0"
"Nephrotic Syndrome[SEP][CLS]pancreatic carcinoma","0"
"Cellular Ependymoma[SEP][CLS]vulvar benign neoplasm","0"
"Polycythemia due to Hypoxia[SEP][CLS]retinal artery occlusion","0"
"Jugular Foramen Meningioma[SEP][CLS]meningioma","1"
"Secondary Hyperparathyroidism[SEP][CLS]tibial neuropathy","0"
"Breast Scirrhous Carcinoma[SEP][CLS]cystadenocarcinoma","0"
"Spindle Cell Melanoma[SEP][CLS]synostosis","0"
"Adult Acute Monocytic Leukemia[SEP][CLS]muscular dystrophy","0"
"Childhood Visual Pathway Glioma[SEP][CLS]optic nerve glioma","1"
"Lacrimal Gland Carcinoma ex Pleomorphic Adenoma[SEP][CLS]oral cavity cancer","0"
"Vaginal Yolk Sac Tumor[SEP][CLS]neuropathy","0"
"Diffuse Astrocytoma, MYBL1-Altered[SEP][CLS]retinal degeneration","0"
"Spinal Muscular Atrophy Type 3[SEP][CLS]breast myoepithelial neoplasm","0"
"Cervical Disc Degenerative Disorder[SEP][CLS]liver disease","0"
"Breast Ductal Adenoma[SEP][CLS]vitreous disease","0"
"Obstructive Jaundice[SEP][CLS]vaginal benign neoplasm","0"
"Ectopic Pregnancy[SEP][CLS]eating disorder","0"
"Anemia of Prematurity[SEP][CLS]histiocytic and dendritic cell cancer","0"
"Testicular Non-Seminomatous Germ Cell Tumor[SEP][CLS]testicular germ cell cancer","1"
"Supratentorial Ependymoma ZFTA Fusion-Positive[SEP][CLS]supratentorial ependymoma","1"
"Disseminated Intravascular Coagulation in Newborn[SEP][CLS]bladder urachal carcinoma","0"
"Bone Marrow Disorder[SEP][CLS]choriocarcinoma","0"
"Cervical Mesonephric Adenocarcinoma[SEP][CLS]testicular yolk sac tumor","0"
"Burkitt Lymphoma[SEP][CLS]cerebral convexity meningioma","0"
"Pilomatricoma[SEP][CLS]intestinal obstruction","0"
"Abducens Nerve Neoplasm[SEP][CLS]inflammatory bowel disease","0"
"Uterine Polyp[SEP][CLS]disorder of sexual development","0"
"Pancreatic Acinar Cell Carcinoma[SEP][CLS]myositis","0"
"Caries[SEP][CLS]uterine disease","0"
"Krabbe Disease[SEP][CLS]optic nerve disease","0"
"Diffuse Hemispheric Glioma, H3 G34-Mutant[SEP][CLS]histone mutated tumor","1"
"Pleural Solitary Fibrous Tumor[SEP][CLS]angiosarcoma","0"
"Ovarian Monodermal and Highly Specialized Teratoma[SEP][CLS]monodermal teratoma","1"
"Waterhouse-Friderichsen Syndrome[SEP][CLS]kidney benign neoplasm","0"
"Menkes Disease[SEP][CLS]muscle benign neoplasm","0"
"Large Cell Acanthoma[SEP][CLS]sexual dysfunction","0"
"Ischemia[SEP][CLS]restrictive cardiomyopathy","0"
"Vulvar Nodular Hidradenoma[SEP][CLS]vulvar benign neoplasm","1"
"Osteosarcoma Arising in Paget Disease of Bone[SEP][CLS]bone osteosarcoma","1"
"Panhypopituitarism[SEP][CLS]orofacial cleft","0"
"Adult Acute Monocytic Leukemia[SEP][CLS]fallopian tube benign neoplasm","0"
"Senile Cataract[SEP][CLS]uterine benign neoplasm","0"
"Adult Papillary Meningioma[SEP][CLS]endocrine organ benign neoplasm","0"
"Lateral Medullary Syndrome[SEP][CLS]pancreas disease","0"
"Meningeal Melanoma[SEP][CLS]acanthoma","0"
"Childhood Angiosarcoma[SEP][CLS]sleep apnea","0"
"Sellar Region Neoplasm[SEP][CLS]congenital nervous system abnormality","0"
"Coronary Vasospasm[SEP][CLS]specific developmental disorder","0"
"Inflammatory Bowel Disease[SEP][CLS]splenic disease","0"
"Medulloblastoma, WNT-Activated[SEP][CLS]eye disease","0"
"Nervous System Disorder[SEP][CLS]parasitic helminthiasis infectious disease","0"
"Stage IVB Bladder Cancer[SEP][CLS]connective tissue disease","0"
"Childhood Ovarian Germ Cell Tumor[SEP][CLS]brain stem cancer","0"
"Osteoporosis[SEP][CLS]inherited metabolic disorder","0"
"Multifocal Osteosarcoma[SEP][CLS]disorder of sexual development","0"
"Hiatal Hernia[SEP][CLS]cystic teratoma","0"
"Bartholin Gland Transitional Cell Carcinoma[SEP][CLS]skin hemangioma","0"
"Breast Intraductal Papillomatosis[SEP][CLS]ovarian germ cell cancer","0"
"Cervical Lymphadenitis[SEP][CLS]substance-related disorder","0"
"Testicular Yolk Sac Tumor, Myxomatous Pattern[SEP][CLS]arthritis","0"
"Urethra Disorder[SEP][CLS]inflammatory and toxic neuropathy","0"
"Non-Hodgkin Lymphoma[SEP][CLS]severe combined immunodeficiency","0"
"Chronic Sphenoidal Sinusitis[SEP][CLS]thyroid gland carcinoma","0"
"Spindle Cell Sarcoma[SEP][CLS]upper respiratory tract disease","0"
"Childhood Germ Cell Tumor[SEP][CLS]germ cell cancer","1"
"Diffuse Cutaneous Systemic Sclerosis[SEP][CLS]cerebrum cancer","0"
"Core Binding Factor Acute Myeloid Leukemia[SEP][CLS]bladder adenocarcinoma","0"
"Dengue Fever[SEP][CLS]lung cancer","0"
"Anal Paget Disease[SEP][CLS]anus adenocarcinoma","1"
"Gemistocytic Astrocytoma[SEP][CLS]uterine disease","0"
"Splenic Abscess[SEP][CLS]yaws","0"
"Undescended Testes[SEP][CLS]myopathy","0"
"Epithelioid Hemangioendothelioma[SEP][CLS]pancreatic adenocarcinoma","0"
"Hereditary Fallopian Tube Carcinoma[SEP][CLS]neurilemmoma","0"
"Glomeruloid Hemangioma[SEP][CLS]uterine ligament adenocarcinoma","0"
"Non-Neoplastic Reproductive System Disorder[SEP][CLS]skin melanoma","0"
"Obese[SEP][CLS]lipoma","0"
"Conventional Lipoma[SEP][CLS]kidney sarcoma","0"
"Acute Disseminated Encephalomyelitis[SEP][CLS]uterine benign neoplasm","0"
"Ampulla of Vater Signet Ring Cell Carcinoma[SEP][CLS]cervical adenosquamous carcinoma","0"
"Spinal Muscular Atrophy of Childhood[SEP][CLS]spinal muscular atrophy","1"
"Xanthogranulomatous Pyelonephritis[SEP][CLS]leukemia","0"
"Uterine Corpus Atypical Polypoid Adenomyoma[SEP][CLS]acute myeloid leukemia","0"
"Granular Cell Tumor[SEP][CLS]nephrolithiasis","0"
"Epithelioid Cell Melanoma[SEP][CLS]malignant dermis tumor","0"
"Echolalia[SEP][CLS]hyperthyroidism","0"
"Platelet Disorder[SEP][CLS]nervous system disease","0"
"Adult Pleomorphic Rhabdomyosarcoma[SEP][CLS]kidney angiomyolipoma","0"
"Congenital Pure Red Cell Aplasia[SEP][CLS]congenital hypoplastic anemia","1"
"Aortic Valve Insufficiency[SEP][CLS]breast sarcoma","0"
"Cardiac Sarcoma[SEP][CLS]hormone producing pituitary cancer","0"
"Sarcomatoid Mesothelioma[SEP][CLS]breast carcinoma","0"
"Krukenberg Tumor[SEP][CLS]personality disorder","0"
"Fallopian Tube Serous Cystadenofibroma[SEP][CLS]lymphatic system disease","0"
"Breast Apocrine Adenosis[SEP][CLS]orbital disease","0"
"Visual Epilepsy[SEP][CLS]breast carcinoma","0"
"B Acute Lymphoblastic Leukemia with t(12;21)(p13.2;q22.1); ETV6-RUNX1[SEP][CLS]eye disease","0"
"Metabolic Disorder[SEP][CLS]mediastinal cancer","0"
"Bronchopulmonary Dysplasia[SEP][CLS]connective tissue disease","0"
"Grade I Lymphomatoid Granulomatosis[SEP][CLS]skin benign neoplasm","0"
"Eosinophilic Meningitis[SEP][CLS]penile disease","0"
"Hereditary Retinal Dystrophy[SEP][CLS]fallopian tube adenofibroma","0"
"Composite Ganglioneuroblastoma, Schwannian Stroma-Rich and Stroma-Poor[SEP][CLS]nodular ganglioneuroblastoma","1"
"Tetralogy of Fallot[SEP][CLS]lung carcinoma","0"
"Parathyroid Gland Clear Cell Adenoma[SEP][CLS]hemangioma","0"
"Melioidosis[SEP][CLS]hypopituitarism","0"
"Annular Pancreas[SEP][CLS]germ cell and embryonal cancer","0"
"Malignant Broad Ligament Neoplasm[SEP][CLS]ovarian benign neoplasm","0"
"Mycobacterium Avium Infection[SEP][CLS]vaginal adenoma","0"
"Skin Basal Cell Carcinoma with Sarcomatoid Differentiation[SEP][CLS]basal cell carcinoma","1"
"Cervical Melanoma[SEP][CLS]cerebral degeneration","0"
"Conventional Osteosarcoma[SEP][CLS]viral infectious disease","0"
"Cocaine Dependence[SEP][CLS]polyneuropathy","0"
"Tanycytic Ependymoma[SEP][CLS]upper respiratory tract disease","0"
"Lung Non-Squamous Non-Small Cell Carcinoma[SEP][CLS]cervical cancer","0"
"Suppurative Cholangitis[SEP][CLS]primary bacterial infectious disease","0"
"Pancreatic Cystadenocarcinoma[SEP][CLS]breast fibrocystic disease","0"
"Gingival Recession[SEP][CLS]retinal disease","0"
"Hyperhomocysteinemia[SEP][CLS]ovarian cancer","0"
"Intrahepatic Bile Duct Mucinous Cystic Neoplasm[SEP][CLS]bile duct cystadenoma","1"
"Clear Cell Hidradenoma[SEP][CLS]hidradenoma","1"
"Childhood Disintegrative Disorder[SEP][CLS]nipple benign neoplasm","0"
"Hemolytic Anemia[SEP][CLS]phobic disorder","0"
"Breast Malignant Myoepithelioma[SEP][CLS]syndrome","0"
"Potter Syndrome[SEP][CLS]renal agenesis","1"
"Nevus of Ito[SEP][CLS]melancholic depression","0"
"Astrocytoma, IDH-Mutant, Grade 2[SEP][CLS]bacterial infectious disease","0"
"Ovarian Cystadenocarcinoma[SEP][CLS]anterior cranial fossa meningioma","0"
"Inverted Follicular Keratosis[SEP][CLS]seborrheic keratosis","1"
"Syndactyly[SEP][CLS]vulvar sarcoma","0"
"Optic Neuritis[SEP][CLS]small intestine cancer","0"
"Ehlers-Danlos Syndrome, Type III[SEP][CLS]metabolic acidosis","0"
"Chronic Suppurative Otitis Media[SEP][CLS]choroid plexus cancer","0"
"Dermoid Cyst[SEP][CLS]cystic teratoma","1"
"Pediculosis Pubis[SEP][CLS]facial nerve disease","0"
"Pulmonary Valve Disorder[SEP][CLS]cervical mucinous adenocarcinoma","0"
"Small Cell Sarcoma[SEP][CLS]Ewing sarcoma of bone","0"
"Mediastinal Schwannoma[SEP][CLS]peripheral nerve schwannoma","1"
"von Willebrand Disease, Type 1[SEP][CLS]stomach cancer","0"
"Ethmoid Sinus Neoplasm[SEP][CLS]parathyroid gland disease","0"
"Skin Atrophy[SEP][CLS]coronary artery disease","0"
"Infiltrating Angiolipoma[SEP][CLS]male reproductive organ cancer","0"
"Adult Pineal Parenchymal Cell Neoplasm[SEP][CLS]acute myeloid leukemia","0"
"Riedel Fibrosing Thyroiditis[SEP][CLS]syndrome","0"
"Hypoglossal Nerve Neoplasm[SEP][CLS]skin disease","0"
"Hyperparathyroidism[SEP][CLS]heart disease","0"
"Hepatobiliary Disorder[SEP][CLS]aortic valve stenosis","0"
"Pressure Sore[SEP][CLS]carcinoma","0"
"Rectal Signet Ring Cell Adenocarcinoma[SEP][CLS]disorder of sexual development","0"
"Renal Failure[SEP][CLS]hemangioma","0"
"Gallbladder Disorder[SEP][CLS]gastrointestinal system disease","1"
"Immune Complex Glomerulonephritis[SEP][CLS]encephalitis","0"
"Malignant Mediastinal Hemangiopericytoma[SEP][CLS]parathyroid adenoma","0"
"Vaginal Leukoplakia[SEP][CLS]islet cell tumor","0"
"Thyroid Gland Mucoepidermoid Carcinoma[SEP][CLS]autonomic nervous system neoplasm","0"
"Epithelial Predominant Kidney Wilms Tumor[SEP][CLS]autoimmune disease of peripheral nervous system","0"
"Myxofibrosarcoma[SEP][CLS]carbohydrate metabolic disorder","0"
"Pleomorphic Xanthoastrocytoma[SEP][CLS]strabismus","0"
"Pulmonary Valvular Insufficiency[SEP][CLS]parosteal osteosarcoma","0"
"Diffuse Pulmonary Fibrosis[SEP][CLS]pilocytic astrocytoma","0"
"Hemoglobin E Disease[SEP][CLS]yaws","0"
"Mitochondrial Myopathy[SEP][CLS]cell type benign neoplasm","0"
"Lung Non-Squamous Non-Small Cell Carcinoma[SEP][CLS]angiosarcoma","0"
"Autism[SEP][CLS]central nervous system benign neoplasm","0"
"Galactosemia[SEP][CLS]meningioma","0"
"Eosinophilic Gastroenteritis[SEP][CLS]syndrome","0"
"Cervical Adenomyoma, Endocervical-Type[SEP][CLS]high grade glioma","0"
"Sudden Infant Death Syndrome[SEP][CLS]biliary papillomatosis","0"
"Multiple Acyl-CoA Dehydrogenase Deficiency[SEP][CLS]uterine corpus sarcoma","0"
"Accessory Nerve Disorder[SEP][CLS]gastric adenocarcinoma","0"
"Nasal Cavity and Paranasal Sinus Lethal Midline Granuloma[SEP][CLS]meningioma","0"
"Malignant Ovarian Cyst[SEP][CLS]B-lymphoblastic leukemia/lymphoma","0"
"Hirschsprung Disease[SEP][CLS]female reproductive system disease","0"
"Lacrimal Gland Carcinoma ex Pleomorphic Adenoma[SEP][CLS]rhabdomyosarcoma","0"
"Papillary Tumor of the Pineal Region[SEP][CLS]Bartholin's gland carcinoma","0"
"Hyperlysinemia[SEP][CLS]cell type benign neoplasm","0"
"Alcoholic Cardiomyopathy[SEP][CLS]osteochondrodysplasia","0"
"Testicular Yolk Sac Tumor, Myxomatous Pattern[SEP][CLS]connective tissue benign neoplasm","0"
"Talc Pneumoconiosis[SEP][CLS]endometritis","0"
"Paraneoplastic Polyneuropathy[SEP][CLS]retinal degeneration","0"
"Stress Polycythemia[SEP][CLS]gallbladder disease","0"
"Farber Lipogranulomatosis[SEP][CLS]viral infectious disease","0"
"Cervical Endometrioid Adenocarcinoma[SEP][CLS]mononeuropathy","0"
"Glucose Metabolism Disorder[SEP][CLS]carotid artery disease","0"
"Hemochromatosis[SEP][CLS]benign perivascular tumor","0"
"Exanthem[SEP][CLS]breast benign neoplasm","0"
"Ectrodactyly-Ectodermal Dysplasia-Cleft Syndrome[SEP][CLS]autoimmune disease of musculoskeletal system","0"
"Malignant Sphenoid Sinus Neoplasm[SEP][CLS]paranasal sinus cancer","1"
"Progressive Muscular Atrophy[SEP][CLS]central nervous system disease","0"
"Reflex Epilepsy[SEP][CLS]skin melanoma","0"
"Breast Extraskeletal Osteosarcoma[SEP][CLS]breast adenocarcinoma","0"
"Endocardial Fibroelastosis[SEP][CLS]primary bacterial infectious disease","0"
"Bladder Urothelial Carcinoma In Situ[SEP][CLS]lung cancer","0"
"Open Angle Glaucoma[SEP][CLS]chronic lymphocytic leukemia/small lymphocytic lymphoma","0"
"Portal Hypertension[SEP][CLS]cholecystitis","0"
"Cellular Leiomyoma[SEP][CLS]ovarian benign neoplasm","0"
"Lacrimal Gland Carcinoma ex Pleomorphic Adenoma[SEP][CLS]lacrimal gland cancer","1"
"Urethral Diverticulum[SEP][CLS]chronic leukemia","0"
"Anal Intraepithelial Neoplasia 3[SEP][CLS]periodontal disease","0"
"Dermatophytosis of Groin and Perianal Area[SEP][CLS]breast myoepitheliosis","0"
"Atypical Spindle Cell/Pleomorphic Lipomatous Tumor[SEP][CLS]high grade glioma","0"
"Skin Nodular Basal Cell Carcinoma[SEP][CLS]skin disease","0"
"Sleep Apnea[SEP][CLS]sleep disorder","1"
"Essential Tremor[SEP][CLS]glottis squamous cell carcinoma","0"
"Diffuse Large B-Cell Lymphoma Activated B-Cell Type[SEP][CLS]heart septal defect","0"
"Tetralogy of Fallot[SEP][CLS]hydrocephalus","0"
"Gastrin-Producing Neuroendocrine Tumor[SEP][CLS]neuroendocrine tumor","1"
"Staphylococcal Food Poisoning[SEP][CLS]testicular disease","0"
"Benign Neonatal Epilepsy[SEP][CLS]cystitis","0"
"Breast Fibrosis[SEP][CLS]cauda equina neoplasm","0"
"Olfactory Groove Meningioma[SEP][CLS]intracranial hypertension","0"
"Biliary Atresia[SEP][CLS]adrenal gland cancer","0"
"Esophageal Achalasia[SEP][CLS]ovarian dysfunction","0"
"Familial Polycythemia[SEP][CLS]viral infectious disease","0"
"Epiphora[SEP][CLS]congenital heart disease","0"
"Fasciitis[SEP][CLS]pneumoconiosis","0"
"Sertoli Cell Tumor[SEP][CLS]extrapulmonary tuberculosis","0"
"Nephritis[SEP][CLS]esophagus squamous cell carcinoma","0"
"Malignant Hard Palate Neoplasm[SEP][CLS]vulvar squamous papilloma","0"
"Incontinentia Pigmenti[SEP][CLS]breast cancer","0"
"Hypothyroidism[SEP][CLS]thyroid gland disease","1"
"Fox-Fordyce Disease[SEP][CLS]lung disease","0"
"Liver Leiomyosarcoma[SEP][CLS]neutropenia","0"
"Microcephaly[SEP][CLS]posterior fossa ependymoma","0"
"Cervical Mucinous Adenocarcinoma, Signet Ring Cell-Type[SEP][CLS]amino acid metabolic disorder","0"
"Dermatosis Papulosa Nigra[SEP][CLS]dermatitis","1"
"Epithelioid Neurofibroma[SEP][CLS]larynx cancer","0"
"Glucose-6-Phosphate Dehydrogenase Deficiency[SEP][CLS]kidney benign neoplasm","0"
"Nasal Cavity and Paranasal Sinus Lethal Midline Granuloma[SEP][CLS]hemangioblastoma","0"
"Chondroid Lipoma[SEP][CLS]cerebral ventricle cancer","0"
"Cerebrotendinous Xanthomatosis[SEP][CLS]opportunistic mycosis","0"
"Meningoencephalitis[SEP][CLS]phosphorus metabolism disease","0"
"Ovarian Leiomyosarcoma[SEP][CLS]paranasal sinus benign neoplasm","0"
"Atrial Fibrillation[SEP][CLS]liposarcoma","0"
"Hyperimmunoglobulin Syndrome[SEP][CLS]bone benign neoplasm","0"
"Panniculitis[SEP][CLS]ureter carcinoma","0"
"Venous Hemangioma[SEP][CLS]peripheral osteosarcoma","0"
"Spindle Cell Sarcoma[SEP][CLS]ovarian small cell carcinoma","0"
"Testicular Yolk Sac Tumor, Glandular-Alveolar Pattern[SEP][CLS]testicular yolk sac tumor","1"
"Olfactory Groove Meningioma[SEP][CLS]trichothiodystrophy","0"
"Breast Melanoma[SEP][CLS]stomatitis","0"
"Pseudohypoparathyroidism[SEP][CLS]ovarian mucinous neoplasm","0"
"Malignant Neoplasm[SEP][CLS]ureteral disease","0"
"Pneumoconiosis[SEP][CLS]benign teratoma","0"
"Superficial Multifocal Basal Cell Carcinoma[SEP][CLS]benign mesothelioma","0"
"Vulvar Verrucous Carcinoma[SEP][CLS]skin benign neoplasm","0"
"Intradural Extramedullary Cauda Equina Astrocytoma[SEP][CLS]endometritis","0"
"Granulocytic Sarcoma[SEP][CLS]hematologic cancer","1"
"Renal Pelvis Papillary Urothelial Neoplasm[SEP][CLS]tracheal disease","0"
"Lung Disorder[SEP][CLS]ischemic bone disease","0"
"Liver Leiomyosarcoma[SEP][CLS]syndrome","0"
"Nevus of Ito[SEP][CLS]skin disease","1"
"Thymoma[SEP][CLS]pulmonary fibrosis","0"
"Cellular Neurofibroma[SEP][CLS]ovarian cancer","0"
"Anthracosilicosis[SEP][CLS]central nervous system teratoma","0"
"Astroblastoma, MN1-Altered[SEP][CLS]osteochondrodysplasia","0"
"Hemoglobin E Disease[SEP][CLS]sphingolipidosis","0"
"Usher Syndrome Type 2[SEP][CLS]ovarian cancer","0"
"Acrofacial Dysostosis[SEP][CLS]acute megakaryocytic leukemia","0"
"Dermatographism[SEP][CLS]breast carcinoma","0"
"Rett Syndrome[SEP][CLS]food allergy","0"
"Primary Hyperoxaluria[SEP][CLS]viral infectious disease","0"
"Transient Tic Disorder[SEP][CLS]breast duct papilloma","0"
"Galloway-Mowat Syndrome[SEP][CLS]laryngeal benign neoplasm","0"
"Keratopathy[SEP][CLS]hidradenitis","0"
"Myelodysplastic/Myeloproliferative Neoplasm[SEP][CLS]mixed cell type cancer","0"
"Obsessive-Compulsive Personality Disorder[SEP][CLS]personality disorder","1"
"Exostosis[SEP][CLS]cerebrum cancer","0"
"Necrobiosis Lipoidica[SEP][CLS]anemia","0"
"Transvestic Fetishism[SEP][CLS]hemoglobinopathy","0"
"Neonatal Jaundice[SEP][CLS]ovary adenocarcinoma","0"
"Hepatorenal Syndrome[SEP][CLS]acute kidney failure","1"
"Plexiform Schwannoma[SEP][CLS]postgastrectomy syndrome","0"
"Splenic Manifestation of Leukemia[SEP][CLS]spleen cancer","1"
"Childhood Lymphoma[SEP][CLS]Coronavirus infectious disease","0"
"Cerebellopontine Angle Neoplasm[SEP][CLS]orofacial cleft","0"
"Non-Invasive Urothelial Neoplasm[SEP][CLS]neurodegenerative disease","0"
"Barrett Adenocarcinoma[SEP][CLS]cervical mucinous adenocarcinoma","0"
"Bacterial Infection[SEP][CLS]meningeal melanoma","0"
"Bladder Disorder[SEP][CLS]childhood germ cell cancer","0"
"Central Nervous System Neuroblastoma[SEP][CLS]extrinsic allergic alveolitis","0"
"Pancreatic Delta Cell Neuroendocrine Tumor[SEP][CLS]islet cell tumor","1"
"Restrictive Cardiomyopathy[SEP][CLS]hyperostosis","0"
"B-Cell Prolymphocytic Leukemia[SEP][CLS]skull base cancer","0"
"Refractory T Lymphoblastic Leukemia/Lymphoma[SEP][CLS]testicular disease","0"
"Extramammary Paget Disease[SEP][CLS]rectum sarcoma","0"
"Benign Neonatal Epilepsy[SEP][CLS]neonatal period electroclinical syndrome","1"
"NUT Carcinoma[SEP][CLS]cell type cancer","0"
"Whipple Disease[SEP][CLS]vulva cancer","0"
"Essential Thrombocythemia[SEP][CLS]leukemia","0"
"Spinal Cord Disorder[SEP][CLS]intrinsic cardiomyopathy","0"
"Acute Myeloid Leukemia with inv(3)(q21.3;q26.2) or t(3;3)(q21.3;q26.2); GATA2, MECOM[SEP][CLS]uterine benign neoplasm","0"
"Inverted Papilloma[SEP][CLS]multiple sclerosis","0"
"Fallopian Tube Serous Cystadenofibroma[SEP][CLS]fallopian tube adenofibroma","1"
"Hidrocystoma[SEP][CLS]eye disease","0"
"Medulloblastoma, SHH-Activated, TP53-Wildtype[SEP][CLS]osteosarcoma","0"
"Squamous Cell Neoplasm[SEP][CLS]central nervous system cancer","0"
"Genetic Disorder[SEP][CLS]muscle benign neoplasm","0"
"Localized Chondrosarcoma[SEP][CLS]mitochondrial encephalomyopathy","0"
"Motion Sickness[SEP][CLS]intestinal disease","0"
"Ebola Hemorrhagic Fever[SEP][CLS]disease of anatomical entity","0"
"Hair Disorder[SEP][CLS]vascular disease","0"
"Mediastinal Liposarcoma[SEP][CLS]skin disease","0"
"Diffuse Cutaneous Systemic Sclerosis[SEP][CLS]leiomyosarcoma","0"
"Endometrial Disorder[SEP][CLS]GM2 gangliosidosis","0"
"Adult Meningeal Melanoma[SEP][CLS]female reproductive system disease","0"
"Malignant Sublingual Gland Neoplasm[SEP][CLS]B-cell acute lymphoblastic leukemia","0"
"Brain Glioblastoma[SEP][CLS]carbohydrate metabolic disorder","0"
"Brain Sarcoma[SEP][CLS]breast benign neoplasm","0"
"Ureter Urothelial Papilloma[SEP][CLS]primary bacterial infectious disease","0"
"Bone Angiosarcoma[SEP][CLS]bone sarcoma","1"
"Adult Pleomorphic Rhabdomyosarcoma[SEP][CLS]cholangitis","0"
"Trigeminal Nerve Neoplasm[SEP][CLS]viral infectious disease","0"
"Anal Disorder[SEP][CLS]kidney angiomyolipoma","0"
"Silicosis[SEP][CLS]intraductal breast benign neoplasm","0"
"Glomangiomyoma[SEP][CLS]uterine adnexa cancer","0"
"Angiokeratoma of Fordyce[SEP][CLS]small cell sarcoma","0"
"Skull Base Neoplasm[SEP][CLS]mucopolysaccharidosis","0"
"Intramedullary Spinal Cord Teratoma[SEP][CLS]rectal disease","0"
"Cellular Leiomyoma[SEP][CLS]lipoma","0"
"Glycogen-Rich, Clear Cell Breast Carcinoma[SEP][CLS]parasitic infectious disease","0"
"Progressive Myoclonus Epilepsy[SEP][CLS]variable age at onset electroclinical syndrome","1"
"Rectal Rhabdomyosarcoma[SEP][CLS]sweat gland disease","0"
"Alcoholic Polyneuropathy[SEP][CLS]testicular germ cell cancer","0"
"Gaucher Disease[SEP][CLS]cranial nerve disease","0"
"Fallopian Tube Serous Adenocarcinoma[SEP][CLS]hypersensitivity vasculitis","0"
"Portal Hypertension[SEP][CLS]hepatic vascular disease","1"
"Intrahepatic Cholangiocarcinoma[SEP][CLS]cervix carcinoma","0"
"Hypogonadism[SEP][CLS]personality disorder","0"
"Adenomatoid Tumor[SEP][CLS]liver disease","0"
"Gingival Recession[SEP][CLS]acquired polycythemia","0"
"Fredrickson Type V Lipidemia[SEP][CLS]intracranial hypertension","0"
"Essential Tremor[SEP][CLS]skin disease","0"
"Pyosalpinx[SEP][CLS]B-lymphoblastic leukemia/lymphoma","0"
"Cervical Verrucous Carcinoma[SEP][CLS]bone development disease","0"
"Splenic Abscess[SEP][CLS]non-Langerhans-cell histiocytosis","0"
"External Ear Disorder[SEP][CLS]auditory system disease","1"
"Acute Diffuse Glomerulonephritis[SEP][CLS]autoimmune disease of skin and connective tissue","0"
"Maxillary Sinusitis[SEP][CLS]sinusitis","1"
"Periodontal Disorder[SEP][CLS]malignant peripheral nerve sheath tumor","0"
"Chronic Neutrophilic Leukemia[SEP][CLS]familial periodic paralysis","0"
"Intermediate Uveitis[SEP][CLS]pulmonary fibrosis","0"
"Reflex Epilepsy[SEP][CLS]variable age at onset electroclinical syndrome","1"
"Ovarian Polyembryoma[SEP][CLS]benign ependymoma","0"
"Invasive Bladder Lipid-Rich Urothelial Carcinoma[SEP][CLS]biliary tract disease","0"
"Microscopic Colitis[SEP][CLS]malignant giant cell tumor","0"
"Obsessive Compulsive Disorder[SEP][CLS]vitreous disease","0"
"Myelitis[SEP][CLS]splenic disease","0"
"Gastrointestinal Stromal Tumor[SEP][CLS]gastrointestinal system cancer","1"
"Lichen Planus[SEP][CLS]ocular melanoma","0"
"Acquired Hemangioma[SEP][CLS]hemangioma","1"
"Small Intestinal VIP-Producing Neuroendocrine Tumor[SEP][CLS]benign neurilemmoma","0"
"Spastic Diplegia[SEP][CLS]small intestine benign neoplasm","0"
"Adult Brain Stem Glioma[SEP][CLS]polycythemia","0"
"Ovarian Surface Papilloma[SEP][CLS]ovarian germ cell teratoma","0"
"Ceruminous Adenocarcinoma[SEP][CLS]diabetes insipidus","0"
"Rectal Signet Ring Cell Adenocarcinoma[SEP][CLS]urinary tract papillary transitional cell benign neoplasm","0"
"Pars Planitis[SEP][CLS]cataract","0"
"Seizure Disorder[SEP][CLS]corneal edema","0"
"Blomstrand Type Chondrodysplasia[SEP][CLS]osteochondrodysplasia","1"
"Classic Congenital Mesoblastic Nephroma[SEP][CLS]congenital heart disease","0"
"Mature Teratoma[SEP][CLS]bone inflammation disease","0"
"Lung Large Cell Carcinoma with Rhabdoid Phenotype[SEP][CLS]skin disease","0"
"Childhood Multilocular Cystic Renal Neoplasm[SEP][CLS]lysosomal storage disease","0"
"Periodontal Disorder[SEP][CLS]skin benign neoplasm","0"
"Choroid Melanoma[SEP][CLS]neuroblastoma","0"
"Rete Ovarii Adenocarcinoma[SEP][CLS]foramen magnum meningioma","0"
"Parathyroid Gland Water-Clear Cell Adenoma[SEP][CLS]nerve plexus neoplasm","0"
"Cervical Keratinizing Squamous Cell Carcinoma[SEP][CLS]glycogen metabolism disorder","0"
"Early Invasive Cervical Squamous Cell Carcinoma[SEP][CLS]peripheral T-cell lymphoma","0"
"Ear Disorder[SEP][CLS]ampulla of Vater adenocarcinoma","0"
"Uterine Corpus Epithelioid Leiomyosarcoma[SEP][CLS]laryngeal carcinoma","0"
"Adult Malignant Peripheral Nerve Sheath Tumor[SEP][CLS]malignant peripheral nerve sheath tumor","1"
"Progressive Multifocal Leukoencephalopathy[SEP][CLS]sella turcica neoplasm","0"
"Malignant Small Intestinal Neoplasm[SEP][CLS]intestinal cancer","1"
"Splenic Disorder[SEP][CLS]osteosarcoma","0"
"Chronic Hepatitis[SEP][CLS]uveal melanoma","0"
"Eosinophilic Gastroenteritis[SEP][CLS]dermatitis","0"
"Histiocytoma[SEP][CLS]multiple sclerosis","0"
"Mediastinal Leiomyosarcoma[SEP][CLS]combined immunodeficiency","0"
"Ovarian Germ Cell Tumor[SEP][CLS]ovarian cancer","1"
"Renal Pelvis Urothelial Papilloma[SEP][CLS]upper respiratory tract disease","0"
"Suppurative Lymphadenitis[SEP][CLS]arthropathy","0"
"Dome of the Bladder[SEP][CLS]anal margin carcinoma","0"
"Thyroid Storm[SEP][CLS]bladder disease","0"
"Olfactory Groove Meningioma[SEP][CLS]anterior cranial fossa meningioma","1"
"Heroin Dependence[SEP][CLS]prostate cancer","0"
"Movement Disorder[SEP][CLS]pulmonary blastoma","0"
"Antisocial Personality Disorder[SEP][CLS]angiokeratoma","0"
"Histiocytosis[SEP][CLS]yaws","0"
"Mucopolysaccharidosis[SEP][CLS]gastrointestinal system disease","0"
"Multiple System Atrophy[SEP][CLS]malignant ovarian germ cell neoplasm","0"
"Esophageal Atresia[SEP][CLS]central nervous system teratoma","0"
"Intracranial Aneurysm[SEP][CLS]meningioma","0"
"Lung Adenoid Cystic Carcinoma[SEP][CLS]respiratory failure","0"
"Breast Spiradenoma[SEP][CLS]eye disease","0"
"Monkeypox[SEP][CLS]hereditary sensory neuropathy","0"
"Maple Syrup Urine Disease[SEP][CLS]skin glomangioma","0"
"Pineal Region Mature Teratoma[SEP][CLS]eosinophilic pneumonia","0"
"Hidradenitis Suppurativa[SEP][CLS]skin sarcoma","0"
"Malignant Colorectal Neoplasm[SEP][CLS]intestinal cancer","1"
"Childhood Osteosarcoma[SEP][CLS]vasculitis","0"
"Vulvar Paget Disease[SEP][CLS]posterior pituitary gland neoplasm","0"
"Mycosis Fungoides[SEP][CLS]primary cutaneous T-cell non-Hodgkin lymphoma","1"
"Malignant Jejunal Neoplasm[SEP][CLS]retinal cell cancer","0"
"Vulvar Squamous Papillomatosis[SEP][CLS]vulvar squamous papilloma","1"
"Mitral Valve Stenosis[SEP][CLS]skin sarcoma","0"
"Hunter Syndrome[SEP][CLS]medulloblastoma","0"
"Atypical Chronic Myeloid Leukemia[SEP][CLS]heart cancer","0"
"Chronic Salpingitis[SEP][CLS]autosomal dominant cerebellar ataxia","0"
"Testicular Choriocarcinoma[SEP][CLS]gallbladder carcinoma","0"
"Yolk Sac Tumor[SEP][CLS]germ cell cancer","1"
"Adult Testicular Granulosa Cell Tumor[SEP][CLS]thyroid gland disease","0"
"Carotid Artery Stenosis[SEP][CLS]osteochondrosis","0"
"Clear Cell Acanthoma[SEP][CLS]peroxisomal disease","0"
"Nerve Plexus Neoplasm[SEP][CLS]nervous system disease","0"
"Acute Myeloid Leukemia with Minimal Differentiation[SEP][CLS]acute myeloid leukemia","1"
"C3 Deficiency[SEP][CLS]opportunistic bacterial infectious disease","0"
"Interstitial Myositis[SEP][CLS]embryonal tumor with multilayered rosettes, C19MC-altered","0"
"Long QT Syndrome[SEP][CLS]intrinsic cardiomyopathy","1"
"Dermal Neoplasm[SEP][CLS]nutritional deficiency disease","0"
"Pilar Sheath Acanthoma[SEP][CLS]multifocal osteogenic sarcoma","0"
"Paralytic Ileus[SEP][CLS]adenomyoma of uterine corpus","0"
"Hypokalemic Periodic Paralysis[SEP][CLS]pituitary adenoma","0"
"Kawasaki Disease[SEP][CLS]lymphadenitis","1"
"Subglottic Verrucous Carcinoma[SEP][CLS]endocrine organ benign neoplasm","0"
"Prosopagnosia[SEP][CLS]penile disease","0"
"Early/Prefibrotic Primary Myelofibrosis[SEP][CLS]neurodegenerative disease","0"
"Acute Interstitial Pneumonia[SEP][CLS]familial periodic paralysis","0"
"Pseudomembranous Conjunctivitis[SEP][CLS]lung small cell carcinoma","0"
"Goldenhar Syndrome[SEP][CLS]brain stem glioma","0"
"Impulse-Control Disorder[SEP][CLS]cerebral degeneration","0"
"NUT Carcinoma[SEP][CLS]testis seminoma","0"
"Gestational Diabetes[SEP][CLS]rectal disease","0"
"Hymenolepiasis[SEP][CLS]heart valve disease","0"
"Acute Myeloid Leukemia (Megakaryoblastic) with t(1;22)(p13.3;q13.1); RBM15-MKL1[SEP][CLS]cystic teratoma","0"
"Pancreatic Acinar Cell Carcinoma[SEP][CLS]viral infectious disease","0"
"Acute Myeloid Leukemia with Minimal Differentiation[SEP][CLS]mucopolysaccharidosis","0"
"Pilomyxoid Astrocytoma[SEP][CLS]embryonal rhabdomyosarcoma","0"
"Paracoccidioidomycosis[SEP][CLS]ovarian cystadenocarcinoma","0"
"Subependymoma[SEP][CLS]benign ependymoma","1"
"Botulism[SEP][CLS]penis squamous cell carcinoma","0"
"Ovarian Mucinous Cystadenofibroma[SEP][CLS]breast sarcoma","0"
"Rheumatic Fever[SEP][CLS]primary hyperoxaluria","0"
"Cranial Nerve III Palsy[SEP][CLS]heart conduction disease","0"
"Aspergillosis[SEP][CLS]ovarian endodermal sinus tumor","0"
"Subependymal Giant Cell Astrocytoma[SEP][CLS]pericarditis","0"
"Fallopian Tube Papillary Adenocarcinoma[SEP][CLS]breast carcinoma","0"
"Vulvar Sarcoma[SEP][CLS]amino acid metabolic disorder","0"
"Central Nervous System Extraskeletal Osteosarcoma[SEP][CLS]central nervous system mesenchymal non-meningothelial tumor","1"
"Bronchopulmonary Dysplasia[SEP][CLS]lung disease","1"
"Intussusception[SEP][CLS]endometrial adenocarcinoma","0"
"Thanatophoric Dysplasia[SEP][CLS]osteochondrodysplasia","1"
"Pierre Robin Syndrome[SEP][CLS]male urethral cancer","0"
"Emphysematous Cholecystitis[SEP][CLS]intrahepatic cholangiocarcinoma","0"
"Pancreatic Vipoma[SEP][CLS]cell type benign neoplasm","0"
"Aspergillosis[SEP][CLS]opportunistic mycosis","1"
"Communicating Hydrocephalus[SEP][CLS]sinusitis","0"
"Borderline Personality Disorder[SEP][CLS]cerebral degeneration","0"
"Sandhoff Disease[SEP][CLS]sensory system disease","0"
"Angioedema[SEP][CLS]breast disease","0"
"Vaginal Adenosarcoma[SEP][CLS]vaginal carcinosarcoma","1"
"Liver Inflammatory Myofibroblastic Tumor[SEP][CLS]testicular yolk sac tumor","0"
"Meconium Aspiration Syndrome[SEP][CLS]peripheral nervous system neoplasm","0"
"Liver and Intrahepatic Bile Duct Disorder[SEP][CLS]malignant mesothelioma","0"
"Apical Myocardial Infarction by ECG Finding[SEP][CLS]ovary adenocarcinoma","0"
"Rectal Prolapse[SEP][CLS]duodenum disease","0"
"Posterior Pituitary Gland Neoplasm[SEP][CLS]myeloid neoplasm","0"
"Mediastinal Ganglioneuroblastoma[SEP][CLS]primary cutaneous T-cell non-Hodgkin lymphoma","0"
"Nystagmus[SEP][CLS]myocardial infarction","0"
"Childhood Intracranial Meningioma[SEP][CLS]struma ovarii","0"
"Cervical Mucinous Adenocarcinoma, Signet Ring Cell-Type[SEP][CLS]syndrome","0"
"Collagenous Colitis[SEP][CLS]liver disease","0"
"Anal Margin Paget Disease[SEP][CLS]muscular dystrophy","0"
"Solitary Reticulohistiocytoma[SEP][CLS]Castleman disease","0"
"Giant Cell Tumor[SEP][CLS]reproductive system disease","0"
"Ductal Eccrine Adenocarcinoma[SEP][CLS]sweat gland cancer","1"
"Mixed Epithelial and Mesenchymal Hepatoblastoma[SEP][CLS]osteogenesis imperfecta","0"
"Diaphragmatic Eventration[SEP][CLS]diaphragm disease","1"
"Lipoatrophic Diabetes Mellitus[SEP][CLS]adenoma","0"
"Thalamic Disease[SEP][CLS]sensory system disease","0"
"Migraine With Aura[SEP][CLS]primary bacterial infectious disease","0"
"Localized Pulmonary Fibrosis[SEP][CLS]bladder squamous cell carcinoma","0"
"Invasive Bladder Plasmacytoid Urothelial Carcinoma[SEP][CLS]urinary system disease","0"
"Extranodal Marginal Zone Lymphoma of Mucosa-Associated Lymphoid Tissue[SEP][CLS]osteosarcoma","0"
"Adult Central Nervous System Germinoma[SEP][CLS]bile duct cystadenoma","0"
"Carpal Tunnel Syndrome[SEP][CLS]cerebrum cancer","0"
"Clivus Chordoma[SEP][CLS]gastrointestinal system disease","0"
"Meningeal Melanocytosis[SEP][CLS]gastric adenocarcinoma","0"
"Childhood Ovarian Mature Teratoma[SEP][CLS]ovarian cancer","0"
"Hepatosplenic T-Cell Lymphoma[SEP][CLS]central nervous system disease","0"
"Childhood Extraskeletal Myxoid Chondrosarcoma[SEP][CLS]malignant giant cell tumor","0"
"Hereditary Leukokeratosis[SEP][CLS]cerebral degeneration","0"
"Anal Margin Basal Cell Carcinoma[SEP][CLS]salivary gland carcinoma","0"
"Malignant Supraglottis Neoplasm[SEP][CLS]articulation disorder","0"
"Inverted Follicular Keratosis[SEP][CLS]ovarian mucinous neoplasm","0"
"Oligohydramnios[SEP][CLS]intrahepatic cholangiocarcinoma","0"
"Macular Dystrophy, Retinal, 1[SEP][CLS]acquired polycythemia","0"
"Huntington's Disease[SEP][CLS]neurodegenerative disease","1"
"Tolosa-Hunt Syndrome[SEP][CLS]breast myoepitheliosis","0"
"Medulloblastoma, SHH-Activated, TP53-Wildtype[SEP][CLS]benign ependymoma","0"
"B Acute Lymphoblastic Leukemia with t(v;11q23.3); KMT2A Rearranged[SEP][CLS]B-lymphoblastic leukemia/lymphoma","1"
"Malignant Buccal Mucosa Neoplasm[SEP][CLS]cranial nerve disease","0"
"Miller Fisher Syndrome[SEP][CLS]testicular malignant germ cell cancer","0"
"Mediastinal Teratoma[SEP][CLS]peripheral vascular disease","0"
"Embryonal Tumor with Multilayered Rosettes, C19MC-Altered[SEP][CLS]invasive bladder transitional cell carcinoma","0"
"Alpha-Mannosidosis[SEP][CLS]mineral metabolism disease","0"
"Inflammatory Atypical Lipomatous Tumor/Well Differentiated Liposarcoma[SEP][CLS]cervicitis","0"
"Megacolon[SEP][CLS]cerebrum cancer","0"
"Acanthoma[SEP][CLS]hereditary sensory neuropathy","0"
"Frontal Sinus Neoplasm[SEP][CLS]breast cancer","0"
"Macrocytic Anemia[SEP][CLS]skin squamous cell carcinoma","0"
"Myocarditis[SEP][CLS]pulmonary emphysema","0"
"Intraocular Retinoblastoma[SEP][CLS]cerebellum cancer","0"
"Herpetic Whitlow[SEP][CLS]brain stem cancer","0"
"Vulvar Alveolar Soft Part Sarcoma[SEP][CLS]myopathy","0"
"Membranous Glomerulonephritis[SEP][CLS]breast myoepitheliosis","0"
"Primary Peritoneal Serous Papillary Adenocarcinoma[SEP][CLS]testicular yolk sac tumor","0"
"Head and Neck Neoplasm[SEP][CLS]thoracic disease","0"
"Conventional Angiosarcoma[SEP][CLS]ovarian dysfunction","0"
"Adult Embryonal Tumor with Multilayered Rosettes, C19MC-Altered[SEP][CLS]idiopathic interstitial pneumonia","0"
"Familial Periodic Paralysis[SEP][CLS]eye disease","0"
"Childhood Disintegrative Disorder[SEP][CLS]pervasive developmental disorder","1"
"Pancreatic Acinar Cell Cystadenocarcinoma[SEP][CLS]nasal cavity benign neoplasm","0"
"Breast Mixed Epithelial/Mesenchymal Metaplastic Carcinoma[SEP][CLS]hyperostosis","0"
"Physiological Polycythemia[SEP][CLS]non-Langerhans-cell histiocytosis","0"
"Paronychia[SEP][CLS]nail disease","1"
"Cutaneous Schwannoma[SEP][CLS]aortic aneurysm","0"
"Thrombophilia[SEP][CLS]megacolon","0"
"Chest Wall Parachordoma[SEP][CLS]cystitis","0"
"Cervicitis[SEP][CLS]synucleinopathy","0"
"Parathyroid Gland Oncocytic Adenoma[SEP][CLS]gonadal disease","0"
"Parathyroid Gland Oncocytic Adenoma[SEP][CLS]peroxisomal disease","0"
"Bilateral Breast Carcinoma[SEP][CLS]laryngeal carcinoma","0"
"Breast Intraductal Myoepitheliosis[SEP][CLS]diffuse large B-cell lymphoma","0"
"Malignant Uterine Corpus Neoplasm[SEP][CLS]syndrome","0"
"Pancreatic Cystadenocarcinoma[SEP][CLS]heart disease","0"
"Bone Surface (Peripheral) Osteosarcoma[SEP][CLS]benign teratoma","0"
"Seminal Vesicle Neoplasm[SEP][CLS]sarcoidosis","0"
"Scrotal Paget Disease[SEP][CLS]diffuse large B-cell lymphoma","0"
"Erythematosquamous Dermatosis[SEP][CLS]familial periodic paralysis","0"
"Childhood Brain Germinoma[SEP][CLS]hepatocellular carcinoma","0"
"Purpura[SEP][CLS]eye disease","0"
"Mixed Germ Cell Tumor[SEP][CLS]urethral disease","0"
"Panuveitis[SEP][CLS]autoimmune disease of endocrine system","0"
"Lymphedema[SEP][CLS]congenital nervous system abnormality","0"
"Anal Intraepithelial Neoplasia 3[SEP][CLS]kidney angiomyolipoma","0"
"Secondary Hyperparathyroidism[SEP][CLS]cell type benign neoplasm","0"
"Sexual Dysfunction[SEP][CLS]autoimmune disease of endocrine system","0"
"Acute Respiratory Failure[SEP][CLS]vulva cancer","0"
"Breast Apocrine Carcinoma[SEP][CLS]pre-malignant neoplasm","0"
"Pancreatitis[SEP][CLS]fetishism","0"
"Deep Fibrous Histiocytoma[SEP][CLS]lysosomal storage disease","0"
"Laryngeal Disorder[SEP][CLS]cerebellum cancer","0"
"Dacryoadenitis[SEP][CLS]kidney disease","0"
"Hereditary Hyperbilirubinemia[SEP][CLS]renal oncocytoma","0"
"Mitral Valve Insufficiency[SEP][CLS]myeloid neoplasm","0"
"Vaginitis[SEP][CLS]malignant pineal area germ cell neoplasm","0"
"Sandhoff Disease[SEP][CLS]adrenal gland disease","0"
"Anaplastic Astrocytoma[SEP][CLS]supratentorial cancer","0"
"Subacute Glomerulonephritis[SEP][CLS]peripheral T-cell lymphoma","0"
"Angiocentric Glioma[SEP][CLS]low grade glioma","1"
"Adrenal Gland Ganglioneuroblastoma[SEP][CLS]pneumoconiosis","0"
"Focal Embolic Glomerulonephritis[SEP][CLS]thoracic disease","0"
"Vulvar Angiokeratoma[SEP][CLS]vulvar benign neoplasm","1"
"Meesmann Corneal Dystrophy[SEP][CLS]epithelial and subepithelial dystrophy","1"
"Post-Streptococcal Glomerulonephritis[SEP][CLS]fallopian tube benign neoplasm","0"
"Localized Scleroderma[SEP][CLS]viral infectious disease","0"
"Reye Syndrome[SEP][CLS]spinal canal and spinal cord meningioma","0"
"Tay-Sachs Disease[SEP][CLS]GM2 gangliosidosis","1"
"Chronic Lymphocytic Leukemia/Small Lymphocytic Lymphoma with Immunoglobulin Heavy Chain Variable-Region Gene Somatic Hypermutation[SEP][CLS]chronic lymphocytic leukemia/small lymphocytic lymphoma","1"
"Prediabetes[SEP][CLS]superficial mycosis","0"
"Chronic Metabolic Polyneuropathy[SEP][CLS]chronic polyneuropathy","1"
"Leprosy[SEP][CLS]esophageal carcinoma","0"
"Parathyroid Gland Water-Clear Cell Adenoma[SEP][CLS]vein disease","0"
"Vulvar Apocrine Adenocarcinoma[SEP][CLS]non-Hodgkin lymphoma","0"
"Bladder Obstruction[SEP][CLS]bladder disease","1"
"Acute Necrotizing Encephalitis[SEP][CLS]rectum sarcoma","0"
"Hypohidrosis[SEP][CLS]carcinoma","0"
"Exudative Glomerulonephritis[SEP][CLS]uterine fibroid","0"
"Vulvar Keratoacanthoma[SEP][CLS]ovarian cancer","0"
"Childhood Testicular Mixed Germ Cell Tumor[SEP][CLS]urethral disease","0"
"Rothmund-Thomson Syndrome[SEP][CLS]trypanosomiasis","0"
"Verrucous Papilloma[SEP][CLS]peripheral vascular disease","0"
"Angular Cheilitis[SEP][CLS]epilepsy","0"
"Conduct Disorder[SEP][CLS]specific developmental disorder","1"
"Ovarian Clear Cell Adenocarcinofibroma[SEP][CLS]neuropathy","0"
"Comedo-Type Adenocarcinoma[SEP][CLS]vagina sarcoma","0"
"Tropical Sprue[SEP][CLS]spinal cancer","0"
"Solitary Reticulohistiocytoma[SEP][CLS]histiocytosis","1"
"Cystitis Glandularis[SEP][CLS]chronic cystitis","1"
"Nervous System Disorder[SEP][CLS]bladder disease","0"
"Transient Tic Disorder[SEP][CLS]tic disorder","1"
"Adiposis Dolorosa[SEP][CLS]keratoconjunctivitis","0"
"Hemochromatosis[SEP][CLS]skin disease","0"
"Cryoglobulinemia[SEP][CLS]uterine cancer","0"
"Mediastinal Liposarcoma[SEP][CLS]coccidiosis","0"
"Prostatic Urethra Urothelial Carcinoma[SEP][CLS]pigmentation disease","0"
"Partial Retinal Vein Occlusion[SEP][CLS]apocrine sweat gland neoplasm","0"
"Vernal Conjunctivitis[SEP][CLS]vagina sarcoma","0"
"Intrahepatic Bile Duct Mucinous Cystic Neoplasm[SEP][CLS]brain stem cancer","0"
"Vaginal Squamous Neoplasm[SEP][CLS]lipomatosis","0"
"Transient Retinal Arterial Occlusion[SEP][CLS]myositis","0"
"Breast Microglandular Adenosis[SEP][CLS]neurodegenerative disease","0"
"Latent Syphilis[SEP][CLS]melanoma","0"
"Nocardiosis[SEP][CLS]bone sarcoma","0"
"Mood Disorder[SEP][CLS]cognitive disorder","1"
"Farber Lipogranulomatosis[SEP][CLS]brain disease","0"
"Stevens-Johnson Syndrome[SEP][CLS]cardiovascular organ benign neoplasm","0"
"Hypogonadism[SEP][CLS]syndrome","0"
"Hereditary Leukokeratosis[SEP][CLS]skin disease","1"
"Myelitis[SEP][CLS]acute myeloid leukemia","0"
"Renal Pelvis Papillary Urothelial Neoplasm[SEP][CLS]orbital disease","0"
"Diffuse Lipomatosis[SEP][CLS]cerebral convexity meningioma","0"
"Pick's Disease[SEP][CLS]eccrine sweat gland cancer","0"
"Focal Epithelial Hyperplasia[SEP][CLS]B-lymphoblastic leukemia/lymphoma","0"
"Delusional Disorder[SEP][CLS]peroxisomal disease","0"
"Intravenous Leiomyomatosis[SEP][CLS]strabismus","0"
"GM2-Gangliosidosis, AB Variant[SEP][CLS]renal cell carcinoma","0"
"Nystagmus[SEP][CLS]testicular yolk sac tumor","0"
"Breast Squamous Cell Carcinoma, Spindle Cell Variant[SEP][CLS]metal metabolism disorder","0"
"Metachromatic Leukodystrophy[SEP][CLS]ulcerative stomatitis","0"
"Pars Planitis[SEP][CLS]blood coagulation disease","0"
"Hairy Cell Leukemia Variant[SEP][CLS]gastrointestinal system benign neoplasm","0"
"Chondroid Lipoma[SEP][CLS]chronic lymphocytic leukemia","0"
"Cole-Carpenter Syndrome[SEP][CLS]laryngeal carcinoma","0"
"Testicular Polyembryoma[SEP][CLS]communication disorder","0"
"Ovarian Clear Cell Adenofibroma[SEP][CLS]parathyroid adenoma","0"
"Coccidioidomycosis[SEP][CLS]tic disorder","0"
"Flying Phobia[SEP][CLS]strabismus","0"
"Dermatitis Herpetiformis[SEP][CLS]facial nerve disease","0"
"Central Nervous System Extraskeletal Osteosarcoma[SEP][CLS]ovary epithelial cancer","0"
"Mediastinal Neuroblastoma[SEP][CLS]ovarian cancer","0"
"Burning Mouth Syndrome[SEP][CLS]artery disease","0"
"Atypical Chronic Myeloid Leukemia[SEP][CLS]myelodysplastic/myeloproliferative neoplasm","1"
"Conventional Leiomyosarcoma[SEP][CLS]parasitic helminthiasis infectious disease","0"
"Atypical Spindle Cell/Pleomorphic Lipomatous Tumor[SEP][CLS]retinal degeneration","0"
"Toxic Shock Syndrome[SEP][CLS]penis squamous cell carcinoma","0"
"Breast Malignant Myoepithelioma[SEP][CLS]pilocytic astrocytoma","0"
"Central Nervous System Immature Teratoma[SEP][CLS]central nervous system teratoma","1"
"Neurofibroma[SEP][CLS]chromosomal deletion syndrome","0"
"Sertoli Cell-Only Syndrome[SEP][CLS]hypertension","0"
"Anomia[SEP][CLS]glomus tumor","0"
"Cerebral Atherosclerosis[SEP][CLS]thiamine deficiency disease","0"
"Embryonal Neoplasm[SEP][CLS]dermatitis","0"
"Duodenal Obstruction[SEP][CLS]diffuse large B-cell lymphoma","0"
"Otorrhea[SEP][CLS]central nervous system disease","0"
"Occult Lung Large Cell Carcinoma[SEP][CLS]motor neuron disease","0"
"Castration-Resistant Prostate Carcinoma[SEP][CLS]carcinoma","0"
"Acute Diffuse Glomerulonephritis[SEP][CLS]peripheral osteosarcoma","0"
"Accessory Nerve Disorder[SEP][CLS]glossopharyngeal nerve disease","1"
"Tarsal Tunnel Syndrome[SEP][CLS]heart valve disease","0"
"Acute Endometritis[SEP][CLS]vascular disease","0"
"Epithelioid Hemangioendothelioma[SEP][CLS]synovial sarcoma","0"
"Benign Teratoma[SEP][CLS]immune system organ benign neoplasm","0"
"Vaginal Mullerian Papilloma[SEP][CLS]skin melanoma","0"
"Thyroid Gland Anaplastic Carcinoma[SEP][CLS]strabismus","0"
"Fallopian Tube Mucinous Neoplasm[SEP][CLS]angiosarcoma","0"
"Down Syndrome[SEP][CLS]leukemia","0"
"Intrahepatic Bile Duct Intraductal Papillary Neoplasm[SEP][CLS]ovarian benign neoplasm","0"
"Drug Induced Lupus Erythematosus[SEP][CLS]lupus erythematosus","1"
"Miliary Tuberculosis[SEP][CLS]migraine","0"
"Skin Pseudovascular Squamous Cell Carcinoma[SEP][CLS]liposarcoma","0"
"B-Cell Prolymphocytic Leukemia[SEP][CLS]osteosarcoma","0"
"Degenerative Disorder[SEP][CLS]central nervous system disease","1"
"Neurofibroma[SEP][CLS]nervous system benign neoplasm","0"
"Bilateral Breast Carcinoma[SEP][CLS]breast disease","0"
"Color Blindness[SEP][CLS]complement deficiency","0"
"Primary Intracranial Sarcoma, DICER1-Mutant[SEP][CLS]sweat gland benign neoplasm","0"
"Ascariasis[SEP][CLS]bone osteosarcoma","0"
"Cardiac Sarcoidosis[SEP][CLS]lipoma","0"
"Astrocytoma, IDH-Mutant, Grade 2[SEP][CLS]IDH-mutant anaplastic astrocytoma","1"
"Malignant Olfactory Nerve Neoplasm[SEP][CLS]optic nerve disease","0"
"Maxillary Sinus Neoplasm[SEP][CLS]ganglioneuroblastoma","0"
"Vaginal Yolk Sac Tumor[SEP][CLS]dental pulp disease","0"
"Core Binding Factor Acute Myeloid Leukemia[SEP][CLS]malignant astrocytoma","0"
"Breast Capillary Hemangioma[SEP][CLS]hypopituitarism","0"
"Malignant Type A Thymoma[SEP][CLS]spindle cell thymoma","1"
"Malaria[SEP][CLS]intestinal disease","0"
"Cellular Congenital Mesoblastic Nephroma[SEP][CLS]dermatitis","0"
"Addison's Disease[SEP][CLS]meningioma","0"
"Childhood Choroid Plexus Neoplasm[SEP][CLS]salivary gland disease","0"
"Pressure Sore[SEP][CLS]vasculitis","0"
"Anaplastic Oligodendroglioma, IDH-Mutant and 1p/19q-Codeleted[SEP][CLS]liver benign neoplasm","0"
"Selective IgG Immunodeficiency[SEP][CLS]thyroid gland carcinoma","0"
"Sporadic Breast Carcinoma[SEP][CLS]diaphragm disease","0"
"Fredrickson Type IV Lipidemia[SEP][CLS]cranial nerve malignant neoplasm","0"
"Syndrome of Inappropriate Antidiuretic Hormone Secretion[SEP][CLS]pituitary gland disease","1"
"Noninvasive Malignant Thymoma[SEP][CLS]cystadenofibroma","0"
"Renal Pelvis Papillary Urothelial Neoplasm[SEP][CLS]conventional osteosarcoma","0"
"Emphysematous Cholecystitis[SEP][CLS]aortic disease","0"
"Optic Nerve Sheath Meningioma[SEP][CLS]kidney sarcoma","0"
"Balloon Cell Melanoma[SEP][CLS]conjunctival degeneration","0"
"Adenocarcinoma In Situ[SEP][CLS]in situ carcinoma","1"
"Extranodal Marginal Zone Lymphoma of Mucosa-Associated Lymphoid Tissue[SEP][CLS]marginal zone lymphoma","1"
"Mature B-Cell Neoplasm[SEP][CLS]medulloblastoma","0"
"Cholangiolocellular Carcinoma[SEP][CLS]strabismus","0"
"Papillary Squamous Cell Carcinoma[SEP][CLS]endocrine gland cancer","0"
"Bile Duct Perforation[SEP][CLS]ovarian benign neoplasm","0"
"Secondary Syphilis[SEP][CLS]diffuse large B-cell lymphoma","0"
"Urethral Diverticulum[SEP][CLS]rhabdomyosarcoma","0"
"Sebaceous Gland Neoplasm[SEP][CLS]male reproductive system disease","0"
"Papillary Craniopharyngioma[SEP][CLS]myotonic disease","0"
"Oral Cavity Disorder[SEP][CLS]functioning pituitary adenoma","0"
"Childhood Medulloblastoma[SEP][CLS]bone resorption disease","0"
"Kearns-Sayre Syndrome[SEP][CLS]congenital mesoblastic nephroma","0"
"Malignancy in Giant Cell Tumor of Bone[SEP][CLS]bile duct cystadenoma","0"
"Arteriolosclerosis[SEP][CLS]heart conduction disease","0"
"Malignant Ovarian Brenner Tumor[SEP][CLS]retinal cell cancer","0"
"Gastric Antral Vascular Ectasia[SEP][CLS]capillary disease","1"
"Penile Leukoplakia[SEP][CLS]connective tissue benign neoplasm","0"
"Pyelonephritis[SEP][CLS]cervix carcinoma","0"
"Dysembryoplastic Neuroepithelial Tumor[SEP][CLS]connective tissue disease","0"
"Malignant Nasolacrimal Duct Neoplasm[SEP][CLS]intestinal benign neoplasm","0"
"Solid Pseudopapillary Carcinoma of the Pancreas[SEP][CLS]pancreatic carcinoma","1"
"Lissencephaly[SEP][CLS]testicular cancer","0"
"Cervical Atypical Polypoid Adenomyoma[SEP][CLS]thyroiditis","0"
"Childhood Cerebral Astrocytoma[SEP][CLS]parachordoma","0"
"Tinea Versicolor[SEP][CLS]lymphoma","0"
"Placental Site Trophoblastic Tumor[SEP][CLS]myositis","0"
"Polymicrogyria[SEP][CLS]hepatocellular carcinoma","0"
"Vulvar Squamous Neoplasm[SEP][CLS]optic nerve glioma","0"
"Granular Cell Tumor of the Sellar Region[SEP][CLS]cecal disease","0"
"Gallbladder Signet Ring Cell Carcinoma[SEP][CLS]gastrointestinal allergy","0"
"Proteus Syndrome[SEP][CLS]PTEN hamartoma tumor syndrome","1"
"Round Cell Liposarcoma[SEP][CLS]communication disorder","0"
"Cardiovascular Disorder[SEP][CLS]ovarian mucinous neoplasm","0"
"Cavernous Hemangioma of the Face[SEP][CLS]B-lymphoblastic leukemia/lymphoma","0"
"Urachal Urothelial Carcinoma[SEP][CLS]bladder urachal carcinoma","1"
"Hypochromic Anemia[SEP][CLS]hypertension","0"
"Bladder Signet Ring Cell Adenocarcinoma[SEP][CLS]bladder adenocarcinoma","1"
"Brain Oligodendroglioma[SEP][CLS]viral infectious disease","0"
"Pneumoconiosis[SEP][CLS]lung squamous cell carcinoma","0"
"Testicular Rhabdomyosarcoma[SEP][CLS]viral infectious disease","0"
"Signet Ring Cell Intrahepatic Cholangiocarcinoma[SEP][CLS]lipomatosis","0"
"Juvenile Myelomonocytic Leukemia[SEP][CLS]non-Langerhans-cell histiocytosis","0"
"Cutaneous Granular Cell Tumor[SEP][CLS]dermatitis","0"
"Pica Eating Disorder[SEP][CLS]periodontal disease","0"
"Hypochondriasis[SEP][CLS]polycythemia","0"
"Invasive Bladder Plasmacytoid Urothelial Carcinoma[SEP][CLS]breast adenocarcinoma","0"
"Brain Liposarcoma[SEP][CLS]intrinsic cardiomyopathy","0"
"Rickets[SEP][CLS]bone remodeling disease","1"
"Lacrimal Gland Carcinoma ex Pleomorphic Adenoma[SEP][CLS]hyperpituitarism","0"
"Corneal Disorder[SEP][CLS]ovarian benign neoplasm","0"
"Spinal Muscular Atrophy[SEP][CLS]acrofacial dysostosis","0"
"Mesenchymal Extraskeletal Chondrosarcoma[SEP][CLS]extraskeletal myxoid chondrosarcoma","1"
"Hiatal Hernia[SEP][CLS]tracheal disease","0"
"Supratentorial Ependymoma, ZFTA-RELA Fusion-Positive[SEP][CLS]kidney benign neoplasm","0"
"Double Outlet Right Ventricle[SEP][CLS]intestinal benign neoplasm","0"
"Malignant Sphenoid Sinus Neoplasm[SEP][CLS]lymphoma","0"
"Acute Cholangitis[SEP][CLS]ovary sarcoma","0"
"Invasive Renal Pelvis and Ureter Urothelial Carcinoma[SEP][CLS]eye disease","0"
"Osteosarcoma Arising in Paget Disease of Bone[SEP][CLS]vitamin metabolic disorder","0"
"Reflex Epilepsy[SEP][CLS]carbohydrate metabolic disorder","0"
"Metastatic Lactotroph Pituitary Neuroendocrine Tumor[SEP][CLS]pituitary carcinoma","1"
"Liver Leiomyoma[SEP][CLS]keratosis","0"
"Hypertrophic Pyloric Stenosis[SEP][CLS]pyloric stenosis","1"
"Lumbar Intraspinal Meningioma[SEP][CLS]gastric outlet obstruction","0"
"Choledochal Cyst[SEP][CLS]lysosomal storage disease","0"
"Hilar Cholangiocarcinoma[SEP][CLS]viral infectious disease","0"
"Epicardial Lipoma[SEP][CLS]lymphoma","0"
"Invasive Bladder Plasmacytoid Urothelial Carcinoma[SEP][CLS]invasive bladder transitional cell carcinoma","1"
"Breast Squamous Cell Carcinoma, Large Cell Keratinizing Variant[SEP][CLS]combined immunodeficiency","0"
"Spinal Muscular Atrophy[SEP][CLS]apocrine sweat gland neoplasm","0"
"Malignant Ovarian Epithelial Tumor[SEP][CLS]renal carcinoma","0"
"Hypoparathyroidism[SEP][CLS]bile duct carcinoma","0"
"Gastric Signet Ring Cell Adenocarcinoma[SEP][CLS]posterior fossa ependymoma","0"
"Breast Solid Papillary Carcinoma[SEP][CLS]cervical squamous cell carcinoma","0"
"Supratentorial Ependymoma ZFTA Fusion-Positive[SEP][CLS]nerve compression syndrome","0"
"Orbit Embryonal Rhabdomyosarcoma[SEP][CLS]adult brain stem glioma","0"
"Seminal Vesicle Neoplasm[SEP][CLS]sclerosing cholangitis","0"
"Leprosy[SEP][CLS]secondary Parkinson disease","0"
"Childhood Ependymoma[SEP][CLS]muscular dystrophy","0"
"Ganglioneuroblastoma, Nodular[SEP][CLS]pigmentation disease","0"
"Papillary Adenofibroma[SEP][CLS]primary thrombocytopenia","0"
"Malignant Ovarian Cyst[SEP][CLS]retinal macular dystrophy","0"
"Supraglottis Neoplasm[SEP][CLS]vascular disease","0"
"Phosphorus Metabolic Disorder[SEP][CLS]central nervous system germ cell tumor","0"
"Malignant Pylorus Neoplasm[SEP][CLS]skin benign neoplasm","0"
"Acquired Color Blindness[SEP][CLS]color blindness","1"
"Nephritis[SEP][CLS]kidney disease","1"
"Gastritis[SEP][CLS]spinal cord glioma","0"
"Trochlear Nerve Neoplasm[SEP][CLS]autism spectrum disorder","0"
"Lymphoplasmacyte-Rich Meningioma[SEP][CLS]central nervous system immature teratoma","0"
"Benign Secondary Hypertension[SEP][CLS]diabetes mellitus","0"
"Depression[SEP][CLS]central nervous system benign neoplasm","0"
"Breast Columnar Cell Mucinous Carcinoma[SEP][CLS]perivascular tumor","0"
"Hypertrophic Pyloric Stenosis[SEP][CLS]female reproductive system disease","0"
"Coronary Artery Stenosis[SEP][CLS]benign giant cell tumor","0"
"Malignant Melanotic Psammomatous Peripheral Nerve Sheath Tumor[SEP][CLS]cervix carcinoma","0"
"Indolent Systemic Mastocytosis[SEP][CLS]communication disorder","0"
"Protein Energy Malnutrition[SEP][CLS]cervicitis","0"
"Medullomyoblastoma[SEP][CLS]essential hypertension","0"
"Embryonal Tumor with Multilayered Rosettes[SEP][CLS]sarcoma","0"
"Lysosomal Storage Disease[SEP][CLS]male reproductive organ cancer","0"
"Tetanus Neonatorum[SEP][CLS]gastrointestinal system benign neoplasm","0"
"Prostatitis[SEP][CLS]peripheral nervous system disease","0"
"Central Retinal Vein Occlusion[SEP][CLS]fallopian tube disease","0"
"Menkes Disease[SEP][CLS]gastrointestinal system benign neoplasm","0"
"Cholangitis[SEP][CLS]anemia","0"
"Testicular Polyembryoma[SEP][CLS]skin squamous cell carcinoma","0"
"Somatostatin-Producing Neuroendocrine Tumor[SEP][CLS]muscle benign neoplasm","0"
"Glucose Intolerance[SEP][CLS]hyperpituitarism","0"
"Glucose-6-Phosphate Dehydrogenase Deficiency[SEP][CLS]syndrome","0"
"Vitamin C Deficiency[SEP][CLS]lysosomal storage disease","0"
"Eating Disorder[SEP][CLS]necrosis of pituitary","0"
"Mediastinal Teratoma[SEP][CLS]histiocytic and dendritic cell cancer","0"
"Malignant Mesenchymoma[SEP][CLS]female reproductive system disease","0"
"Intestinal Neuroendocrine Neoplasm[SEP][CLS]EEC syndrome","0"
"Breast Sebaceous Carcinoma[SEP][CLS]primary bacterial infectious disease","0"
"Heart Disorder[SEP][CLS]choriocarcinoma","0"
"Indolent Systemic Mastocytosis[SEP][CLS]thymic carcinoma","0"
"Achromatopsia[SEP][CLS]benign teratoma","0"
"Paranasal Sinus Disorder[SEP][CLS]bone osteosarcoma","0"
"Testicular Yolk Sac Tumor, Enteric Pattern[SEP][CLS]skin benign neoplasm","0"
"Kabuki Syndrome[SEP][CLS]disease of anatomical entity","0"
"Kawasaki Disease[SEP][CLS]viral infectious disease","0"
"Nevoid Basal Cell Carcinoma Syndrome[SEP][CLS]syndrome","1"
"Physiological Polycythemia[SEP][CLS]penis squamous cell carcinoma","0"
"Malignant Leptomeningeal Neoplasm[SEP][CLS]intestinal disease","0"
"Nipple Neoplasm[SEP][CLS]teratoma","0"
"Transient Tic Disorder[SEP][CLS]ovarian cancer","0"
"Acute Respiratory Distress Syndrome[SEP][CLS]posterior pituitary gland neoplasm","0"
"Dracunculiasis[SEP][CLS]lacrimal apparatus disease","0"
"Dedifferentiated Chondrosarcoma[SEP][CLS]breast adenocarcinoma","0"
"Spinal Multifocal Clear Cell Meningioma[SEP][CLS]glossopharyngeal nerve disease","0"
"Invasive Bladder Clear Cell (Glycogen-Rich) Urothelial Carcinoma[SEP][CLS]pineal region teratoma","0"
"Glandular Malignant Peripheral Nerve Sheath Tumor[SEP][CLS]carbohydrate metabolic disorder","0"
"Extraskeletal Osteosarcoma[SEP][CLS]endometrial adenocarcinoma","0"
"Medulloblastoma, Non-WNT/Non-SHH[SEP][CLS]keratosis","0"
"Linitis Plastica[SEP][CLS]thyroid gland papillary carcinoma","0"
"Mediastinal Soft Tissue Neoplasm[SEP][CLS]craniosynostosis","0"
"Migraine[SEP][CLS]connective tissue cancer","0"
"Gyrate Atrophy[SEP][CLS]urinary system disease","0"
"Schwannoma[SEP][CLS]sweat gland benign neoplasm","0"
"Bile Duct Disorder[SEP][CLS]ovarian endodermal sinus tumor","0"
"Pulmonary Alveolar Proteinosis[SEP][CLS]anencephaly","0"
"Adult Spinal Cord Ependymoma[SEP][CLS]malignant peripheral nerve sheath tumor","0"
"Subacute Lymphocytic Thyroiditis[SEP][CLS]tooth disease","0"
"Clivus Chondroid Chordoma[SEP][CLS]physical disorder","0"
"Desbuquois Dysplasia[SEP][CLS]osteochondrodysplasia","1"
"Macrocytic Anemia[SEP][CLS]ulcerative stomatitis","0"
"Megaesophagus[SEP][CLS]kidney cancer","0"
"Acinar Cell Carcinoma[SEP][CLS]carcinoma","1"
"Sexual Sadism[SEP][CLS]vagina botryoid rhabdomyosarcoma","0"
"Verrucous Lesion[SEP][CLS]bile duct cystadenoma","0"
"Gliomatosis Cerebri[SEP][CLS]gastrointestinal system benign neoplasm","0"
"Retinal Disorder[SEP][CLS]central nervous system germinoma","0"
"Bladder Hepatoid Adenocarcinoma[SEP][CLS]female reproductive system disease","0"
"Retinal Cell Neoplasm[SEP][CLS]filariasis","0"
"Adult Brain Stem Gliosarcoma[SEP][CLS]embryonal rhabdomyosarcoma","0"
"Uveal Intermediate Cell Type Melanoma[SEP][CLS]ocular melanoma","1"
"Mitral Valve Disorder[SEP][CLS]paraplegia","0"
"Albright Hereditary Osteodystrophy without Multiple Hormone Resistance[SEP][CLS]pseudohypoparathyroidism","1"
"Breast Myoepitheliosis[SEP][CLS]malaria","0"
"Clear Cell Cystadenofibroma[SEP][CLS]acute myeloid leukemia","0"
"Astrocytoma, IDH-Mutant, Grade 4[SEP][CLS]nodular ganglioneuroblastoma","0"
"Cauda Equina Neuroendocrine Tumor[SEP][CLS]cutaneous mastocytosis","0"
"Achenbach Syndrome[SEP][CLS]myelodysplastic/myeloproliferative neoplasm","0"
"Penile Basaloid Squamous Cell Carcinoma[SEP][CLS]familial periodic paralysis","0"
"Primary Open Angle Glaucoma[SEP][CLS]renal hypertension","0"
"Refractive Error[SEP][CLS]lip disease","0"
"Diffuse Midline Glioma, H3 K27M-Mutant[SEP][CLS]relapsing fever","0"
"Metachronous Kidney Wilms Tumor[SEP][CLS]B-cell lymphoma","0"
"Chordoma[SEP][CLS]urethra squamous cell carcinoma","0"
"Plasmablastic Lymphoma[SEP][CLS]peritoneal serous adenocarcinoma","0"
"Anal Paget Disease[SEP][CLS]lipid metabolism disorder","0"
"Extrahepatic Cholestasis[SEP][CLS]vaginal adenoma","0"
"Adenosine Deaminase Deficiency[SEP][CLS]prion disease","0"
"Breast Capillary Hemangioma[SEP][CLS]breast hemangioma","1"
"Subungual Glomus Tumor[SEP][CLS]cranial nerve malignant neoplasm","0"
"Incontinentia Pigmenti[SEP][CLS]skin disease","0"
"Galactocele[SEP][CLS]breast cyst","1"
"Eclampsia[SEP][CLS]paraphilia disorder","0"
"Yellow Fever Virus Infection[SEP][CLS]acute asthma","0"
"Extraskeletal Ewing Sarcoma[SEP][CLS]sweat gland benign neoplasm","0"
"Clear Cell Hepatocellular Carcinoma[SEP][CLS]uveal disease","0"
"Cervical Symmetrical Lipomatosis[SEP][CLS]spinal cancer","0"
"Albright Hereditary Osteodystrophy without Multiple Hormone Resistance[SEP][CLS]periodontal disease","0"
"Holmes-Adie Syndrome[SEP][CLS]skin carcinoma","0"
"Agoraphobia[SEP][CLS]fallopian tube cancer","0"
"Chronic Maxillary Sinusitis[SEP][CLS]breast carcinoma","0"
"Pulmonary Interstitial Emphysema[SEP][CLS]thyroid gland disease","0"
"Polycythemia Vera[SEP][CLS]skin benign neoplasm","0"
"Parathyroid Gland Mixed Cell Type Adenoma[SEP][CLS]syphilis","0"
"Intestinal Volvulus[SEP][CLS]paraplegia","0"
"Occipital Lobe Neoplasm[SEP][CLS]cerebrum cancer","1"
"Childhood Central Nervous System Germinoma[SEP][CLS]thyroid gland carcinoma","0"
"Schizoid Personality Disorder[SEP][CLS]personality disorder","1"
"Breast Adenoid Cystic Carcinoma[SEP][CLS]breast carcinoma","1"
"Mongolian Spot[SEP][CLS]herpes simplex","0"
"Ovarian Endometrioid Cystadenoma[SEP][CLS]ureteral disease","0"
"Skull Base Neoplasm[SEP][CLS]choroid plexus cancer","0"
"Thyroiditis[SEP][CLS]central nervous system adult germ cell tumor","0"
"Thymoma Type B3[SEP][CLS]B-cell lymphoma","0"
"Gastric Immature Teratoma[SEP][CLS]medulloblastoma non-WNT/non-SHH","0"
"Ciliary Body Disorder[SEP][CLS]glomerulonephritis","0"
"Vaginal Villous Adenoma[SEP][CLS]lymphomatoid granulomatosis","0"
"Platelet Disorder[SEP][CLS]lens disease","0"
"Obese[SEP][CLS]pigmentation disease","0"
"Childhood Hepatocellular Carcinoma[SEP][CLS]vaginal benign neoplasm","0"
"Physiological Polycythemia[SEP][CLS]pancreatic cystadenocarcinoma","0"
"Extraskeletal Ewing Sarcoma[SEP][CLS]pituitary adenoma","0"
"Breast Fat Necrosis[SEP][CLS]sweat gland disease","0"
"Myeloid Leukemia Associated with Down Syndrome[SEP][CLS]nasal cavity benign neoplasm","0"
"Lactic Acidosis[SEP][CLS]malignant peripheral nerve sheath tumor","0"
"Acute Myeloid Leukemia without Maturation[SEP][CLS]lung benign neoplasm","0"
"Malignant Gingival Neoplasm[SEP][CLS]oral cavity cancer","1"
"Farmer's Lung[SEP][CLS]glomerulonephritis","0"
"Kidney Leiomyosarcoma[SEP][CLS]hormone producing pituitary cancer","0"
"Gangrenous Stomatitis[SEP][CLS]skin benign neoplasm","0"
"Spinal Muscular Atrophy of Childhood[SEP][CLS]Guillain-Barre syndrome","0"
"Testicular Yolk Sac Tumor, Polyvesicular Vitelline Pattern[SEP][CLS]hereditary sensory neuropathy","0"
"Papillary Tumor of the Pineal Region[SEP][CLS]cerebrum cancer","0"
"Cerebral Embryonal Tumor, Not Otherwise Specified[SEP][CLS]stomach cancer","0"
"Waterhouse-Friderichsen Syndrome[SEP][CLS]nephroblastoma","0"
"Embryonal Neoplasm[SEP][CLS]vulva cancer","0"
"Fungal Infection[SEP][CLS]cholangitis","0"
"Solitary Mastocytoma of the Skin[SEP][CLS]penis squamous cell carcinoma","0"
"Oxyphilic Endometrial Endometrioid Adenocarcinoma[SEP][CLS]chromosomal duplication syndrome","0"
"Emphysematous Cholecystitis[SEP][CLS]small intestine cancer","0"
"Double Outlet Right Ventricle[SEP][CLS]endolymphatic hydrops","0"
"Fetal Valproate Syndrome[SEP][CLS]ocular motility disease","0"
"Acute Periodontitis[SEP][CLS]malaria","0"
"Thalamic Disease[SEP][CLS]urinary bladder cancer","0"
"Intraventricular Brain Neoplasm[SEP][CLS]cerebral hemisphere lipoma","0"
"Pulmonary Veno-Occlusive Disease[SEP][CLS]heart disease","0"
"Fallopian Tube Mucinous Neoplasm[SEP][CLS]Griscelli syndrome","0"
"Peripheral Nerve Schwannoma[SEP][CLS]lung squamous cell carcinoma","0"
"Microcystic/Reticular Schwannoma[SEP][CLS]peripheral nervous system disease","0"
"Acute Myeloid Leukemia with BCR-ABL1[SEP][CLS]skin benign neoplasm","0"
"Testicular Granulosa Cell Tumor[SEP][CLS]pituitary adenoma","0"
"Adult Central Nervous System Teratoma[SEP][CLS]vulvar benign neoplasm","0"
"Skin Squamous Papilloma[SEP][CLS]pancreatic adenocarcinoma","0"
"Hemoglobin C Disease[SEP][CLS]autosomal recessive cerebellar ataxia","0"
"Acute Intestinal Ischemia[SEP][CLS]substance-related disorder","0"
"Morquio Syndrome[SEP][CLS]vulva carcinoma","0"
"Whipple Disease[SEP][CLS]synostosis","0"
"Sarcomatoid Carcinoma[SEP][CLS]pineal region teratoma","0"
"Bartholin Gland Neoplasm[SEP][CLS]vestibular gland benign neoplasm","1"
"Neurotoxicity Syndrome[SEP][CLS]hidradenitis","0"
"Testicular Seminoma, Cribriform Variant[SEP][CLS]larynx cancer","0"
"Sea-Blue Histiocyte Syndrome[SEP][CLS]cholestasis","0"
"Ovarian Mucinous Cystadenoma[SEP][CLS]hematologic cancer","0"
"Neurofibromatosis Type 2[SEP][CLS]breast carcinoma","0"
"Esophageal Neuroendocrine Neoplasm[SEP][CLS]myocardial infarction","0"
"Pineal Parenchymal Tumor of Intermediate Differentiation[SEP][CLS]gastritis","0"
"Central Nervous System Hibernoma[SEP][CLS]tauopathy","0"
"Hereditary Papillary Renal Cell Carcinoma[SEP][CLS]breast metaplastic carcinoma","0"
"Spinal Cord Astrocytoma[SEP][CLS]skin disease","0"
"Hereditary Retinoblastoma[SEP][CLS]spinal canal and spinal cord meningioma","0"
"Lung Clear Cell Tumor[SEP][CLS]eccrine sweat gland cancer","0"
"Occipital Lobe Neoplasm[SEP][CLS]testicular germ cell cancer","0"
"Cerebrotendinous Xanthomatosis[SEP][CLS]xanthomatosis","1"
"Lipodystrophy[SEP][CLS]sinusitis","0"
"Thrombotic Thrombocytopenic Purpura[SEP][CLS]female reproductive system disease","0"
"Bladder Mixed Adenocarcinoma[SEP][CLS]neurilemmoma","0"
"Anomia[SEP][CLS]brain ischemia","0"
"Acute Respiratory Failure[SEP][CLS]leiomyoma","0"
"Dermatophytosis of Scalp and Beard[SEP][CLS]ovary adenocarcinoma","0"
"Ochronosis[SEP][CLS]ovary epithelial cancer","0"
"Unilateral Retinoblastoma[SEP][CLS]retinal detachment","0"
"Organic Mental Disorder[SEP][CLS]primary systemic mycosis","0"
"Breast Leiomyoma[SEP][CLS]intestinal benign neoplasm","0"
"Breast Engorgement in Newborn[SEP][CLS]breast disease","1"
"Specific Phobia[SEP][CLS]bone deterioration disease","0"
"Occult Lung Squamous Cell Carcinoma[SEP][CLS]breast cyst","0"
"Pathological Gambling[SEP][CLS]peripheral T-cell lymphoma","0"
"Organic Mental Disorder[SEP][CLS]myositis","0"
"von Willebrand Disease, Type 3[SEP][CLS]communication disorder","0"
"Testicular Germ Cell Tumor[SEP][CLS]testicular cancer","1"
"Multiple Skull Base Meningiomas[SEP][CLS]ganglioneuroblastoma","0"
"Parathyroid Gland Disorder[SEP][CLS]spinal cancer","0"
"Herpes Simplex Virus Infection[SEP][CLS]pneumonia","0"
"Heart Disorder[SEP][CLS]myopathy","0"
"Epicardial Neoplasm[SEP][CLS]eating disorder","0"
"Polydactyly[SEP][CLS]congenital hypoplastic anemia","0"
"Malignant Melanotic Peripheral Nerve Sheath Tumor[SEP][CLS]breast benign neoplasm","0"
"Benign Migratory Glossitis[SEP][CLS]migraine","0"
"Infectious Mononucleosis[SEP][CLS]liver cirrhosis","0"
"Congenital Septal Defect[SEP][CLS]female urethral cancer","0"
"Depression[SEP][CLS]extrahepatic bile duct adenoma","0"
"Hemolytic Anemia[SEP][CLS]cholangitis","0"
"Neurogenic Bladder[SEP][CLS]syndrome","0"
"Adult Brain Ependymoma[SEP][CLS]brain ependymoma","1"
"Cervical Villoglandular Adenocarcinoma[SEP][CLS]hypothalamic disease","0"
"Testicular Polyembryoma[SEP][CLS]facial nerve disease","0"
"Jejunal Somatostatin-Producing Neuroendocrine Tumor[SEP][CLS]orbit sarcoma","0"
"Schwannoma[SEP][CLS]splenic manifestation of leukemia","0"
"Testicular Thecoma[SEP][CLS]extrahepatic bile duct adenocarcinoma","0"
"Extrahepatic Bile Duct Signet Ring Cell Carcinoma[SEP][CLS]ampulla of Vater carcinoma","0"
"Spindle Cell Synovial Sarcoma[SEP][CLS]squamous cell carcinoma","0"
"Gliosarcoma[SEP][CLS]glioblastoma","1"
"Adult Hepatocellular Carcinoma[SEP][CLS]parotid disease","0"
"Intestinal Volvulus[SEP][CLS]rectosigmoid junction cancer","0"
"Childhood Central Nervous System Germinoma[SEP][CLS]stomach cancer","0"
"Adult Cystic Nephroma[SEP][CLS]neuroma","0"
"Pityriasis Rosea[SEP][CLS]brain sarcoma","0"
"Corneal Melanoma[SEP][CLS]ovarian dysfunction","0"
"Breast Epithelioid Hemangioma[SEP][CLS]connective tissue disease","0"
"Multiple System Atrophy[SEP][CLS]breast cyst","0"
"Uterine Ligament Serous Adenocarcinoma[SEP][CLS]salpingitis","0"
"Familial Polycythemia[SEP][CLS]respiratory system disease","0"
"Childhood Testicular Germ Cell Tumor[SEP][CLS]thymoma","0"
"Krukenberg Tumor[SEP][CLS]ovary epithelial cancer","1"
"Gastric Cronkhite Canada Polyposis[SEP][CLS]iris disease","0"
"Ear Disorder[SEP][CLS]cerebellar disease","0"
"Plantar Verrucous Carcinoma[SEP][CLS]skin squamous cell carcinoma","1"
"Multiple Self Healing Epithelioma of Ferguson-Smith[SEP][CLS]keratoacanthoma","1"
"Mediastinal Angiosarcoma[SEP][CLS]synovial sarcoma","0"
"Large Cell Carcinoma[SEP][CLS]islet cell tumor","0"
"Metastatic Carotid Body Paraganglioma[SEP][CLS]vascular cancer","1"
"Protein S Deficiency Disease[SEP][CLS]thrombophilia","1"
"Ectrodactyly-Ectodermal Dysplasia-Cleft Syndrome[SEP][CLS]EEC syndrome","1"
"Thyroid Gland Disorder[SEP][CLS]vulvar sarcoma","0"
"Diabetes Insipidus[SEP][CLS]chondrosarcoma","0"
"Neurofibromatosis Type 1[SEP][CLS]malignant dermis tumor","0"
"Diffuse Leptomeningeal Glioneuronal Tumor[SEP][CLS]meningioma","0"
"Amblyopia[SEP][CLS]breast benign neoplasm","0"
"Hyperestrogenism[SEP][CLS]ovarian dysfunction","1"
"Selective IgD Immunodeficiency[SEP][CLS]opportunistic mycosis","0"
"Thyroid Gland Hyalinizing Trabecular Tumor[SEP][CLS]hormone producing pituitary cancer","0"
"Pica Eating Disorder[SEP][CLS]anemia","0"
"Vaginal Villous Adenoma[SEP][CLS]vaginal adenoma","1"
"Genital Herpes[SEP][CLS]eye disease","0"
"Volkmann's Ischemic Contracture[SEP][CLS]chromosomal disease","0"
"Trichomonas Infection[SEP][CLS]peripheral nerve sheath neoplasm","0"
"Smith-Lemli-Opitz Syndrome[SEP][CLS]germ cell cancer","0"
"Bladder Disorder[SEP][CLS]biliary papillomatosis","0"
"Vulvar Keratoacanthoma[SEP][CLS]perivascular tumor","0"
"Cervical Basaloid Carcinoma[SEP][CLS]spinal cord ependymoma","0"
"Skin Undifferentiated Pleomorphic Sarcoma[SEP][CLS]benign perivascular tumor","0"
"Cranial Nerve III Palsy[SEP][CLS]supratentorial ependymoma","0"
"Mastocytosis[SEP][CLS]heart sarcoma","0"
"CADASIL Syndrome[SEP][CLS]prostate carcinoma","0"
"Type II Acrocephalopolysyndactyly[SEP][CLS]urinary system disease","0"
"Splenic Manifestation of Hairy Cell Leukemia[SEP][CLS]diencephalic neoplasm","0"
"Skin Squamous Papilloma[SEP][CLS]cervical adenomyoma","0"
"Breast Ductal Adenoma[SEP][CLS]neuropathy","0"
"Benign Lymphoepithelial Lesion of the Salivary Gland[SEP][CLS]chronic ulcer of skin","0"
"Polycythemia Neonatorum[SEP][CLS]ganglioneuroblastoma","0"
"Fasciitis[SEP][CLS]pericardium disease","0"
"Acute Myeloid Leukemia with Biallelic CEBPA Mutation[SEP][CLS]acute myeloid leukemia","1"
"Cervical Mullerian Papilloma[SEP][CLS]glomerulonephritis","0"
"Acute Myelomonocytic Leukemia[SEP][CLS]mesenchymal cell neoplasm","0"
"Conduct Disorder[SEP][CLS]hematopoietic system disease","0"
"Astrocytoma, IDH-Mutant, Grade 2[SEP][CLS]choriocarcinoma","0"
"Stress Polycythemia[SEP][CLS]acquired polycythemia","1"
"Gastroenteritis[SEP][CLS]pulmonary fibrosis","0"
"Orbital Granuloma[SEP][CLS]chronic orbital inflammation","1"
"Pituicytoma[SEP][CLS]intrahepatic cholangiocarcinoma","0"
"Vernal Conjunctivitis[SEP][CLS]malignant ovarian surface epithelial-stromal neoplasm","0"
"Vulvar Nodular Hidradenoma[SEP][CLS]skull base meningioma","0"
"Intestinal Neuroendocrine Neoplasm[SEP][CLS]breast carcinoma","0"
"Bartholin Gland Transitional Cell Carcinoma[SEP][CLS]central nervous system germinoma","0"
"Contact Dermatitis[SEP][CLS]central nervous system disease","0"
"Bilateral Retinoblastoma[SEP][CLS]retinoblastoma","1"
"Hymenolepiasis[SEP][CLS]eye disease","0"
"Acute Intermittent Porphyria[SEP][CLS]diencephalic neoplasm","0"
"Lung Adenoid Cystic Carcinoma[SEP][CLS]lung carcinoma","1"
"Kluver-Bucy Syndrome[SEP][CLS]conjunctivitis","0"
"Meconium Aspiration Syndrome[SEP][CLS]eye disease","0"
"Adult Liposarcoma[SEP][CLS]liposarcoma","1"
"Thymic Large Cell Neuroendocrine Carcinoma[SEP][CLS]pneumoconiosis","0"
"Chronic Rhinitis[SEP][CLS]acute porphyria","0"
"Cerebral Hemisphere Lipoma[SEP][CLS]cervical squamous cell carcinoma","0"
"Cutis Laxa[SEP][CLS]skin disease","1"
"Male Orgasmic Disorder[SEP][CLS]goiter","0"
"Uveal Spindle Cell Melanoma[SEP][CLS]aplastic anemia","0"
"Glomangiomatosis[SEP][CLS]pulmonary valve stenosis","0"
"Cervical Keratinizing Squamous Cell Carcinoma[SEP][CLS]peripheral nerve sheath neoplasm","0"
"Central Sleep Apnea[SEP][CLS]hemangiopericytic tumor","0"
"Neuropathy, Hereditary Sensory and Autonomic, Type I[SEP][CLS]cholangiocarcinoma","0"
"Lung Acinar Adenocarcinoma[SEP][CLS]testicular cancer","0"
"Chondroma[SEP][CLS]parasitic helminthiasis infectious disease","0"
"EZB Diffuse Large B-Cell Lymphoma[SEP][CLS]lung small cell carcinoma","0"
"Fibrolamellar Carcinoma[SEP][CLS]prostatic urethral cancer","0"
"Encephalomyelitis[SEP][CLS]psychotic disorder","0"
"Skin Sclerosing/Morphoeic Basal Cell Carcinoma[SEP][CLS]melanoma","0"
"Pyruvate Carboxylase Deficiency[SEP][CLS]neonatal jaundice","0"
"Fallopian Tube Clear Cell Adenocarcinoma[SEP][CLS]non-Langerhans-cell histiocytosis","0"
"Plasmacytoma[SEP][CLS]supraglottis squamous cell carcinoma","0"
"Physiological Polycythemia[SEP][CLS]skin disease","0"
"Breast Signet Ring Cell Carcinoma[SEP][CLS]spinal cancer","0"
"Immature Ovarian Teratoma[SEP][CLS]disorder of sexual development","0"
"Epithelioid Mesothelioma[SEP][CLS]ciliopathy","0"
"Atypical Teratoid/Rhabdoid Tumor[SEP][CLS]cerebral ventricle cancer","0"
"Papillary Carcinoma[SEP][CLS]larynx cancer","0"
"Peripheral Nerve Schwannoma[SEP][CLS]skin sarcoma","0"
"Sarcomatoid Intrahepatic Cholangiocarcinoma[SEP][CLS]apocrine sweat gland neoplasm","0"
"Selective IgD Immunodeficiency[SEP][CLS]central nervous system benign neoplasm","0"
"Threatened Abortion[SEP][CLS]male urethral cancer","0"
"Cutaneous Granular Cell Tumor[SEP][CLS]childhood spinal muscular atrophy","0"
"Pathological Myopia[SEP][CLS]glomerulonephritis","0"
"Hemolytic Disease of the Newborn[SEP][CLS]stomach carcinoma","0"
"Expressive Language Disorder[SEP][CLS]rectum sarcoma","0"
"Malignant Hypopharyngeal Neoplasm[SEP][CLS]tricuspid valve disease","0"
"Meningeal Melanocytosis[SEP][CLS]apocrine sweat gland neoplasm","0"
"Endophthalmitis[SEP][CLS]breast hemangioma","0"
"Listeriosis[SEP][CLS]syphilis","0"
"Liver Angiomyolipoma[SEP][CLS]ovarian germ cell cancer","0"
"Premature Menopause[SEP][CLS]arthritis","0"
"Mediastinal Teratoma[SEP][CLS]renal pelvis benign neoplasm","0"
"Mesenchymoma[SEP][CLS]meningioma","0"
"Mesenteric Lymphadenitis[SEP][CLS]non-proliferative fibrocystic change of the breast","0"
"Ophthalmoplegia[SEP][CLS]otitis media","0"
"Glottis Neoplasm[SEP][CLS]polycythemia","0"
"Freeman-Sheldon Syndrome[SEP][CLS]distal arthrogryposis","1"
"Obstructive Nephropathy[SEP][CLS]hypotrichosis","0"
"Hepatobiliary Disorder[SEP][CLS]diffuse glomerulonephritis","0"
"EZB Diffuse Large B-Cell Lymphoma[SEP][CLS]diffuse large B-cell lymphoma","1"
"Giant Papillary Conjunctivitis[SEP][CLS]syndrome","0"
"Cutaneous Diphtheria[SEP][CLS]pyoderma","1"
"Skin Tag[SEP][CLS]liposarcoma","0"
"Granulomatous Colitis[SEP][CLS]bile duct cystadenoma","0"
"Propionic Acidemia[SEP][CLS]cerebrum cancer","0"
"Malignant Breast Spiradenoma[SEP][CLS]extrapulmonary tuberculosis","0"
"Vulvar Glandular Neoplasm[SEP][CLS]gastric outlet obstruction","0"
"Oxyphilic Endometrial Endometrioid Adenocarcinoma[SEP][CLS]multiple carboxylase deficiency","0"
"Ovarian Mixed Germ Cell Tumor[SEP][CLS]brain disease","0"
"Salpingitis Isthmica Nodosa[SEP][CLS]mucopolysaccharidosis","0"
"Melioidosis[SEP][CLS]blood coagulation disease","0"
"Acute Alcoholic Hepatitis[SEP][CLS]personality disorder","0"
"Kidney Oncocytoma[SEP][CLS]kidney benign neoplasm","1"
"Spinal Cord Ependymoma, MYCN Amplified[SEP][CLS]testicular yolk sac tumor","0"
"Hair Follicle Neoplasm[SEP][CLS]neuropathy","0"
"Urethritis[SEP][CLS]T-cell acute lymphoblastic leukemia","0"
"Papillary Adenoma[SEP][CLS]adenoma","1"
"Adenocarcinoma[SEP][CLS]carcinoma","1"
"Early Invasive Cervical Squamous Cell Carcinoma[SEP][CLS]meningeal melanoma","0"
"Renal Hypertrophy[SEP][CLS]personality disorder","0"
"Band Keratopathy[SEP][CLS]uterine ligament adenocarcinoma","0"
"Bone Osteosarcoma[SEP][CLS]encephalomyelitis","0"
"Vitiligo[SEP][CLS]dermatitis","0"
"Ovarian Endometrioid Adenofibroma[SEP][CLS]breast carcinoma","0"
"Varicose Vein[SEP][CLS]cranial nerve malignant neoplasm","0"
"Acute Cholangitis[SEP][CLS]cholangitis","1"
"Supratentorial Ependymoma YAP1 Fusion-Positive[SEP][CLS]mucopolysaccharidosis","0"
"Variegate Porphyria[SEP][CLS]male urethral cancer","0"
"Acute Disseminated Encephalomyelitis[SEP][CLS]breast adenocarcinoma","0"
"Familial Dysautonomia[SEP][CLS]bladder adenocarcinoma","0"
"Papilledema[SEP][CLS]optic nerve disease","1"
"Penile Leukoplakia[SEP][CLS]ovarian benign neoplasm","0"
"Ovarian Teratoma[SEP][CLS]hair follicle neoplasm","0"
"Papillary Conjunctivitis[SEP][CLS]viral infectious disease","0"
"Multifocal Osteosarcoma[SEP][CLS]apocrine carcinoma","0"
"Adrenal Gland Ganglioneuroblastoma[SEP][CLS]peripheral T-cell lymphoma","0"
"Moyamoya Disease[SEP][CLS]syndrome","0"
"Lupus Erythematosus[SEP][CLS]autoimmune disease of musculoskeletal system","1"
"Hairy Cell Leukemia[SEP][CLS]familial periodic paralysis","0"
"Bartonella Infection[SEP][CLS]autonomic nervous system disease","0"
"Progressive Bulbar Palsy[SEP][CLS]conjunctivitis","0"
"Bacterial Infection[SEP][CLS]stromal dystrophy","0"
"Ossifying Fibromyxoid Tumor[SEP][CLS]mesenchymal cell neoplasm","1"
"Plantar Verrucous Carcinoma[SEP][CLS]pharynx cancer","0"
"Bladder Papillary Urothelial Carcinoma[SEP][CLS]lymphoma","0"
"Uveomeningoencephalitic Syndrome[SEP][CLS]hemangiopericytic tumor","0"
"Keratopathy[SEP][CLS]autoimmune disease of cardiovascular system","0"
"Transvestic Fetishism[SEP][CLS]fetishism","1"
"Myotonic Disorder[SEP][CLS]metal metabolism disorder","0"
"Steroid Lipomatosis[SEP][CLS]movement disease","0"
"Penile Sarcomatoid Carcinoma[SEP][CLS]breast adenocarcinoma","0"
"Large Cell Carcinoma[SEP][CLS]brain disease","0"
"Normocytic Anemia[SEP][CLS]anemia","1"
"Uterine Ligament Papillary Cystadenoma Associated with von Hippel-Lindau Disease[SEP][CLS]skin cancer","0"
"Friedreich Ataxia[SEP][CLS]autoimmune disease of gastrointestinal tract","0"
"Malignant Ovarian Cyst[SEP][CLS]acute conjunctivitis","0"
"Smith-Lemli-Opitz Syndrome[SEP][CLS]heart septal defect","0"
"Quartan Malaria[SEP][CLS]brain stem cancer","0"
"Dextrocardia[SEP][CLS]deep keratitis","0"
"Proximal-Type Epithelioid Sarcoma[SEP][CLS]coronary artery disease","0"
"Childhood Vaginal Botryoid-Type Embryonal Rhabdomyosarcoma[SEP][CLS]central nervous system embryonal tumor","0"
"Syndrome of Apparent Mineralocorticoid Excess[SEP][CLS]breast mucinous carcinoma","0"
"Charcot-Marie-Tooth Disease[SEP][CLS]salivary gland disease","0"
"Mediastinal Psammomatous Schwannoma[SEP][CLS]benign mediastinal neurilemmoma","1"
"Childhood Fibrosarcoma[SEP][CLS]lung small cell carcinoma","0"
"Fallopian Tube Disorder[SEP][CLS]multiple myeloma","0"
"Blastoma[SEP][CLS]pemphigoid","0"
"Alagille Syndrome[SEP][CLS]retinal degeneration","0"
"Cavernous Hemangioma[SEP][CLS]vascular hemostatic disease","1"
"Heart Disorder[SEP][CLS]cardiovascular system disease","1"
"Hypogonadotropic Hypogonadism with Anosmia[SEP][CLS]female reproductive system disease","0"
"Signet Ring Cell Carcinoma[SEP][CLS]vestibular gland benign neoplasm","0"
"Carcinoma In Situ[SEP][CLS]central nervous system disease","0"
"Frontal Sinusitis[SEP][CLS]systemic mastocytosis","0"
"Penile Basaloid Squamous Cell Carcinoma[SEP][CLS]amino acid metabolic disorder","0"
"Wernicke-Korsakoff Syndrome[SEP][CLS]breast adenoma","0"
"Peritoneal Mesothelial Neoplasm[SEP][CLS]ganglioneuroblastoma","0"
"Dacryocystitis[SEP][CLS]hemangiopericytic tumor","0"
"Vestibular Schwannoma[SEP][CLS]visual cortex disease","0"
"Tylosis[SEP][CLS]glaucoma","0"
"Nerve Plexus Neoplasm[SEP][CLS]vaginal carcinosarcoma","0"
"Cerebellopontine Angle Neoplasm[SEP][CLS]arthritis","0"
"Blind Loop Syndrome[SEP][CLS]connective tissue disease","0"
"Alagille Syndrome[SEP][CLS]breast disease","0"
"Ainhum[SEP][CLS]mesenchymal cell neoplasm","0"
"Gemistocytic Astrocytoma[SEP][CLS]skin squamous cell carcinoma","0"
"Olfactory Nerve Disorder[SEP][CLS]neurilemmoma","0"
"Typhoid Fever[SEP][CLS]otitis media","0"
"Ovarian Cystic Teratoma[SEP][CLS]syndrome","0"
"Femoral Neuropathy[SEP][CLS]sarcoidosis","0"
"Hypertensive Encephalopathy[SEP][CLS]disseminated intravascular coagulation","0"
"Breast Mucinous Carcinoma[SEP][CLS]Lynch syndrome","0"
"Partial Epilepsy[SEP][CLS]scleral disease","0"
"Tanycytic Ependymoma[SEP][CLS]thalassemia","0"
"Childhood Oligodendroglioma[SEP][CLS]synucleinopathy","0"
"Senile Cataract[SEP][CLS]hypertrophic cardiomyopathy","0"
"Ischemia[SEP][CLS]mood disorder","0"
"Arteriosclerosis[SEP][CLS]multiple sclerosis","0"
"Breast Metaplastic Carcinoma[SEP][CLS]uterine body mixed cancer","0"
"Lower Clivus Meningioma[SEP][CLS]lung squamous cell carcinoma","0"
"Wolfram Syndrome[SEP][CLS]syndrome","1"
"Glycine Encephalopathy[SEP][CLS]nose disease","0"
"Tricuspid Valve Stenosis[SEP][CLS]substance dependence","0"
"Angiokeratoma Circumscriptum[SEP][CLS]movement disease","0"
"Malignant Olfactory Nerve Neoplasm[SEP][CLS]choriocarcinoma","0"
"Night Blindness[SEP][CLS]retinal disease","1"
"Hemoglobin C Disease[SEP][CLS]osteosarcoma","0"
"Choroid Disorder[SEP][CLS]metal metabolism disorder","0"
"Obsessive-Compulsive Personality Disorder[SEP][CLS]posterior fossa ependymoma","0"
"Sleep Apnea[SEP][CLS]cholestasis","0"
"Radiation Cystitis[SEP][CLS]well-differentiated liposarcoma","0"
"Impetigo[SEP][CLS]plasmacytoma","0"
"Gallbladder Disorder[SEP][CLS]skin hemangioma","0"
"Childhood Multilocular Cystic Renal Neoplasm[SEP][CLS]kidney benign neoplasm","1"
"Klinefelter Syndrome[SEP][CLS]sarcoma","0"
"Childhood Adrenal Gland Pheochromocytoma[SEP][CLS]clivus meningioma","0"
"Malignant Sublingual Gland Neoplasm[SEP][CLS]gastrointestinal neuroendocrine benign tumor","0"
"Retinal Disorder[SEP][CLS]dysgammaglobulinemia","0"
"Thymic Sarcomatoid Carcinoma[SEP][CLS]uterine ligament adenocarcinoma","0"
"Diffuse Glomerulonephritis[SEP][CLS]parathyroid adenoma","0"
"Charcot-Marie-Tooth Disease[SEP][CLS]rhabdomyosarcoma","0"
"Malignant Cardiac Germ Cell Tumor[SEP][CLS]ovarian clear cell adenofibroma","0"
"Exudative Glomerulonephritis[SEP][CLS]gastrointestinal system disease","0"
"Acquired Immunodeficiency Syndrome[SEP][CLS]bile duct adenoma","0"
"Acute Tubular Necrosis[SEP][CLS]neurofibromatosis","0"
"Microscopic Colitis[SEP][CLS]glossopharyngeal nerve disease","0"
"Retroperitoneal Sarcoma[SEP][CLS]T-cell acute lymphoblastic leukemia","0"
"Asymmetric Motor Neuropathy[SEP][CLS]synovial sarcoma","0"
"Voyeurism[SEP][CLS]gallbladder carcinoma","0"
"Pituitary Gland Infarction[SEP][CLS]gastric diffuse adenocarcinoma","0"
"Hallucinogen Dependence[SEP][CLS]breast carcinoma","0"
"Tricuspid Valve Insufficiency[SEP][CLS]uveal melanoma","0"
"Sphenoorbital Meningioma[SEP][CLS]skull base meningioma","1"
"Paget Disease[SEP][CLS]hemangioma","0"
"Malignant Type AB Thymoma[SEP][CLS]mixed type thymoma","1"
"Fallopian Tube Serous Cystadenofibroma[SEP][CLS]hepatoblastoma","0"
"Communication Disorder[SEP][CLS]neurilemmoma","0"
"Adrenal Gland Ganglioneuroblastoma[SEP][CLS]uveal disease","0"
"Uveal Necrotic Melanoma[SEP][CLS]congenital heart disease","0"
"Childhood Central Nervous System Germ Cell Tumor[SEP][CLS]dermatitis","0"
"Frontal Sinus Neoplasm[SEP][CLS]peripheral nervous system neoplasm","0"
"Supravalvular Aortic Stenosis[SEP][CLS]malaria","0"
"Neuroleptic Malignant Syndrome[SEP][CLS]central nervous system embryonal tumor","0"
"Idiopathic Crescentic Glomerulonephritis[SEP][CLS]malaria","0"
"Bladder Verrucous Carcinoma[SEP][CLS]meningioma","0"
"Porocarcinoma[SEP][CLS]papillary conjunctivitis","0"
"Periosteal Osteosarcoma[SEP][CLS]cervical mucinous adenocarcinoma","0"
"Thoracic Intraspinal Meningioma[SEP][CLS]spinal canal and spinal cord meningioma","1"
"Beta-Mannosidosis[SEP][CLS]lysosomal storage disease","1"
"Medulloblastoma, Non-WNT/Non-SHH, Group 4[SEP][CLS]intestinal disease","0"
"Primary Open Angle Glaucoma[SEP][CLS]meningioma","0"
"Visual Epilepsy[SEP][CLS]hairy cell leukemia","0"
"Malignant Type A Thymoma[SEP][CLS]osteochondrodysplasia","0"
"Pyothorax[SEP][CLS]pleural disease","1"
"Malignant Hypertension[SEP][CLS]liposarcoma","0"
"Intracranial Hemangioma[SEP][CLS]glossopharyngeal nerve disease","0"
"Renal Pelvis Papillary Urothelial Neoplasm[SEP][CLS]appendix cancer","0"
"Vesicoureteral Reflux[SEP][CLS]uterine fibroid","0"
"Alpha Thalassemia[SEP][CLS]meningioma","0"
"Usher Syndrome Type 2[SEP][CLS]variable age at onset electroclinical syndrome","0"
"Zollinger Ellison Syndrome[SEP][CLS]syndrome","1"
"Classic Variant of Chromophobe Renal Cell Carcinoma[SEP][CLS]eye disease","0"
"Histiocytic Sarcoma[SEP][CLS]histiocytic and dendritic cell cancer","1"
"Erythropoietic Protoporphyria[SEP][CLS]acanthoma","0"
"Adult Extraskeletal Myxoid Chondrosarcoma[SEP][CLS]pituitary adenoma","0"
"Anaplastic Oligodendroglioma[SEP][CLS]diabetic retinopathy","0"
"Astrocytoma, IDH-Mutant, Grade 3[SEP][CLS]idiopathic interstitial pneumonia","0"
"Epicardial Neoplasm[SEP][CLS]intrinsic cardiomyopathy","0"
"Supraglottis Neoplasm[SEP][CLS]small cell sarcoma","0"
"Leber Hereditary Optic Atrophy[SEP][CLS]central nervous system disease","0"
"Relapsing-Remitting Multiple Sclerosis[SEP][CLS]ovarian small cell carcinoma","0"
"Gangliocytoma[SEP][CLS]female reproductive system disease","0"
"Pure Red Cell Aplasia[SEP][CLS]hyperglycemia","0"
"Ainhum[SEP][CLS]adrenal adenoma","0"
"Ovarian Malignant Mesothelioma[SEP][CLS]commensal bacterial infectious disease","0"
"Parathyroid Gland Oncocytic Adenoma[SEP][CLS]parathyroid adenoma","1"
"Retinal Arterial Branch Occlusion[SEP][CLS]malaria","0"
"Olfactory Neuroblastoma[SEP][CLS]testicular disease","0"
"Extranodal Marginal Zone Lymphoma of Mucosa-Associated Lymphoid Tissue[SEP][CLS]cerebrum cancer","0"
"Muir-Torre Syndrome[SEP][CLS]hereditary renal cell carcinoma","0"
"Addison's Disease[SEP][CLS]spinal canal and spinal cord meningioma","0"
"Acute Erythroid Leukemia[SEP][CLS]diffuse astrocytoma","0"
"Female Orgasmic Disorder[SEP][CLS]fallopian tube adenocarcinoma","0"
"Testicular Seminoma, Pseudoglandular Variant[SEP][CLS]gastrointestinal system disease","0"
"Gastric Cronkhite Canada Polyposis[SEP][CLS]syndrome","0"
"Childhood Central Nervous System Immature Teratoma[SEP][CLS]thyrotoxicosis","0"
"Multinodular and Vacuolated Neuronal Tumor[SEP][CLS]bilateral breast cancer","0"
"Diffuse Glomerulonephritis[SEP][CLS]liposarcoma","0"
"Bronchiectasis[SEP][CLS]bronchial disease","1"
"Melioidosis[SEP][CLS]primary bacterial infectious disease","1"
"Scleredema Adultorum[SEP][CLS]vulva carcinoma","0"
"Mucinous Cystadenofibroma[SEP][CLS]hematopoietic system disease","0"
"MMIH Syndrome[SEP][CLS]anus benign neoplasm","0"
"Narcolepsy[SEP][CLS]invasive bladder transitional cell carcinoma","0"
"Malignant Colorectal Neoplasm[SEP][CLS]periapical periodontitis","0"
"Eosinophilic Pneumonia[SEP][CLS]myopathy","0"
"Vulvar Squamous Neoplasm[SEP][CLS]vulva cancer","1"
"Spinal Muscular Atrophy[SEP][CLS]motor neuron disease","1"
"Cutaneous Diphtheria[SEP][CLS]ovarian endodermal sinus tumor","0"
"Tetanic Cataract[SEP][CLS]duodenal obstruction","0"
"Keratitis[SEP][CLS]rhabdomyosarcoma","0"
"Stromal Predominant Kidney Wilms Tumor[SEP][CLS]inflammatory and toxic neuropathy","0"
"Gastric Germ Cell Tumor[SEP][CLS]nerve compression syndrome","0"
"Childhood Supratentorial Embryonal Tumor with Multilayered Rosettes, C19MC-Altered[SEP][CLS]prostate adenocarcinoma","0"
"Organic Mental Disorder[SEP][CLS]disease of mental health","1"
"Hairy Tongue[SEP][CLS]tongue disease","1"
"Neuropathy[SEP][CLS]myocardial infarction","0"
"Salivary Cyst[SEP][CLS]tricuspid valve disease","0"
"Jejunal Neoplasm[SEP][CLS]chromosomal deletion syndrome","0"
"Appendix L-Cell Glucagon-Like Peptide-Producing Neuroendocrine Tumor[SEP][CLS]pyoderma","0"
"Rift Valley Fever[SEP][CLS]bilateral breast cancer","0"
"Miliaria[SEP][CLS]germ cell cancer","0"
"Diffuse Cutaneous Mastocytosis[SEP][CLS]diaphragm disease","0"
"Dermatosis Papulosa Nigra[SEP][CLS]ovary epithelial cancer","0"
"Posterior Fossa Meningioma[SEP][CLS]cognitive disorder","0"
"Mediastinal Angiosarcoma[SEP][CLS]hair disease","0"
"Accessory Nerve Neoplasm[SEP][CLS]disease of anatomical entity","0"
"Testicular Mixed Germ Cell Tumor[SEP][CLS]leiomyosarcoma","0"
"Chronic Neutrophilic Leukemia[SEP][CLS]motor neuritis","0"
"Breast Myofibroblastoma[SEP][CLS]acute myeloid leukemia","0"
"Adult Botryoid-Type Embryonal Rhabdomyosarcoma[SEP][CLS]eye disease","0"
"Acute Myeloid Leukemia with t(8;21)(q22; q22.1); RUNX1-RUNX1T1[SEP][CLS]specific phobia","0"
"GM1 Gangliosidosis[SEP][CLS]renal pelvis benign neoplasm","0"
"Plasma Cell Leukemia[SEP][CLS]intracranial structure hemangioma","0"
"Staphylococcal Food Poisoning[SEP][CLS]secondary hypertension","0"
"Childhood Osteosarcoma[SEP][CLS]adenomyoma of uterine corpus","0"
"Hemoglobinuria[SEP][CLS]central nervous system mature teratoma","0"
"Childhood Ovarian Dysgerminoma[SEP][CLS]autosomal dominant cerebellar ataxia","0"
"Peripheral Retinal Degeneration[SEP][CLS]lens disease","0"
"Adrenal Gland Disorder[SEP][CLS]heart aneurysm","0"
"Parathyroid Gland Water-Clear Cell Adenoma[SEP][CLS]adenoma","1"
"Vulvar Nodular Hidradenoma[SEP][CLS]skin melanoma","0"
"Autonomic Neuropathy[SEP][CLS]peroxisomal disease","0"
"1p36 Deletion Syndrome[SEP][CLS]glucosephosphate dehydrogenase deficiency","0"
"Intraneural Perineurioma[SEP][CLS]pneumoconiosis","0"
"Tabes Dorsalis[SEP][CLS]adenoma","0"
"Microcephaly[SEP][CLS]pericardium cancer","0"
"Erythema Infectiosum[SEP][CLS]central nervous system embryonal tumor","0"
"Myxoid Liposarcoma[SEP][CLS]liposarcoma","1"
"Primary Hyperoxaluria Type II[SEP][CLS]idiopathic interstitial pneumonia","0"
"Head and Neck Neoplasm[SEP][CLS]anal canal adenocarcinoma","0"
"Hereditary Ovarian Carcinoma[SEP][CLS]adenocarcinoma","0"
"Nodular Hidradenoma[SEP][CLS]familial hyperlipidemia","0"
"Breast Epithelioid Hemangioma[SEP][CLS]non-Hodgkin lymphoma","0"
"Retroperitoneal Leiomyosarcoma[SEP][CLS]apocrine sweat gland neoplasm","0"
"Night Blindness[SEP][CLS]ovarian papillary neoplasm","0"
"Prosopagnosia[SEP][CLS]vein disease","0"
"Breast Intraductal Proliferative Lesion[SEP][CLS]skin disease","0"
"Alcoholic Cirrhosis[SEP][CLS]hypotrichosis","0"
"Tumor of the Follicular Infundibulum[SEP][CLS]complement deficiency","0"
"Dystonia[SEP][CLS]ovarian endodermal sinus tumor","0"
"Progressive Multifocal Leukoencephalopathy[SEP][CLS]viral infectious disease","1"
"Deep Hemangioma[SEP][CLS]thymic carcinoma","0"
"46,XX Gonadal Dysgenesis[SEP][CLS]retroperitoneal cancer","0"
"Enamel Hypoplasia[SEP][CLS]placenta cancer","0"
"Breast Angiosarcoma[SEP][CLS]papillary conjunctivitis","0"
"Breast Granular Cell Tumor[SEP][CLS]bladder clear cell adenocarcinoma","0"
"Tricuspid Valve Insufficiency[SEP][CLS]glaucoma","0"
"Exhibitionism[SEP][CLS]paraphilia disorder","1"
"Rectal Kaposi Sarcoma[SEP][CLS]embryonal rhabdomyosarcoma","0"
"Secondary Hypertension[SEP][CLS]lymphopenia","0"
"Lymphocytic Thyroiditis[SEP][CLS]lung disease","0"
"Alkaptonuria[SEP][CLS]thalassemia","0"
"Genital Herpes[SEP][CLS]neurofibroma","0"
"Chronic Granulomatous Disease[SEP][CLS]female reproductive system disease","0"
"Vulvar Leiomyosarcoma[SEP][CLS]skin disease","0"
"Hereditary Melanoma[SEP][CLS]anus benign neoplasm","0"
"Smith-Lemli-Opitz Syndrome[SEP][CLS]ureteral disease","0"
"Vitamin C Deficiency[SEP][CLS]heart septal defect","0"
"Hypopituitarism[SEP][CLS]vulva carcinoma","0"
"Breast Lobular Neoplasia[SEP][CLS]B-cell lymphoma","0"
"Extrahepatic Bile Duct Clear Cell Adenocarcinoma[SEP][CLS]pleomorphic rhabdomyosarcoma","0"
"Anaplastic Oligodendroglioma[SEP][CLS]cranial nerve palsy","0"
"Infantile Refsum Disease[SEP][CLS]synucleinopathy","0"
"Extratemporal Epilepsy[SEP][CLS]leiomyosarcoma","0"
"Fasciitis[SEP][CLS]dermatomyositis","0"
"Squamous Papillomatosis[SEP][CLS]macular retinal edema","0"
"Arthropathy in Behcet's Syndrome[SEP][CLS]carbohydrate metabolic disorder","0"
"B Lymphoblastic Leukemia/Lymphoma with Intrachromosomal Amplification of Chromosome 21[SEP][CLS]skin disease","0"
"Protozoal Infection[SEP][CLS]hemangioma","0"
"Intestinal Disorder[SEP][CLS]laryngeal squamous cell carcinoma","0"
"Membranoproliferative Glomerulonephritis[SEP][CLS]glomerulonephritis","1"
"Amebiasis[SEP][CLS]breast duct papilloma","0"
"Lymph Node Disorder[SEP][CLS]plasma protein metabolism disease","0"
"Glossitis[SEP][CLS]panuveitis","0"
"Scarlet Fever[SEP][CLS]pulmonary neuroendocrine tumor","0"
"Neuroaxonal Dystrophy[SEP][CLS]central nervous system lipoma","0"
"Thanatophoric Dysplasia[SEP][CLS]inherited metabolic disorder","0"
"Lymphocytic Colitis[SEP][CLS]uterine benign neoplasm","0"
"Atypical Intradermal Smooth Muscle Neoplasm[SEP][CLS]pituitary adenoma","0"
"Fibrillary Astrocytoma[SEP][CLS]pulmonary artery disease","0"
"Lymphocytic Thyroiditis[SEP][CLS]endocrine system disease","0"
"Progressive Multifocal Leukoencephalopathy[SEP][CLS]inherited metabolic disorder","0"
"Demyelinating Disorder[SEP][CLS]cranial nerve palsy","0"
"Hepatosplenic T-Cell Lymphoma[SEP][CLS]pancreatic carcinoma","0"
"Embryonal Rhabdomyosarcoma[SEP][CLS]rhabdomyosarcoma","1"
"Temporal Lobe Neoplasm[SEP][CLS]oophoritis","0"
"Renal Hypertrophy[SEP][CLS]mononeuritis of upper limb and mononeuritis multiplex","0"
"Optic Neuritis[SEP][CLS]syphilis","0"
"Myeloid/Lymphoid Neoplasms with PDGFRA Rearrangement[SEP][CLS]Ewing sarcoma","0"
"Skull Neoplasm[SEP][CLS]aortic valve stenosis","0"
"Mycosis Fungoides[SEP][CLS]specific developmental disorder","0"
"Rectal Prolapse[SEP][CLS]female reproductive system disease","0"
"Scirrhous Hepatocellular Carcinoma[SEP][CLS]nerve plexus neoplasm","0"
"Pressure Sore[SEP][CLS]supraglottis neoplasm","0"
"Russell-Silver Syndrome[SEP][CLS]strabismus","0"
"Medulloblastoma, Non-WNT/Non-SHH[SEP][CLS]suppurative otitis media","0"
"Apical Myocardial Infarction by ECG Finding[SEP][CLS]islet cell tumor","0"
"Hallermann Syndrome[SEP][CLS]syndrome","1"
"Polycythemia[SEP][CLS]upper respiratory tract disease","0"
"Adult Hepatocellular Carcinoma[SEP][CLS]endometrial adenocarcinoma","0"
"Cervical Villoglandular Adenocarcinoma[SEP][CLS]neuropathy","0"
"Lassa Fever[SEP][CLS]congenital nervous system abnormality","0"
"Ischemia[SEP][CLS]pituitary gland benign neoplasm","0"
"Anomia[SEP][CLS]aphasia","1"
"Visual Pathway Disorder[SEP][CLS]ovarian carcinoma","0"
"Bone Leiomyosarcoma[SEP][CLS]leiomyosarcoma","1"
"Balloon Cell Melanoma[SEP][CLS]dermatitis","0"
"Supratentorial Ependymoma ZFTA Fusion-Positive[SEP][CLS]renal pelvis transitional cell carcinoma","0"
"Hyperhomocysteinemia[SEP][CLS]urinary system disease","0"
"Gastric Cronkhite Canada Polyposis[SEP][CLS]ovary epithelial cancer","0"
"Situs Inversus[SEP][CLS]hormone producing pituitary cancer","0"
"Cirrhosis[SEP][CLS]cardiovascular organ benign neoplasm","0"
"Granulomatous Colitis[SEP][CLS]nose disease","0"
"Lung Abscess[SEP][CLS]eye disease","0"
"Congenital Infundibular Stenosis[SEP][CLS]neuroblastoma","0"
"Pharyngeal Neoplasm[SEP][CLS]myocarditis","0"
"Teratoma with Somatic-Type Malignancy[SEP][CLS]skin cancer","0"
"Lipid-Rich Carcinoma[SEP][CLS]opportunistic mycosis","0"
"Compartment Syndrome[SEP][CLS]small intestine benign neoplasm","0"
"Pure Red Cell Aplasia[SEP][CLS]extraskeletal myxoid chondrosarcoma","0"
"Nasal Cavity Inverted Papilloma[SEP][CLS]nasal cavity benign neoplasm","1"
"Mitral Valve Stenosis[SEP][CLS]brain disease","0"
"Tanycytic Ependymoma[SEP][CLS]benign ependymoma","1"
"Lactotroph Pituitary Neuroendocrine Tumor[SEP][CLS]blood coagulation disease","0"
"Childhood Intracranial Meningioma[SEP][CLS]brain meningioma","1"
"Angiokeratoma of Mibelli[SEP][CLS]bone cancer","0"
"Splenic Abscess[SEP][CLS]splenic manifestation of leukemia","0"
"Capillary Leak Syndrome[SEP][CLS]cervix carcinoma","0"
"Rectosigmoid Carcinoma[SEP][CLS]disseminated intravascular coagulation","0"
"Acute Myelomonocytic Leukemia[SEP][CLS]hypopituitarism","0"
"Ovarian Leiomyosarcoma[SEP][CLS]adult astrocytic tumor","0"
"Bronchiectasis[SEP][CLS]renal hypertension","0"
"Endometrial Stromal Nodule[SEP][CLS]pericardium disease","0"
"Pancreatic Intraductal Papillary-Mucinous Neoplasm, High Grade[SEP][CLS]malignant gastric germ cell tumor","0"
"Extratemporal Epilepsy[SEP][CLS]hereditary renal cell carcinoma","0"
"Pleomorphic Lipoma[SEP][CLS]ovarian carcinosarcoma","0"
"Plantar Fibromatosis[SEP][CLS]anaplastic astrocytoma","0"
"Penile Sarcomatoid Carcinoma[SEP][CLS]breast carcinoma","0"
"Henoch-Schönlein Purpura[SEP][CLS]endometritis","0"
"Oculomotor Nerve Disorder[SEP][CLS]lung disease","0"
"Bagassosis[SEP][CLS]peritoneal serous adenocarcinoma","0"
"Legionella Pneumonia[SEP][CLS]legionellosis","1"
"Peripheral Primitive Neuroectodermal Tumor of Soft Tissues[SEP][CLS]breast benign neoplasm","0"
"Nodular Sclerosis Classic Hodgkin Lymphoma[SEP][CLS]muscle cancer","0"
"Bladder Obstruction[SEP][CLS]squamous cell neoplasm","0"
"Aagenaes Syndrome[SEP][CLS]epithelioid sarcoma","0"
"Malignancy in Giant Cell Tumor of Bone[SEP][CLS]spinal cancer","0"
"Acquired Color Blindness[SEP][CLS]chronic polyneuropathy","0"
"Hepatoblastoma[SEP][CLS]gastric diffuse adenocarcinoma","0"
"Adult Medulloblastoma[SEP][CLS]embryonal rhabdomyosarcoma","0"
"Phlebitis[SEP][CLS]vein disease","1"
"Ganglioneuroblastoma, Intermixed[SEP][CLS]ganglioneuroblastoma","1"
"Diverticulitis[SEP][CLS]benign ependymoma","0"
"Cervicitis[SEP][CLS]gastrointestinal system disease","0"
"Deep Leiomyoma[SEP][CLS]hemangioma","0"
"Central Sleep Apnea[SEP][CLS]sleep apnea","1"
"Favism[SEP][CLS]orbit rhabdomyosarcoma","0"
"Acute Laryngitis[SEP][CLS]glucose metabolism disease","0"
"Pancreatic Mucinous Cystadenoma[SEP][CLS]intestinal obstruction","0"
"Adrenal Gland Neuroblastoma[SEP][CLS]adrenal gland cancer","1"
"Hypertension[SEP][CLS]breast adenocarcinoma","0"
"Glycogen Storage Disease[SEP][CLS]invasive bladder transitional cell carcinoma","0"
"Anal Basaloid Carcinoma[SEP][CLS]chromophil adenoma of the kidney","0"
"Uterine Ligament Serous Adenocarcinoma[SEP][CLS]pituitary gland benign neoplasm","0"
"Mixed Cell Type Kidney Wilms Tumor[SEP][CLS]B-cell lymphoma","0"
"Abducens Nerve Neoplasm[SEP][CLS]in situ carcinoma","0"
"Aagenaes Syndrome[SEP][CLS]syndrome","1"
"Eating Disorder[SEP][CLS]specific developmental disorder","1"
"Gyrate Atrophy[SEP][CLS]fasciitis","0"
"Primary Hyperparathyroidism[SEP][CLS]substance abuse","0"
"Hyperthyroxinemia[SEP][CLS]thyroid gland disease","1"
"Pancreatic Insufficiency[SEP][CLS]sphingolipidosis","0"
"Coloboma of the Eye[SEP][CLS]skin carcinoma","0"
"Acute Endometritis[SEP][CLS]penis carcinoma","0"
"Indolent Systemic Mastocytosis[SEP][CLS]rhinitis","0"
"Metachronous Osteosarcoma[SEP][CLS]supratentorial ependymoma","0"
"Fallopian Tube Clear Cell Adenocarcinoma[SEP][CLS]pigmentation disease","0"
"Dependent Personality Disorder[SEP][CLS]urinary tract obstruction","0"
"Plexopathy[SEP][CLS]breast carcinoma","0"
"Medulloblastoma, Non-WNT/Non-SHH, Group 3[SEP][CLS]hypopituitarism","0"
"Pleomorphic Rhabdomyosarcoma[SEP][CLS]liver cirrhosis","0"
"Benign Vaginal Mixed Epithelial and Mesenchymal Neoplasm[SEP][CLS]Castleman disease","0"
"Bone Liposarcoma[SEP][CLS]stomatitis","0"
"Microphthalmos[SEP][CLS]lung disease","0"
"Adult Mesenchymal Chondrosarcoma[SEP][CLS]functioning pituitary adenoma","0"
"1p36 Deletion Syndrome[SEP][CLS]distal arthrogryposis","0"
"Cystoid Macular Edema[SEP][CLS]invasive bladder transitional cell carcinoma","0"
"Alkaptonuria[SEP][CLS]autoimmune disease of endocrine system","0"
"Ataxia Telangiectasia Syndrome[SEP][CLS]glioblastoma","0"
"Thymoma Type B3[SEP][CLS]bladder adenocarcinoma","0"
"Cancerphobia[SEP][CLS]central nervous system disease","0"
"EBV Infection[SEP][CLS]hypohidrosis","0"
"Cardiovascular Disorder[SEP][CLS]skin benign neoplasm","0"
"Central Nervous System Extraskeletal Osteosarcoma[SEP][CLS]benign perivascular tumor","0"
"Anaplastic Pleomorphic Xanthoastrocytoma[SEP][CLS]vulvar sarcoma","0"
"Childhood Meningioma[SEP][CLS]appendix cancer","0"
"Hypoglycemic Coma[SEP][CLS]brain disease","1"
"Ureteric Orifice[SEP][CLS]urinary bladder cancer","1"
"Primary Hyperoxaluria Type I[SEP][CLS]cholestasis","0"
"Diffuse Idiopathic Skeletal Hyperostosis[SEP][CLS]connective tissue benign neoplasm","0"
"Somatostatin-Producing Neuroendocrine Tumor[SEP][CLS]neuroendocrine tumor","1"
"Intraocular Pressure Decreased[SEP][CLS]microglandular adenosis","0"
"IgA Nephropathy[SEP][CLS]rectum sarcoma","0"
"Thyroid Gland Angiosarcoma[SEP][CLS]thyroid sarcoma","1"
"Psoriasis[SEP][CLS]lung carcinoma","0"
"Ovarian Large Cell Neuroendocrine Carcinoma[SEP][CLS]anxiety disorder","0"
"Ganglioneuroblastoma, Nodular[SEP][CLS]malignant mesenchymoma","0"
"Myositis[SEP][CLS]blood platelet disease","0"
"Laryngeal Adenoid Cystic Carcinoma[SEP][CLS]heart valve disease","0"
"Astrocytoma, IDH-Mutant, Grade 3[SEP][CLS]IDH-mutant anaplastic astrocytoma","1"
"Hereditary Papillary Renal Cell Carcinoma[SEP][CLS]uterine cancer","0"
"Duodenal Somatostatin-Producing Neuroendocrine Tumor[SEP][CLS]thyroid sarcoma","0"
"Choroid Disorder[SEP][CLS]uveal disease","1"
"Spindle Cell Oncocytoma[SEP][CLS]central nervous system embryonal tumor","0"
"Hepatosplenic T-Cell Lymphoma[SEP][CLS]neonatal anemia","0"
"Intermediate Immature Teratoma[SEP][CLS]hereditary renal cell carcinoma","0"
"Pacinian Neurofibroma[SEP][CLS]pemphigus","0"
"Facioscapulohumeral Muscular Dystrophy[SEP][CLS]lipid storage disease","0"
"Supraglottic Verrucous Carcinoma[SEP][CLS]supraglottis squamous cell carcinoma","1"
"Granulocytic Sarcoma[SEP][CLS]renal pelvis benign neoplasm","0"
"Neurofibromatosis Type 1[SEP][CLS]lymphoid leukemia","0"
"Endobronchial Leiomyoma[SEP][CLS]variable age at onset electroclinical syndrome","0"
"Vitamin B6 Deficiency[SEP][CLS]central nervous system benign neoplasm","0"
"Epithelial Predominant Kidney Wilms Tumor[SEP][CLS]pericardium disease","0"
"Mitochondrial Myopathy[SEP][CLS]parasitic infectious disease","0"
"Phimosis[SEP][CLS]central nervous system teratoma","0"
"Breast Apocrine Carcinoma In Situ[SEP][CLS]iridocyclitis","0"
"Angiocentric Glioma[SEP][CLS]islet cell tumor","0"
"Juvenile Myoclonic Epilepsy[SEP][CLS]galactosemia","0"
"Female Stress Incontinence[SEP][CLS]autoimmune disease of musculoskeletal system","0"
"Invasive Bladder Clear Cell (Glycogen-Rich) Urothelial Carcinoma[SEP][CLS]peripheral vascular disease","0"
"Urethritis[SEP][CLS]urethral disease","1"
"Intravenous Leiomyomatosis[SEP][CLS]nutritional deficiency disease","0"
"Cystitis[SEP][CLS]sinusitis","0"
"Malignant Uvula Neoplasm[SEP][CLS]cornea cancer","0"
"Anaplastic Astrocytoma, IDH-Wildtype[SEP][CLS]embryonal rhabdomyosarcoma","0"
"Krabbe Disease[SEP][CLS]female reproductive system disease","0"
"Corpus Callosum Lipoma[SEP][CLS]cranial nerve disease","0"
"Gastric Immature Teratoma[SEP][CLS]testicular cancer","0"
"Malignant Testicular Germ Cell Tumor[SEP][CLS]vaginal adenoma","0"
"Intermediate Immature Teratoma[SEP][CLS]neuroendocrine tumor","0"
"Chronic Maxillary Sinusitis[SEP][CLS]acute porphyria","0"
"Hepatitis B Infection[SEP][CLS]viral infectious disease","1"
"Testicular Yolk Sac Tumor, Hepatoid Pattern[SEP][CLS]functioning pituitary adenoma","0"
"Reflex Epilepsy[SEP][CLS]mitral valve disease","0"
"Arteriolosclerosis[SEP][CLS]primary bacterial infectious disease","0"
"Dentatorubral-Pallidoluysian Atrophy[SEP][CLS]bone deterioration disease","0"
"Schizotypal Personality Disorder[SEP][CLS]sensory system disease","0"
"Lipoadenoma[SEP][CLS]pineal gland cancer","0"
"Malignant Broad Ligament Neoplasm[SEP][CLS]uterine adnexa cancer","1"
"Bladder Papillary Urothelial Neoplasm[SEP][CLS]mature B-cell neoplasm","0"
"Social Anxiety Disorder[SEP][CLS]fibrosarcoma","0"
"Silicosis[SEP][CLS]acrocephalosyndactylia","0"
"Plexopathy[SEP][CLS]breast sarcoma","0"
"Ovarian Serous Cystadenofibroma[SEP][CLS]cauda equina neoplasm","0"
"Chronic Cervicitis[SEP][CLS]breast metaplastic carcinoma","0"
"Sandhoff Disease[SEP][CLS]non-proliferative fibrocystic change of the breast","0"
"Restless Leg Syndrome[SEP][CLS]malignant pineal area germ cell neoplasm","0"
"Tropical Sprue[SEP][CLS]intestinal disease","1"
"Schizophrenia[SEP][CLS]renal tubular transport disease","0"
"Neonatal Candidiasis[SEP][CLS]conjunctival disease","0"
"Breast Intraductal Proliferative Lesion[SEP][CLS]intraductal breast benign neoplasm","1"
"Parasagittal Meningioma[SEP][CLS]perineurioma","0"
"Homocystinuria[SEP][CLS]meningioma","0"
"Echolalia[SEP][CLS]speech disorder","1"
"Telangiectasia[SEP][CLS]breast squamous cell carcinoma","0"
"Pulpitis[SEP][CLS]teeth hard tissue disease","0"
"Mucoepidermoid Carcinoma[SEP][CLS]kidney benign neoplasm","0"
"Arachnoiditis[SEP][CLS]cystitis","0"
"Babesiosis[SEP][CLS]uterine corpus cancer","0"
"Sideroblastic Anemia[SEP][CLS]larynx cancer","0"
"Vulvar Dystrophy[SEP][CLS]Bartholin's gland carcinoma","0"
"Acute Nasopharyngitis[SEP][CLS]upper respiratory tract disease","1"
"Dermoid Cyst[SEP][CLS]endometrial adenocarcinoma","0"
"Ileitis[SEP][CLS]marginal zone lymphoma","0"
"Mevalonate Kinase Deficiency[SEP][CLS]peroxisomal disease","1"
"Skull Base Chordoma[SEP][CLS]retinal disease","0"
"Myeloproliferative Neoplasm[SEP][CLS]lipoma","0"
"Dermal Neoplasm[SEP][CLS]bone cancer","0"
"Breast Squamous Cell Carcinoma, Large Cell Keratinizing Variant[SEP][CLS]ovarian germ cell cancer","0"
"Prediabetes[SEP][CLS]extrinsic cardiomyopathy","0"
"Prostate Acinar Signet Ring Cell-Like Adenocarcinoma[SEP][CLS]pneumoconiosis","0"
"Early Gastric Cancer[SEP][CLS]lipomatosis","0"
"Cemento-Ossifying Fibroma[SEP][CLS]bone benign neoplasm","1"
"Gonadal Disorder[SEP][CLS]colonic benign neoplasm","0"
"Appendix L-Cell Glucagon-Like Peptide-Producing Neuroendocrine Tumor[SEP][CLS]appendix cancer","1"
"Jugular Foramen Meningioma[SEP][CLS]sigmoid colon cancer","0"
"Giant Hemangioma[SEP][CLS]cavernous hemangioma","1"
"Intracranial Hypertension[SEP][CLS]motor neuron disease","0"
"Q Fever[SEP][CLS]strabismus","0"
"Diffuse Cutaneous Mastocytosis[SEP][CLS]ovarian disease","0"
"C3 Deficiency[SEP][CLS]spinal canal and spinal cord meningioma","0"
"Breast Hemangiopericytoma[SEP][CLS]breast cancer","0"
"Gemistocytic Astrocytoma[SEP][CLS]malignant astrocytoma","1"
"Acute Myeloid Leukemia with Minimal Differentiation[SEP][CLS]carcinoma","0"
"Craniofacial Dysostosis[SEP][CLS]upper respiratory tract disease","0"
"Lateral Medullary Syndrome[SEP][CLS]basal cell carcinoma","0"
"Mixed Mineral Dust Pneumoconiosis[SEP][CLS]bone remodeling disease","0"
"Orbit Hemangioma[SEP][CLS]functioning pituitary adenoma","0"
"Large Cell Acanthoma[SEP][CLS]cholecystitis","0"
"Ectopic Pregnancy[SEP][CLS]embryonal cancer","0"
"B Acute Lymphoblastic Leukemia with t(12;21)(p13.2;q22.1); ETV6-RUNX1[SEP][CLS]muscle benign neoplasm","0"
"Spindle Cell Melanoma[SEP][CLS]retinal disease","0"
"Stiff Person Syndrome[SEP][CLS]choroid disease","0"
"Invasive Bladder Sarcomatoid Urothelial Carcinoma[SEP][CLS]peripheral osteosarcoma","0"
"Esophageal Mucoepidermoid Carcinoma[SEP][CLS]ovarian cancer","0"
"Ovarian Wilms Tumor[SEP][CLS]bone sarcoma","0"
"Nontoxic Goiter[SEP][CLS]melanoma","0"
"Chronic Metabolic Polyneuropathy[SEP][CLS]eating disorder","0"
"Subacute Sclerosing Panencephalitis[SEP][CLS]meningioma","0"
"Xerophthalmia[SEP][CLS]hemangioma","0"
"Gnathostomiasis[SEP][CLS]uterine fibroid","0"
"Childhood Ovarian Immature Teratoma[SEP][CLS]immature teratoma of ovary","1"
"HELLP Syndrome[SEP][CLS]posterior fossa ependymoma","0"
"Hydranencephaly[SEP][CLS]ampulla of Vater adenocarcinoma","0"
"Pleural Solitary Fibrous Tumor[SEP][CLS]parathyroid gland disease","0"
"Dependence[SEP][CLS]tic disorder","0"
"Enamel Hypoplasia[SEP][CLS]teeth hard tissue disease","1"
"Mevalonate Kinase Deficiency[SEP][CLS]skin benign neoplasm","0"
"Spinal Meningioma[SEP][CLS]specific developmental disorder","0"
"Dermatophytosis of Scalp and Beard[SEP][CLS]lacrimal gland cancer","0"
"Childhood Meningioma[SEP][CLS]inflammatory bowel disease","0"
"Cherry Hemangioma[SEP][CLS]vulva squamous cell carcinoma","0"
"Malignant Uterine Corpus Neoplasm[SEP][CLS]ovarian primitive germ cell tumor","0"
"Uric Acid Urolithiasis[SEP][CLS]kidney benign neoplasm","0"
"Progressive Bulbar Palsy[SEP][CLS]hepatocellular carcinoma","0"
"Retinal Tear[SEP][CLS]prostate sarcoma","0"
"Sandhoff Disease[SEP][CLS]acute erythroid leukemia","0"
"Partial Retinal Arterial Occlusion[SEP][CLS]salivary gland cancer","0"
"Carotid Artery Dissection[SEP][CLS]pneumoconiosis","0"
"Pancreatic Cystadenocarcinoma[SEP][CLS]tracheal disease","0"
"Hyperphosphatemia[SEP][CLS]pancreatic ductal adenocarcinoma","0"
"Central Nervous System Angiosarcoma[SEP][CLS]cranial nerve malignant neoplasm","0"
"Papilledema[SEP][CLS]multifocal osteogenic sarcoma","0"
"Intra-Abdominal Hemangioma[SEP][CLS]prostate carcinoma","0"
"Vulvar Keratinizing Squamous Cell Carcinoma[SEP][CLS]ovarian benign neoplasm","0"
"Pick's Disease[SEP][CLS]male infertility","0"
"Rhabdoid Tumor[SEP][CLS]disease of mental health","0"
"Proteus Syndrome[SEP][CLS]herpes simplex","0"
"Otorrhea[SEP][CLS]auditory system disease","1"
"Diabetic Autonomic Neuropathy[SEP][CLS]cervical adenocarcinoma","0"
"Lung Adenoid Cystic Carcinoma[SEP][CLS]reproductive system disease","0"
"Epithelioid Leiomyosarcoma[SEP][CLS]leiomyoma","0"
"Extraskeletal Myxoid Chondrosarcoma[SEP][CLS]upper respiratory tract disease","0"
"Ethmoidal Sinusitis[SEP][CLS]conjunctivitis","0"
"Undifferentiated Pleomorphic Sarcoma with Osteoclast-Like Giant Cells[SEP][CLS]malignant giant cell tumor","1"
"Corticotroph Pituitary Neuroendocrine Tumor[SEP][CLS]specific developmental disorder","0"
"Heroin Dependence[SEP][CLS]hemangioma","0"
"Acute Myeloid Leukemia with Biallelic CEBPA Mutation[SEP][CLS]ischemic bone disease","0"
"Pulmonary Interstitial Emphysema[SEP][CLS]visual cortex disease","0"
"Ebola Hemorrhagic Fever[SEP][CLS]breast adenocarcinoma","0"
"Rectal Sarcomatoid Carcinoma[SEP][CLS]rectum cancer","1"
"Polyclonal Hypergammaglobulinemia[SEP][CLS]chromophil adenoma of the kidney","0"
"Intracranial Hypertension[SEP][CLS]esophageal carcinoma","0"
"Proteinuria[SEP][CLS]primary bacterial infectious disease","0"
"Ethmoid Sinus Primary Ectopic Meningioma[SEP][CLS]Bartholin's gland carcinoma","0"
"Breast Capillary Hemangioma[SEP][CLS]angiokeratoma","0"
"Diffuse Astrocytoma, MYBL1-Altered[SEP][CLS]skin disease","0"
"Vaginal Adenosarcoma[SEP][CLS]physical disorder","0"
"Mucopolysaccharidosis[SEP][CLS]bladder squamous cell carcinoma","0"
"Dyslexia[SEP][CLS]nerve compression syndrome","0"
"Angiokeratoma of Fordyce[SEP][CLS]endodermal sinus tumor","0"
"Plague[SEP][CLS]renal pelvis transitional cell carcinoma","0"
"Skin Mucoepidermoid Carcinoma[SEP][CLS]galactosemia","0"
"Hypogonadotropic Hypogonadism with Anosmia[SEP][CLS]cervical squamous cell carcinoma","0"
"Tactile Epilepsy[SEP][CLS]anemia","0"
"Vaginal Disorder[SEP][CLS]nose disease","0"
"Ovarian Mucinous Adenocarcinofibroma[SEP][CLS]hematologic cancer","0"
"Leiomyomatosis[SEP][CLS]pneumoconiosis","0"
"Anhidrotic Ectodermal Dysplasia 1[SEP][CLS]meningioma","0"
"Diffuse Cerebral Sclerosis of Schilder[SEP][CLS]abdominal obesity-metabolic syndrome","0"
"Neuroendocrine Neoplasm[SEP][CLS]thymus gland disease","0"
"Head and Neck Neoplasm[SEP][CLS]organ system cancer","1"
"Breast Lobular Carcinoma[SEP][CLS]viral infectious disease","0"
"Endometrioid Tumor[SEP][CLS]neuroendocrine tumor","0"
"Brachial Plexopathy[SEP][CLS]thyrotoxicosis","0"
"Lacrimal Gland Adenoid Cystic Carcinoma[SEP][CLS]bladder benign neoplasm","0"
"Lens Subluxation[SEP][CLS]primary bacterial infectious disease","0"
"Dacryoadenitis[SEP][CLS]lacrimal gland adenocarcinoma","0"
"Vulvar Squamous Neoplasm[SEP][CLS]intraductal breast benign neoplasm","0"
"Asperger Syndrome[SEP][CLS]osteochondrodysplasia","0"
"Nodal Marginal Zone Lymphoma[SEP][CLS]syndrome","0"
"Cervical Mucinous Adenocarcinoma, Signet Ring Cell-Type[SEP][CLS]cerebellar astrocytoma","0"
"Pancreatic Intraductal Papillary-Mucinous Neoplasm with an Associated Invasive Carcinoma[SEP][CLS]prostate adenocarcinoma","0"
"Alpha-Mannosidosis[SEP][CLS]vulva cancer","0"
"Benign Exocrine Pancreas Neoplasm[SEP][CLS]uterine ligament adenocarcinoma","0"
"Niemann-Pick Disease[SEP][CLS]hemangiopericytic tumor","0"
"Endosalpingiosis[SEP][CLS]high grade glioma","0"
"Iris Disorder[SEP][CLS]monodermal teratoma","0"
"Mixed Glioma[SEP][CLS]adult brain stem glioma","0"
"Sellar Region Neoplasm[SEP][CLS]basal cell carcinoma","0"
"Fungal Infection[SEP][CLS]systemic mastocytosis","0"
"Tenosynovial Giant Cell Tumor[SEP][CLS]benign giant cell tumor","1"
"Rectal Neoplasm[SEP][CLS]pericardial effusion","0"
"Amenorrhea[SEP][CLS]female reproductive system disease","1"
"Pulmonary Alveolar Proteinosis[SEP][CLS]fetishism","0"
"Tibial Adamantinoma[SEP][CLS]intrahepatic cholangiocarcinoma","0"
"Invasive Bladder Micropapillary Urothelial Carcinoma[SEP][CLS]neuroendocrine tumor","0"
"Vaginal Squamous Papilloma[SEP][CLS]synucleinopathy","0"
"HIV Infection[SEP][CLS]acrocephalosyndactylia","0"
"Childhood Renal Cell Carcinoma[SEP][CLS]well-differentiated liposarcoma","0"
"Tall Cell Variant Thyroid Gland Papillary Carcinoma[SEP][CLS]hypolipoproteinemia","0"
"Preeclampsia[SEP][CLS]thyroid gland carcinoma","0"
"Lymphoid Leukemia[SEP][CLS]cervix carcinoma","0"
"Pancreatitis[SEP][CLS]inherited metabolic disorder","0"
"Multilocular Cystic Renal Neoplasm of Low Malignant Potential[SEP][CLS]fasciitis","0"
"Gastric Small Cell Neuroendocrine Carcinoma[SEP][CLS]primary bacterial infectious disease","0"
"Cutaneous Nodular Melanoma[SEP][CLS]synovial sarcoma","0"
"Melanoacanthoma[SEP][CLS]cavernous hemangioma","0"
"Mycobacterium Avium Infection[SEP][CLS]synucleinopathy","0"
"Colon Kaposi Sarcoma[SEP][CLS]muscle tissue disease","0"
"Urethral Clear Cell Adenocarcinoma[SEP][CLS]bacterial conjunctivitis","0"
"Fuchs Endothelial Dystrophy[SEP][CLS]laryngitis","0"
"Platelet Disorder[SEP][CLS]combined immunodeficiency","0"
"Seborrheic Dermatitis[SEP][CLS]connective tissue disease","0"
"Breast Epithelioid Hemangioma[SEP][CLS]breast hemangioma","1"
"Follicular Helper T-Cell Lymphoma, Angioimmunoblastic-Type[SEP][CLS]sweat gland benign neoplasm","0"
"Early Invasive Cervical Squamous Cell Carcinoma[SEP][CLS]extrahepatic bile duct adenoma","0"
"Achenbach Syndrome[SEP][CLS]osteochondrodysplasia","0"
"Oral Cavity Hairy Leukoplakia[SEP][CLS]mononeuropathy","0"
"Adult Medulloblastoma[SEP][CLS]physical disorder","0"
"Exhibitionism[SEP][CLS]glomerulonephritis","0"
"Renal Cell Carcinoma[SEP][CLS]angiosarcoma","0"
"Partial Motor Seizure[SEP][CLS]primary cutaneous T-cell non-Hodgkin lymphoma","0"
"Ovarian Cystic Teratoma[SEP][CLS]pyloric stenosis","0"
"Uveal Spindle Cell Melanoma[SEP][CLS]ocular melanoma","1"
"Lung Sarcomatoid Carcinoma[SEP][CLS]viral infectious disease","0"
"Subependymal Giant Cell Astrocytoma[SEP][CLS]male urethral cancer","0"
"Balantidiasis[SEP][CLS]renal adenoma","0"
"Cervical Non-Keratinizing Squamous Cell Carcinoma[SEP][CLS]osteochondrodysplasia","0"
"Microsporidiosis[SEP][CLS]prostate sarcoma","0"
"Cervical Intraspinal Meningioma[SEP][CLS]hypopituitarism","0"
"Polyhydramnios[SEP][CLS]placenta disease","1"
"Acute Respiratory Distress Syndrome[SEP][CLS]spinal cord disease","0"
"Malignant Tenosynovial Giant Cell Tumor[SEP][CLS]basal cell carcinoma","0"
"Intracranial Embryonal Tumor, Not Otherwise Specified[SEP][CLS]basal cell carcinoma","0"
"Small Intestinal Sarcoma[SEP][CLS]pseudosarcomatous fibromatosis","0"
"Extraskeletal Ewing Sarcoma/Peripheral Primitive Neuroectodermal Tumor[SEP][CLS]meningioma","0"
"Epithelial Synovial Sarcoma[SEP][CLS]chronic lymphocytic leukemia","0"
"Encapsulated Thymoma[SEP][CLS]sphenoid sinusitis","0"
"Hereditary Hyperbilirubinemia[SEP][CLS]oral cavity cancer","0"
"Histiocytosis[SEP][CLS]thyroid gland papillary carcinoma","0"
"Middle Ear Polyp[SEP][CLS]aortic valve stenosis","0"
"Psammomatous Meningioma[SEP][CLS]glomerulonephritis","0"
"Eosinophilic Esophagitis[SEP][CLS]esophagitis","1"
"Epithelioid Angiomyolipoma[SEP][CLS]congenital mesoblastic nephroma","0"
"Penile Leukoplakia[SEP][CLS]nosophobia","0"
"Uveal Spindle Cell Melanoma[SEP][CLS]liposarcoma","0"
"Secondary Polycythemia[SEP][CLS]cerebrum cancer","0"
"Progressive Supranuclear Palsy[SEP][CLS]hereditary renal cell carcinoma","0"
"Eyelid Disorder[SEP][CLS]ovarian benign neoplasm","0"
"Reticulosarcoma[SEP][CLS]polycythemia","0"
"Pacinian Neurofibroma[SEP][CLS]low grade glioma","0"
"Hypochondriasis[SEP][CLS]breast carcinoma","0"
"Penile Mixed Squamous Cell Carcinoma[SEP][CLS]medulloblastoma","0"
"Pleomorphic Lipoma[SEP][CLS]lip disease","0"
"Dystonia[SEP][CLS]neuroblastoma","0"
"Panic Disorder[SEP][CLS]pilocytic astrocytoma","0"
"Moyamoya Disease[SEP][CLS]cerebral arterial disease","1"
"Astrocytoma, IDH-Mutant, Grade 4[SEP][CLS]IDH-mutant anaplastic astrocytoma","1"
"Paraplegia[SEP][CLS]pancreatic cystadenocarcinoma","0"
"Mongolian Spot[SEP][CLS]endometrial adenocarcinoma","0"
"Cutaneous Ganglioneuroma[SEP][CLS]medulloblastoma non-WNT/non-SHH","0"
"Nystagmus[SEP][CLS]breast myoepithelial neoplasm","0"
"Jugular Foramen Meningioma[SEP][CLS]acute myeloid leukemia","0"
"Progressive Supranuclear Palsy[SEP][CLS]thymus gland disease","0"
"Tolosa-Hunt Syndrome[SEP][CLS]paranasal sinus benign neoplasm","0"
"Cerebral Palsy[SEP][CLS]brain disease","1"
"Hypodiploid B Lymphoblastic Leukemia/Lymphoma[SEP][CLS]acute myeloid leukemia","0"
"Infectious Otitis Externa[SEP][CLS]peptic ulcer disease","0"
"Gynatresia[SEP][CLS]primary bacterial infectious disease","0"
"Voyeurism[SEP][CLS]ovarian carcinoma","0"
"Internal Strabismus[SEP][CLS]pneumoconiosis","0"
"Microcystic/Reticular Schwannoma[SEP][CLS]glaucoma","0"
"Croup[SEP][CLS]malignant giant cell tumor","0"
"Barrett Esophagus[SEP][CLS]galactosemia","0"
"Hypersplenism[SEP][CLS]commensal bacterial infectious disease","0"
"Flying Phobia[SEP][CLS]retinoblastoma","0"
"Ceruminous Adenoma[SEP][CLS]optic nerve disease","0"
"Testicular Yolk Sac Tumor, Polyvesicular Vitelline Pattern[SEP][CLS]embryonal cancer","0"
"Carcinoma Arising in Nasal Papillomatosis[SEP][CLS]thymic carcinoma","0"
"Meesmann Corneal Dystrophy[SEP][CLS]acute promyelocytic leukemia","0"
"Drug Induced Lupus Erythematosus[SEP][CLS]vitreous disease","0"
"Carotid Artery Stenosis[SEP][CLS]hereditary sensory neuropathy","0"
"Ovarian Stromal Hyperthecosis[SEP][CLS]ovarian benign neoplasm","0"
"Adult Brain Stem Gliosarcoma[SEP][CLS]extraosseous Ewing sarcoma","0"
"Thymoma Type A[SEP][CLS]parosteal osteosarcoma","0"
"Childhood Extraskeletal Myxoid Chondrosarcoma[SEP][CLS]pancreatic cystadenocarcinoma","0"
"Childhood Ovarian Teratoma[SEP][CLS]chronic lymphocytic leukemia","0"
"Fungal Infection[SEP][CLS]skull base chordoma","0"
"Childhood Liposarcoma[SEP][CLS]male infertility","0"
"Hypoactive Sexual Desire Disorder[SEP][CLS]hereditary sensory neuropathy","0"
"Eosinophilic Granulomatosis with Polyangiitis[SEP][CLS]superficial mycosis","0"
"Methemoglobinemia[SEP][CLS]muscle benign neoplasm","0"
"B-Cell Non-Hodgkin Lymphoma[SEP][CLS]paranasal sinus disease","0"
"Pancreatic Serous Cystadenocarcinoma[SEP][CLS]blood coagulation disease","0"
"Multicentric Reticulohistiocytosis[SEP][CLS]hypotrichosis","0"
"Lymphocyte-Depleted Classic Hodgkin Lymphoma[SEP][CLS]choriocarcinoma of the testis","0"
"Organic Mental Disorder[SEP][CLS]neuropathy","0"
"Osteitis Fibrosa Cystica[SEP][CLS]hair follicle neoplasm","0"
"Tourette Syndrome[SEP][CLS]epithelioid sarcoma","0"
"Fibroosseous Pseudotumor of Digits[SEP][CLS]osteosclerosis","0"
"Cogan-Reese Syndrome[SEP][CLS]trichothiodystrophy","0"
"Uterine Corpus Adenomyoma[SEP][CLS]skin benign neoplasm","0"
"Skeletal Muscle Neoplasm[SEP][CLS]medulloblastoma SHH activated","0"
"Ovarian Mucinous Cystadenoma[SEP][CLS]ovarian cystadenoma","1"
"Differentiated Thyroid Gland Carcinoma[SEP][CLS]inherited metabolic disorder","0"
"Pyloric Stenosis[SEP][CLS]primary bacterial infectious disease","0"
"Pineocytoma[SEP][CLS]ovary epithelial cancer","0"
"Mitochondrial Myopathy[SEP][CLS]myocardial infarction","0"
"Fuchs Endothelial Dystrophy[SEP][CLS]female reproductive organ cancer","0"
"Glycogen Storage Disease[SEP][CLS]viral infectious disease","0"
"Malignant Pylorus Neoplasm[SEP][CLS]small intestine cancer","0"
"Aniridia[SEP][CLS]central nervous system embryonal tumor","0"
"Xanthogranulomatous Pyelonephritis[SEP][CLS]sarcoma","0"
"Childhood Ovarian Immature Teratoma[SEP][CLS]cystitis","0"
"Complex Regional Pain Syndrome I[SEP][CLS]neurodegenerative disease","0"
"Yaws[SEP][CLS]primary bacterial infectious disease","1"
"Gallbladder Stone[SEP][CLS]uremia","0"
"Periosteal Chondroma[SEP][CLS]chondroma","1"
"Waterhouse-Friderichsen Syndrome[SEP][CLS]macular retinal edema","0"
"Polyclonal Hypergammaglobulinemia[SEP][CLS]renal cell carcinoma","0"
"Metachronous Osteosarcoma[SEP][CLS]lysosomal storage disease","0"
"Breast Secretory Carcinoma[SEP][CLS]rete ovarii adenoma","0"
"Extrahepatic Bile Duct Mucinous Cystic Neoplasm[SEP][CLS]hematologic cancer","0"
"Glioblastoma, IDH-Wildtype[SEP][CLS]pancreas disease","0"
"Intrahepatic Bile Duct Adenoma[SEP][CLS]meningioma","0"
"Childhood Central Nervous System Embryonal Tumor, Not Otherwise Specified[SEP][CLS]bone osteosarcoma","0"
"Megaesophagus[SEP][CLS]cranial nerve palsy","0"
"BN2 Diffuse Large B-Cell Lymphoma[SEP][CLS]thoracic disease","0"
"Cranial Nerve Palsy[SEP][CLS]dermatomycosis","0"
"Sick Sinus Syndrome[SEP][CLS]embryonal rhabdomyosarcoma","0"
"Large Cell Acanthoma[SEP][CLS]brain disease","0"
"Cervical Lymphoepithelioma-Like Carcinoma[SEP][CLS]teratoma","0"
"Pseudobulbar Palsy[SEP][CLS]primary bacterial infectious disease","0"
"von Willebrand Disease, Type 1[SEP][CLS]testicular malignant germ cell cancer","0"
"Nutritional Disorder[SEP][CLS]testicular yolk sac tumor","0"
"Schwannomatosis[SEP][CLS]neurilemmoma","1"
"Giant Papillary Conjunctivitis[SEP][CLS]leukemia","0"
"Sexual Sadism[SEP][CLS]food allergy","0"
"Coronary Artery Aneurysm[SEP][CLS]bile duct carcinoma","0"
"Lipodystrophy[SEP][CLS]lung disease","0"
"Malignant Peripheral Nerve Sheath Tumor[SEP][CLS]mouth disease","0"
"Sphenoid Sinus Papilloma[SEP][CLS]spinal cancer","0"
"Proctitis[SEP][CLS]heart sarcoma","0"
"Narcolepsy[SEP][CLS]bilateral breast cancer","0"
"Pierre Robin Syndrome[SEP][CLS]lung adenocarcinoma","0"
"Junctional Epidermolysis Bullosa[SEP][CLS]gestational choriocarcinoma","0"
"Epidural Spinal Canal Neoplasm[SEP][CLS]cystic teratoma","0"
"Ovarian Gestational Choriocarcinoma[SEP][CLS]choriocarcinoma of ovary","1"
"Arteriovenous Malformation/Hemangioma[SEP][CLS]carcinosarcoma","0"
"Asbestosis[SEP][CLS]arthropathy","0"
"Malignant Mixed Epithelial and Stromal Tumor of the Kidney[SEP][CLS]teeth hard tissue disease","0"
"Hyperdiploid B Lymphoblastic Leukemia/Lymphoma[SEP][CLS]myocardial infarction","0"
"Cavernous Hemangioma of the Face[SEP][CLS]syndrome","0"
"Dysthymic Disorder[SEP][CLS]kidney benign neoplasm","0"
"Xanthogranulomatous Cholecystitis[SEP][CLS]esophageal disease","0"
"Panniculitis[SEP][CLS]personality disorder","0"
"Clubfoot[SEP][CLS]acute porphyria","0"
"Gastrointestinal Stromal Tumor[SEP][CLS]glucose metabolism disease","0"
"Diffuse Midline Glioma, H3 K27M-Mutant[SEP][CLS]uterine fibroid","0"
"Malignant Cardiac Hemangiopericytoma[SEP][CLS]childhood spinal muscular atrophy","0"
"Neuritis[SEP][CLS]lysosomal storage disease","0"
"Melkersson-Rosenthal Syndrome[SEP][CLS]cerebrum cancer","0"
"Clivus Chondroid Chordoma[SEP][CLS]malignant astrocytoma","0"
"Lung Hilum Neoplasm[SEP][CLS]glioblastoma","0"
"Eosinophilic Pneumonia[SEP][CLS]pneumonia","1"
"Polydactyly[SEP][CLS]malignant melanocytic neoplasm of the peripheral nerve sheath","0"
"Spindle Cell Rhabdomyosarcoma[SEP][CLS]disorder of sexual development","0"
"VIP-Producing Neuroendocrine Tumor[SEP][CLS]pseudosarcomatous fibromatosis","0"
"Telangiectasia[SEP][CLS]retinal degeneration","0"
"Tumor of the Follicular Infundibulum[SEP][CLS]hair follicle neoplasm","1"
"Meningothelial Meningioma[SEP][CLS]testicular malignant germ cell cancer","0"
"Malignant Rectosigmoid Neoplasm[SEP][CLS]inherited metabolic disorder","0"
"Transitional Cell Papilloma[SEP][CLS]skin squamous cell carcinoma","0"
"Central Nervous System Disorder[SEP][CLS]connective tissue benign neoplasm","0"
"Drug Induced Lupus Erythematosus[SEP][CLS]malignant peripheral nerve sheath tumor","0"
"Neuronitis[SEP][CLS]acrofacial dysostosis","0"
"Argininemia[SEP][CLS]dermatitis","0"
"Adult Cystic Teratoma[SEP][CLS]bile duct rhabdomyosarcoma","0"
"Visual Pathway Disorder[SEP][CLS]breast intraductal proliferative lesion","0"
"Ceruminous Adenocarcinoma[SEP][CLS]well-differentiated liposarcoma","0"
"Breast Sclerosing Adenosis[SEP][CLS]neurofibroma","0"
"Broad Ligament Clear Cell Adenocarcinoma[SEP][CLS]drug dependence","0"
"Protein S Deficiency Disease[SEP][CLS]acute myeloid leukemia","0"
"Childhood Fibrosarcoma[SEP][CLS]hyperparathyroidism","0"
"Chronic Salpingitis[SEP][CLS]variable age at onset electroclinical syndrome","0"
"Deep Hemangioma[SEP][CLS]pervasive developmental disorder","0"
"Primary Ovarian Failure[SEP][CLS]embryonal tumor with multilayered rosettes, C19MC-altered","0"
"Cervical Adenomyoma[SEP][CLS]benign mediastinal neurilemmoma","0"
"Intracranial Embryonal Tumor, Not Otherwise Specified[SEP][CLS]acute kidney failure","0"
"Childhood Extraocular Retinoblastoma[SEP][CLS]cervical adenocarcinoma","0"
"Ovarian Malignant Mesothelioma[SEP][CLS]viral infectious disease","0"
"Periosteal Chondroma[SEP][CLS]lens disease","0"
"Kernicterus Related to Isoimmunization[SEP][CLS]respiratory failure","0"
"Acute Contagious Conjunctivitis[SEP][CLS]organ system cancer","0"
"Rectal Signet Ring Cell Adenocarcinoma[SEP][CLS]squamous cell neoplasm","0"
"Meckel Diverticulum[SEP][CLS]skull base cancer","0"
"Malignant Uterine Corpus Mixed Epithelial and Mesenchymal Neoplasm[SEP][CLS]lacrimal apparatus disease","0"
"Thymoma Type AB[SEP][CLS]adenoma","0"
"Lung Papillary Adenocarcinoma[SEP][CLS]pineal region teratoma","0"
"Tonsillitis[SEP][CLS]central nervous system mesenchymal non-meningothelial tumor","0"
"Steroid Lipomatosis[SEP][CLS]anal canal adenocarcinoma","0"
"Oculomotor Nerve Disorder[SEP][CLS]penile disease","0"
"Mixed Glioma[SEP][CLS]renal cell carcinoma","0"
"Medulloblastoma, SHH-Activated, TP53-Wildtype[SEP][CLS]meningioma","0"
"Urea Cycle Metabolism Disorder[SEP][CLS]proteinuria","0"
"Chronic Leukemia[SEP][CLS]meningioma","0"
"Gonadotropin-Dependent Precocious Puberty[SEP][CLS]pancreatic cystadenocarcinoma","0"
"Norwegian Scabies[SEP][CLS]ocular motility disease","0"
"Microcystic/Reticular Schwannoma[SEP][CLS]hematologic cancer","0"
"Malignant Oropharyngeal Neoplasm[SEP][CLS]nervous system disease","0"
"Slate Pneumoconiosis[SEP][CLS]conjunctival disease","0"
"Balanitis[SEP][CLS]penile disease","1"
"Anaplastic Large Cell Lymphoma[SEP][CLS]prolymphocytic leukemia","0"
"Sympathetic Schwannoma[SEP][CLS]prostatic urethral cancer","0"
"Sea-Blue Histiocyte Syndrome[SEP][CLS]ovary epithelial cancer","0"
"Chordoma[SEP][CLS]botryoid rhabdomyosarcoma","0"
"Nephritis[SEP][CLS]reactive cutaneous fibrous lesion","0"
"Childhood Ovarian Yolk Sac Tumor[SEP][CLS]ovarian endodermal sinus tumor","1"
"Holmes-Adie Syndrome[SEP][CLS]ovarian serous adenofibroma","0"
"Parosteal Osteosarcoma[SEP][CLS]pneumonia","0"
"Clubfoot[SEP][CLS]supratentorial ependymoma","0"
"Salpingo-Oophoritis[SEP][CLS]reflex epilepsy","0"
"Myoepithelial Tumor[SEP][CLS]penis squamous cell carcinoma","0"
"Granulomatous Colitis[SEP][CLS]thyroid gland follicular carcinoma","0"
"Liver and Intrahepatic Bile Duct Disorder[SEP][CLS]cataract","0"
"Brachial Plexus Neoplasm[SEP][CLS]clivus meningioma","0"
"Malignant Prostate Phyllodes Tumor[SEP][CLS]sarcoidosis","0"
"Adult Botryoid-Type Embryonal Rhabdomyosarcoma[SEP][CLS]leiomyosarcoma","0"
"Granulomatous Endometritis[SEP][CLS]well-differentiated liposarcoma","0"
"Synovitis, Acne, Pustulosis, Hyperostosis, and Osteitis Syndrome[SEP][CLS]syndrome","1"
"Sporadic Breast Carcinoma[SEP][CLS]breast adenocarcinoma","0"
"Invasive Bladder Nested Urothelial Carcinoma[SEP][CLS]childhood leukemia","0"
"Hypertrophic Pyloric Stenosis[SEP][CLS]basal cell carcinoma","0"
"Eyelid Melanoma[SEP][CLS]skin melanoma","1"
"Mesenteric Lymphadenitis[SEP][CLS]cerebellar disease","0"
"Muscular Dystrophy[SEP][CLS]myopathy","1"
"Impetigo[SEP][CLS]ovarian carcinoma","0"
"Meningeal Melanocytosis[SEP][CLS]pancreatic cancer","0"
"Entrapment Neuropathy[SEP][CLS]pneumoconiosis","0"
"Female Orgasmic Disorder[SEP][CLS]pancreatic intraductal papillary-colloid carcinoma","0"
"Breast Sclerosing Adenosis[SEP][CLS]low grade glioma","0"
"Inflammatory Atypical Lipomatous Tumor/Well Differentiated Liposarcoma[SEP][CLS]hypothyroidism","0"
"Suppurative Cholangitis[SEP][CLS]disease of mental health","0"
"Cranial Nerve IV Palsy[SEP][CLS]lymphatic system disease","0"
"Pseudomyxoma Peritonei[SEP][CLS]marginal zone lymphoma","0"
"Wolf-Hirschhorn Syndrome[SEP][CLS]aphasia","0"
"Childhood Central Nervous System Mature Teratoma[SEP][CLS]esophageal disease","0"
"Regional Ureter Carcinoma[SEP][CLS]breast benign neoplasm","0"
"Oncocytic Adenoma[SEP][CLS]uveal disease","0"
"Breast Squamous Cell Carcinoma, Large Cell Keratinizing Variant[SEP][CLS]ovary epithelial cancer","0"
"Vagus Nerve Disorder[SEP][CLS]malignant pineal area germ cell neoplasm","0"
"Barrett Adenocarcinoma[SEP][CLS]esophagus adenocarcinoma","1"
"Hepatobiliary Neoplasm[SEP][CLS]vitamin metabolic disorder","0"
"Methemoglobinemia[SEP][CLS]prostate disease","0"
"Hereditary Retinoblastoma[SEP][CLS]retinoblastoma","1"
"Adult Cerebellar Neoplasm[SEP][CLS]cerebellum cancer","1"
"Eosinophilic Pneumonia[SEP][CLS]pulmonary valve stenosis","0"
"Severe Acute Respiratory Syndrome[SEP][CLS]obesity","0"
"Intracranial Embryonal Tumor, Not Otherwise Specified[SEP][CLS]uterine benign neoplasm","0"
"Extraskeletal Myxoid Chondrosarcoma[SEP][CLS]pituitary gland disease","0"
"Clear Cell Cystadenofibroma[SEP][CLS]cystadenofibroma","1"
"Cardiac Sarcoma[SEP][CLS]childhood low-grade glioma","0"
"Hyperglycemia[SEP][CLS]lung adenocarcinoma","0"
"Adult Central Nervous System Mixed Germ Cell Tumor[SEP][CLS]liver sarcoma","0"
"Nocardiosis[SEP][CLS]uterine corpus cancer","0"
"Salivary Cyst[SEP][CLS]familial periodic paralysis","0"
"Nodular Hidradenoma[SEP][CLS]rheumatic disease","0"
"AV Block Second Degree Mobitz Type II[SEP][CLS]anemia","0"
"Inverted Follicular Keratosis[SEP][CLS]urinary bladder cancer","0"
"Malignant Apocrine Neoplasm[SEP][CLS]blepharitis","0"
"Lung Sarcomatoid Carcinoma[SEP][CLS]acute porphyria","0"
"Supraglottic Verrucous Carcinoma[SEP][CLS]breast cancer","0"
"Cerebellar Liponeurocytoma[SEP][CLS]malignant gastric germ cell tumor","0"
"Adenomatoid Tumor[SEP][CLS]benign mesothelioma","1"
"Childhood Hepatocellular Carcinoma[SEP][CLS]maxillary sinusitis","0"
"Adult Botryoid-Type Embryonal Rhabdomyosarcoma[SEP][CLS]lipoma","0"
"Fallopian Tube Disorder[SEP][CLS]female reproductive system disease","1"
"Cranial Nerve IX Palsy[SEP][CLS]lymphadenitis","0"
"Progressive Familial Intrahepatic Cholestasis[SEP][CLS]polycythemia","0"
"Eating Disorder[SEP][CLS]viral infectious disease","0"
"Nodular Fasciitis[SEP][CLS]malignant peripheral nerve sheath tumor","0"
"Osgood-Schlatter's Disease[SEP][CLS]viral infectious disease","0"
"Testicular Yolk Sac Tumor, Microcystic Pattern[SEP][CLS]testicular yolk sac tumor","1"
"Adenomatoid Tumor[SEP][CLS]vulvar squamous papilloma","0"
"Epithelial Predominant Pulmonary Blastoma[SEP][CLS]thyroiditis","0"
"Psychiatric Disorder[SEP][CLS]proliferative type fibrocystic change of breast","0"
"Collagenous Colitis[SEP][CLS]auditory system disease","0"
"Pseudobulbar Palsy[SEP][CLS]brain disease","1"
"Kearns-Sayre Syndrome[SEP][CLS]myelodysplastic/myeloproliferative neoplasm","0"
"Paget Disease[SEP][CLS]bone osteosarcoma","0"
"Peptic Ulcer[SEP][CLS]conjunctival disease","0"
"Gastric Ulcer[SEP][CLS]uterine fibroid","0"
"Parachordoma[SEP][CLS]testicular yolk sac tumor","0"
"Testicular Torsion[SEP][CLS]testicular disease","1"
"Ciliary Body Disorder[SEP][CLS]syndrome","0"
"Pancreatic ACTH-Producing Neuroendocrine Tumor[SEP][CLS]encephalomyelitis","0"
"Serous Surface Papillary Carcinoma[SEP][CLS]breast adenocarcinoma","0"
"Gastroparesis[SEP][CLS]intestinal disease","0"
"Classic Variant of Chromophobe Renal Cell Carcinoma[SEP][CLS]nutritional deficiency disease","0"
"Periampullary Adenocarcinoma[SEP][CLS]pancreatic intraductal papillary-colloid carcinoma","0"
"Cardiac Sarcoma[SEP][CLS]extrinsic cardiomyopathy","0"
"Indolent Systemic Mastocytosis[SEP][CLS]adrenal gland cancer","0"
"Photosensitive Dermatitis[SEP][CLS]substance-related disorder","0"
"Rectal Cloacogenic Carcinoma[SEP][CLS]brain glioma","0"
"Childhood Ovarian Immature Teratoma[SEP][CLS]IDH-mutant anaplastic astrocytoma","0"
"Central Nervous System Leukemia[SEP][CLS]Hodgkin's lymphoma","0"
"Nerve Plexus Neoplasm[SEP][CLS]pulmonary fibrosis","0"
"Adult Spinal Cord Glioblastoma[SEP][CLS]meningitis","0"
"Suppurative Cholangitis[SEP][CLS]hemangioblastoma","0"
"Avoidant Personality Disorder[SEP][CLS]physical urticaria","0"
"Primary Carnitine Deficiency[SEP][CLS]angiomyoma","0"
"Aortic Valve Stenosis[SEP][CLS]disorder of sexual development","0"
"Childhood Testicular Germ Cell Tumor[SEP][CLS]lipoma","0"
"Skin Acantholytic Squamous Cell Carcinoma[SEP][CLS]substance-related disorder","0"
"Tourette Syndrome[SEP][CLS]spinal cord glioma","0"
"Liddle Syndrome[SEP][CLS]tic disorder","0"
"Cerebellar Liponeurocytoma[SEP][CLS]urethra squamous cell carcinoma","0"
"Small Cell Sarcoma[SEP][CLS]hepatoblastoma","0"
"Bartholin Gland Adenoid Cystic Carcinoma[SEP][CLS]lymphoid leukemia","0"
"Adrenocortical Insufficiency[SEP][CLS]uterine body mixed cancer","0"
"Rectosigmoid Neoplasm[SEP][CLS]sigmoid neoplasm","1"
"Secretory Meningioma[SEP][CLS]vagina botryoid rhabdomyosarcoma","0"
"Breast Mucoepidermoid Carcinoma[SEP][CLS]ovarian cancer","0"
"Lymphohistiocytoid Mesothelioma[SEP][CLS]spindle cell thymoma","0"
"Sclerosing Atypical Lipomatous Tumor/Well Differentiated Liposarcoma[SEP][CLS]conventional osteosarcoma","0"
"Intrahepatic Cholestasis[SEP][CLS]disease of metabolism","0"
"Dissociative Amnesia[SEP][CLS]rheumatic disease","0"
"Penile Sarcomatoid Carcinoma[SEP][CLS]penis squamous cell carcinoma","1"
"Unilateral Retinoblastoma[SEP][CLS]vulvar benign neoplasm","0"
"Small Cell Osteosarcoma[SEP][CLS]hypertrophic cardiomyopathy","0"
"Childhood Malignant Peripheral Nerve Sheath Tumor[SEP][CLS]malignant peripheral nerve sheath tumor","1"
"Chronic Granulomatous Disease[SEP][CLS]phagocyte bactericidal dysfunction","1"
"Pelvic Lipomatosis[SEP][CLS]nose disease","0"
"Cervical Wilms Tumor[SEP][CLS]invasive bladder transitional cell carcinoma","0"
"Open Angle Glaucoma[SEP][CLS]immature teratoma of ovary","0"
"Adenocarcinofibroma[SEP][CLS]penile disease","0"
"Diabetic Retinopathy[SEP][CLS]extrinsic cardiomyopathy","0"
"Proliferative Diabetic Retinopathy[SEP][CLS]breast sarcoma","0"
"Dysembryoplastic Neuroepithelial Tumor[SEP][CLS]glomangioma","0"
"Childhood Ependymoma[SEP][CLS]capillary disease","0"
"Stiff Person Syndrome[SEP][CLS]vagina botryoid rhabdomyosarcoma","0"
"Aplastic Anemia[SEP][CLS]anemia","1"
"Synpolydactyly[SEP][CLS]nosophobia","0"
"Adamantinomatous Craniopharyngioma[SEP][CLS]craniopharyngioma","1"
"Ovarian Seromucinous Tumor[SEP][CLS]functional gastric disease","0"
"Grade I Lymphomatoid Granulomatosis[SEP][CLS]lymphomatoid granulomatosis","1"
"Placental Choriocarcinoma[SEP][CLS]spinal canal and spinal cord meningioma","0"
"Diabetes Mellitus[SEP][CLS]prostate adenocarcinoma","0"
"Tendonitis[SEP][CLS]uterine fibroid","0"
"Anal Verrucous Carcinoma[SEP][CLS]anal squamous cell carcinoma","1"
"Medulloblastoma, WNT-Activated[SEP][CLS]mood disorder","0"
"Essential Hypertension[SEP][CLS]vulvar benign neoplasm","0"
"Bone Marrow Disorder[SEP][CLS]ovarian carcinoma","0"
"Cerebellar Liponeurocytoma[SEP][CLS]disease of mental health","0"
"Rectosigmoid Carcinoma[SEP][CLS]thymic carcinoma","0"
"Talc Pneumoconiosis[SEP][CLS]heart sarcoma","0"
"Periodontitis[SEP][CLS]periodontal disease","1"
"Childhood Oligodendroglioma[SEP][CLS]cerebral degeneration","0"
"Monophasic Synovial Sarcoma[SEP][CLS]skin squamous cell carcinoma","0"
"Laryngeal Leiomyosarcoma[SEP][CLS]leiomyosarcoma","1"
"Epidermolysis Bullosa Dystrophica[SEP][CLS]epidermolysis bullosa","1"
"Cervical Leukoplakia[SEP][CLS]plasma cell neoplasm","0"
"Undifferentiated Pleomorphic Sarcoma with Osteoclast-Like Giant Cells[SEP][CLS]peripheral T-cell lymphoma","0"
"Exostosis[SEP][CLS]encephalomalacia","0"
"Epidermolysis Bullosa[SEP][CLS]bone inflammation disease","0"
"Rosette-Forming Glioneuronal Tumor[SEP][CLS]papilloma","0"
"Kartagener Syndrome[SEP][CLS]childhood leukemia","0"
"Hydronephrosis[SEP][CLS]connective tissue cancer","0"
"Tetanus Neonatorum[SEP][CLS]leukemia","0"
"Patent Foramen Ovale[SEP][CLS]mucopolysaccharidosis","0"
"Synchronous Multifocal Osteosarcoma[SEP][CLS]disease of anatomical entity","0"
"Mediastinal Angiosarcoma[SEP][CLS]ovarian clear cell adenofibroma","0"
"Prostate Rhabdomyosarcoma[SEP][CLS]cervix disease","0"
"Macular Corneal Dystrophy[SEP][CLS]lung benign neoplasm","0"
"Clear Cell Renal Cell Carcinoma[SEP][CLS]cholestasis","0"
"Axonal Neuropathy[SEP][CLS]syndrome","0"
"Splenic Manifestation of Prolymphocytic Leukemia[SEP][CLS]xanthomatosis","0"
"Ebstein Anomaly[SEP][CLS]pericardial effusion","0"
"Cervical Disorder[SEP][CLS]frontal sinus benign neoplasm","0"
"Angelman Syndrome[SEP][CLS]syndrome","1"
"Visual Pathway Disorder[SEP][CLS]bronchus adenoma","0"
"Orbital Cellulitis[SEP][CLS]opportunistic bacterial infectious disease","0"
"Invasive Bladder Sarcomatoid Urothelial Carcinoma[SEP][CLS]colon cancer","0"
"Miliary Tuberculosis[SEP][CLS]glomerulonephritis","0"
"Rubella Infection[SEP][CLS]sinusitis","0"
"Breast Adenomyoepithelial Adenosis[SEP][CLS]microglandular adenosis","1"
"Cranial Nerve IX Palsy[SEP][CLS]cranial nerve palsy","1"
"Childhood Choroid Plexus Neoplasm[SEP][CLS]choroid plexus cancer","1"
"Mediastinal Synovial Sarcoma[SEP][CLS]uterine corpus cancer","0"
"Azoospermia[SEP][CLS]thrombophilia","0"
"Potter Syndrome[SEP][CLS]germ cell and embryonal cancer","0"
"Dissociative Disorder[SEP][CLS]connective tissue benign neoplasm","0"
"Fallopian Tube Mucinous Neoplasm[SEP][CLS]adenoma","0"
"Proctitis[SEP][CLS]glomerulonephritis","0"
"Cervical Adenoid Basal Carcinoma[SEP][CLS]ureteral disease","0"
"Parathyroid Gland Disorder[SEP][CLS]hemoglobinopathy","0"
"Isosporiasis[SEP][CLS]hemorrhagic disease","0"
"Solitary Plasmacytoma of Bone[SEP][CLS]lipoma","0"
"Malignant Frontal Sinus Neoplasm[SEP][CLS]pleomorphic rhabdomyosarcoma","0"
"Testicular Seminoma, Cribriform Variant[SEP][CLS]reproductive organ cancer","0"
"Hereditary Meningioma[SEP][CLS]conjunctival disease","0"
"Papillary Craniopharyngioma[SEP][CLS]disease of mental health","0"
"Alagille Syndrome[SEP][CLS]rectum sarcoma","0"
"Mixed Phenotype Acute Leukemia with BCR-ABL1 Fusion[SEP][CLS]biliary tract benign neoplasm","0"
"Pancreatic Delta Cell Neuroendocrine Tumor[SEP][CLS]colonic benign neoplasm","0"
"Acrofacial Dysostosis[SEP][CLS]breast duct papilloma","0"
"Vaginal Leukoplakia[SEP][CLS]vaginal disease","1"
"MELAS Syndrome[SEP][CLS]thyroid gland papillary carcinoma","0"
"Maple Syrup Urine Disease[SEP][CLS]breast benign neoplasm","0"
"Aromatic L-Amino-Acid Decarboxylase Deficiency[SEP][CLS]heart septal defect","0"
"Constrictive Pericarditis[SEP][CLS]vasculitis","0"
"Round Cell Liposarcoma[SEP][CLS]liposarcoma","1"
"Gastric Ulcer[SEP][CLS]diverticulitis","0"
"Pyuria[SEP][CLS]low grade glioma","0"
"Dartoic Leiomyoma[SEP][CLS]meningioma","0"
"Polyradiculopathy[SEP][CLS]central nervous system embryonal tumor","0"
"Ovarian Sex Cord-Stromal Tumor[SEP][CLS]heart sarcoma","0"
"Eye Disorder[SEP][CLS]anal squamous cell carcinoma","0"
"Syndrome of Inappropriate Antidiuretic Hormone Secretion[SEP][CLS]kidney sarcoma","0"
"Hair Follicle Neoplasm[SEP][CLS]myeloid and lymphoid neoplasms with eosinophilia and abnormalities of PDGFRA, PDGFRB, and FGFR1","0"
"Pancreatic Neuroendocrine Carcinoma[SEP][CLS]peripheral nerve schwannoma","0"
"Hemangiopericytic Neoplasm[SEP][CLS]lipid metabolism disorder","0"
"Dermal Neoplasm[SEP][CLS]prolymphocytic leukemia","0"
"Gray-Zone Lymphoma[SEP][CLS]retinal cancer","0"
"Subglottic Carcinoma[SEP][CLS]subglottis cancer","1"
"Ascariasis[SEP][CLS]B-cell acute lymphoblastic leukemia","0"
"Parapsoriasis[SEP][CLS]posterior fossa ependymoma","0"
"Borderline Personality Disorder[SEP][CLS]skin squamous cell carcinoma","0"
"Leiomyosarcoma[SEP][CLS]smooth muscle cancer","1"
"Malignant Chest Wall Bone Neoplasm[SEP][CLS]childhood ovarian germ cell tumor","0"
"Parathyroid Gland Disorder[SEP][CLS]nosophobia","0"
"Granulomatous Gastritis[SEP][CLS]personality disorder","0"
"Necatoriasis[SEP][CLS]male reproductive system disease","0"
"Essential Thrombocythemia[SEP][CLS]myeloproliferative neoplasm","1"
"Benign Secondary Hypertension[SEP][CLS]periodontitis","0"
"Periosteal Osteosarcoma[SEP][CLS]calcinosis","0"
"Malignant Uvula Neoplasm[SEP][CLS]glomerulonephritis","0"
"Bird Fancier's Lung[SEP][CLS]syndrome","0"
"Protozoal Infection[SEP][CLS]carbohydrate metabolic disorder","0"
"Breast Apocrine Carcinoma In Situ[SEP][CLS]retinoblastoma","0"
"Childhood Mesenchymal Chondrosarcoma[SEP][CLS]mesenchymal chondrosarcoma","1"
"Psychogenic Vaginismus[SEP][CLS]acute myeloid leukemia","0"
"Anti-Basement Membrane Glomerulonephritis[SEP][CLS]autosomal recessive cerebellar ataxia","0"
"Eosinophilic Granulomatosis with Polyangiitis[SEP][CLS]acrofacial dysostosis","0"
"Gastric Tubular Adenocarcinoma[SEP][CLS]thyroid gland papillary carcinoma","0"
"Tropical Sprue[SEP][CLS]islet cell tumor","0"
"IgA Nephropathy[SEP][CLS]hematologic cancer","0"
"Ureteric Orifice[SEP][CLS]breast fibrocystic disease","0"
"Ovarian Endometrioid Adenocarcinoma[SEP][CLS]mucopolysaccharidosis","0"
"Werdnig-Hoffmann Disease[SEP][CLS]psychotic disorder","0"
"N1 Diffuse Large B-Cell Lymphoma[SEP][CLS]clivus chordoma","0"
"Adrenal Rest Tumor[SEP][CLS]myeloid and lymphoid neoplasms with eosinophilia and abnormalities of PDGFRA, PDGFRB, and FGFR1","0"
"Esophageal Leukoplakia[SEP][CLS]testicular yolk sac tumor","0"
"Breast Granular Cell Tumor[SEP][CLS]histiocytosis","0"
"Inclusion Body Myositis[SEP][CLS]ocular motility disease","0"
"Hereditary Fallopian Tube Carcinoma[SEP][CLS]heart disease","0"
"Dependence[SEP][CLS]substance-related disorder","1"
"Breast Angiosarcoma[SEP][CLS]endocardium disease","0"
"Glycogen-Rich Carcinoma[SEP][CLS]cranial nerve malignant neoplasm","0"
"Broad Ligament Clear Cell Adenocarcinoma[SEP][CLS]congenital hypoplastic anemia","0"
"Corpus Callosum Lipoma[SEP][CLS]familial hyperlipidemia","0"
"Rete Ovarii Cystadenoma[SEP][CLS]retroperitoneal cancer","0"
"Bone Paget Disease[SEP][CLS]disease of mental health","0"
"Testicular Seminoma, Pseudoglandular Variant[SEP][CLS]salpingitis","0"
"Hairy Cell Leukemia[SEP][CLS]heart conduction disease","0"
"Extramammary Paget Disease[SEP][CLS]vulva squamous cell carcinoma","0"
"Mediastinal Lipomatosis[SEP][CLS]ventricular septal defect","0"
"Narcissistic Personality Disorder[SEP][CLS]benign giant cell tumor","0"
"Hyperostosis[SEP][CLS]primary bacterial infectious disease","0"
"Gliofibroma[SEP][CLS]acquired metabolic disease","0"
"Pancreatic Vipoma[SEP][CLS]pulmonary hypertension","0"
"Acute Megakaryoblastic Leukemia[SEP][CLS]hypertrophic cardiomyopathy","0"
"Childhood Acute Megakaryoblastic Leukemia[SEP][CLS]sensory system disease","0"
"Bartholin Gland Cyst[SEP][CLS]sarcoidosis","0"
"Lung Large Cell Carcinoma[SEP][CLS]central nervous system embryonal tumor","0"
"Papilledema[SEP][CLS]central nervous system embryonal tumor","0"
"Trichomonas Infection[SEP][CLS]contact dermatitis","0"
"Kimura Disease[SEP][CLS]optic nerve neoplasm","0"
"Hypoglycemia[SEP][CLS]glucose metabolism disease","1"
"Keratoacanthoma[SEP][CLS]lacrimal gland adenocarcinoma","0"
"Myotonic Disorder[SEP][CLS]acquired polycythemia","0"
"Tabes Dorsalis[SEP][CLS]basal cell carcinoma","0"
"Diabetic Autonomic Neuropathy[SEP][CLS]bronchial disease","0"
"Placental Choriocarcinoma[SEP][CLS]nephroblastoma","0"
"Ovarian Wilms Tumor[SEP][CLS]ovarian germ cell monodermal and highly specialized teratoma","0"
"Pancreatic Ductal Adenocarcinoma[SEP][CLS]clivus meningioma","0"
"Orbit Rhabdomyosarcoma[SEP][CLS]breast cancer","0"
"Cranial Nerve IX Palsy[SEP][CLS]breast benign neoplasm","0"
"Salivary Cyst[SEP][CLS]cognitive disorder","0"
"Hemochromatosis[SEP][CLS]central nervous system germ cell tumor","0"
"Meningeal Melanoma[SEP][CLS]leiomyosarcoma","0"
"Chronic Lymphocytic Leukemia/Small Lymphocytic Lymphoma with Immunoglobulin Heavy Chain Variable-Region Gene Somatic Hypermutation[SEP][CLS]lysosomal storage disease","0"
"Porokeratosis[SEP][CLS]keratosis","1"
"Allergic Cutaneous Angiitis[SEP][CLS]intestinal disease","0"
"Lung Basaloid Large Cell Carcinoma[SEP][CLS]muscle cancer","0"
"Limb-Girdle Muscular Dystrophy[SEP][CLS]apocrine sweat gland neoplasm","0"
"Pilomatricoma[SEP][CLS]transitional cell carcinoma","0"
"Primary Hyperoxaluria Type III[SEP][CLS]primary hyperoxaluria","1"
"Pulp Degeneration[SEP][CLS]lung carcinoma","0"
"Adenocarcinofibroma[SEP][CLS]adenocarcinoma","0"
"Sanfilippo Syndrome[SEP][CLS]lacrimal apparatus disease","0"
"Childhood Extraskeletal Osteosarcoma[SEP][CLS]syndrome","0"
"Paratesticular Brenner Tumor[SEP][CLS]pigmentation disease","0"
"Movement Disorder[SEP][CLS]cognitive disorder","0"
"Apocrine Adenoma[SEP][CLS]skin glomangioma","0"
"Adult Central Nervous System Germ Cell Tumor[SEP][CLS]B cell deficiency","0"
"Degenerative Disorder[SEP][CLS]disorder of sexual development","0"
"HELLP Syndrome[SEP][CLS]lacrimal apparatus disease","0"
"Lipoid Proteinosis of Urbach and Wiethe[SEP][CLS]ovary epithelial cancer","0"
"Peripheral Ganglioneuroblastoma[SEP][CLS]complement deficiency","0"
"Epiphora[SEP][CLS]inherited metabolic disorder","0"
"Hallucinogen Dependence[SEP][CLS]marginal zone lymphoma","0"
"Angular Cheilitis[SEP][CLS]colonic disease","0"
"Scleroderma[SEP][CLS]malignant fibrous histiocytoma","0"
"Tracheal Stenosis[SEP][CLS]endometrial adenocarcinoma","0"
"Leukostasis[SEP][CLS]ovarian serous adenofibroma","0"
"Medulloblastoma, SHH-Activated, TP53-Wildtype[SEP][CLS]dermatophytosis","0"
"Sarcomatoid Mesothelioma[SEP][CLS]peripheral nervous system disease","0"
"Fetishism[SEP][CLS]leiomyosarcoma","0"
"Pancytopenia[SEP][CLS]conventional osteosarcoma","0"
"Intraventricular Meningioma[SEP][CLS]ganglioneuroblastoma","0"
"Breast Solid Papillary Carcinoma[SEP][CLS]respiratory system disease","0"
"Pinguecula[SEP][CLS]adenoma","0"
"Liver Solitary Fibrous Tumor[SEP][CLS]spinal canal and spinal cord meningioma","0"
"Central Nervous System Tumor with BCOR Internal Tandem Duplication[SEP][CLS]ureteral disease","0"
"Optic Neuritis[SEP][CLS]malignant dermis tumor","0"
"Cranial Nerve Disorder[SEP][CLS]tinea capitis","0"
"Eye Disorder[SEP][CLS]brain disease","0"
"Ovarian Endometrioid Adenocarcinoma[SEP][CLS]esophagus squamous cell carcinoma","0"
"Uterine Ligament Serous Adenocarcinoma[SEP][CLS]conjunctival disease","0"
"Jejunal Somatostatin-Producing Neuroendocrine Tumor[SEP][CLS]melanoma","0"
"Neuroaxonal Dystrophy[SEP][CLS]medulloblastoma","0"
"Testicular Choriocarcinoma[SEP][CLS]embryonal tumor with multilayered rosettes, C19MC-altered","0"
"Collecting Duct Carcinoma[SEP][CLS]breast adenocarcinoma","0"
"Malignant Exocrine Pancreas Neoplasm[SEP][CLS]syndrome","0"
"Diabetes Mellitus[SEP][CLS]breast cyst","0"
"Regional Ureter Carcinoma[SEP][CLS]breast fibroadenoma","0"
"HELLP Syndrome[SEP][CLS]hemangiopericytic tumor","0"
"Skin Follicular Basal Cell Carcinoma[SEP][CLS]brain disease","0"
"Cyclic Neutropenia[SEP][CLS]acquired polycythemia","0"
"Stiff Person Syndrome[SEP][CLS]movement disease","1"
"Cervical Intraspinal Meningioma[SEP][CLS]atrial heart septal defect","0"
"Cystic Teratoma[SEP][CLS]uterine disease","0"
"Cherry Hemangioma[SEP][CLS]chordoma","0"
"Aleukemic Leukemia Cutis[SEP][CLS]aleukemic leukemia","1"
"Conventional Leiomyosarcoma[SEP][CLS]leiomyosarcoma","1"
"Neuropathy[SEP][CLS]breast carcinoma","0"
"Malignant Cutaneous Granular Cell Tumor[SEP][CLS]cerebral hemisphere lipoma","0"
"Chicken Pox[SEP][CLS]cerebrum cancer","0"
"Restless Leg Syndrome[SEP][CLS]iridocyclitis","0"
"Supratentorial Embryonal Tumor, Not Otherwise Specified[SEP][CLS]myeloid and lymphoid neoplasms with eosinophilia and abnormalities of PDGFRA, PDGFRB, and FGFR1","0"
"Linitis Plastica[SEP][CLS]childhood ovarian germ cell tumor","0"
"Submandibular Lymphadenitis[SEP][CLS]autonomic nervous system disease","0"
"Guillain-Barre Syndrome[SEP][CLS]capillary disease","0"
"Optic Atrophy[SEP][CLS]keratosis","0"
"Parapsoriasis[SEP][CLS]breast cancer","0"
"Sexual Dysfunction[SEP][CLS]male reproductive system disease","1"
"Protein S Deficiency Disease[SEP][CLS]chronic progressive external ophthalmoplegia","0"
"Lung Mucous Gland Adenoma[SEP][CLS]bone deterioration disease","0"
"Glossopharyngeal Nerve Neoplasm[SEP][CLS]cranial nerve malignant neoplasm","1"
"Ebstein Anomaly[SEP][CLS]central nervous system teratoma","0"
"Hepatocellular Carcinoma[SEP][CLS]ovarian benign neoplasm","0"
"Myiasis[SEP][CLS]parasitic ectoparasitic infectious disease","1"
"Breast Liposarcoma[SEP][CLS]bladder urothelial carcinoma","0"
"Fibrillary Astrocytoma[SEP][CLS]malignant astrocytoma","1"
"Sturge-Weber Syndrome[SEP][CLS]pulmonary hypertension","0"
"Aleukemic Leukemia[SEP][CLS]cerebellum cancer","0"
"Congo-Crimean Hemorrhagic Fever[SEP][CLS]respiratory failure","0"
"Cerebral Malaria[SEP][CLS]bone giant cell tumor","0"
"Splenic Manifestation of Prolymphocytic Leukemia[SEP][CLS]urinary bladder cancer","0"
"Lumbar Plexus Neoplasm[SEP][CLS]epilepsy","0"
"Eosinophilic Esophagitis[SEP][CLS]diffuse large B-cell lymphoma","0"
"Cerebritis[SEP][CLS]cranial nerve malignant neoplasm","0"
"Skin Sclerosing/Morphoeic Basal Cell Carcinoma[SEP][CLS]nodular ganglioneuroblastoma","0"
"Hypokalemic Periodic Paralysis[SEP][CLS]brain sarcoma","0"
"Relapsing-Remitting Multiple Sclerosis[SEP][CLS]retinoblastoma","0"
"Conventional Fibrosarcoma[SEP][CLS]lacrimal apparatus disease","0"
"Food Allergy[SEP][CLS]cataract","0"
"Hepatobiliary Neoplasm[SEP][CLS]hairy cell leukemia","0"
"Suppurative Lymphadenitis[SEP][CLS]pancreatic cystadenoma","0"
"Language Disorder[SEP][CLS]intrinsic cardiomyopathy","0"
"Entrapment Neuropathy[SEP][CLS]impulse control disorder","0"
"Deep Fibrous Histiocytoma[SEP][CLS]acute myeloid leukemia","0"
"Endometrial Clear Cell Adenocarcinoma[SEP][CLS]anaplastic oligodendroglioma","0"
"Focal Embolic Glomerulonephritis[SEP][CLS]brain disease","0"
"Frontal Sinus Neoplasm[SEP][CLS]laryngeal squamous cell carcinoma","0"
"Breast Disorder[SEP][CLS]ovarian benign neoplasm","0"
"Early Invasive Cervical Adenocarcinoma[SEP][CLS]lymph node benign neoplasm","0"
"Mood Disorder[SEP][CLS]T-cell acute lymphoblastic leukemia","0"
"Choroid Mixed Cell Melanoma[SEP][CLS]gastrointestinal system benign neoplasm","0"
"Hepatitis A Infection[SEP][CLS]amino acid metabolic disorder","0"
"Pancreatic Mucinous-Cystic Neoplasm[SEP][CLS]chronic polyneuropathy","0"
"Erythromelalgia[SEP][CLS]pancreatic ductal adenocarcinoma","0"
"Synchronous Multifocal Osteosarcoma[SEP][CLS]lipoma","0"
"Anaplastic Large Cell Lymphoma[SEP][CLS]bilateral breast cancer","0"
"Malignant Pyriform Fossa Neoplasm[SEP][CLS]leukemia","0"
"Favism[SEP][CLS]sinusitis","0"
"Pancreatic ACTH-Producing Neuroendocrine Tumor[SEP][CLS]bladder clear cell adenocarcinoma","0"
"Esophageal Atresia[SEP][CLS]fasciitis","0"
"Malignant Soft Palate Neoplasm[SEP][CLS]lipomatosis","0"
"Glomangiomyoma[SEP][CLS]lymphomatoid granulomatosis","0"
"Vaginal Glandular Neoplasm[SEP][CLS]carcinoma","0"
"Invasive Bladder Lymphoepithelioma-Like Carcinoma[SEP][CLS]diverticulitis","0"
"Familial Polycythemia[SEP][CLS]brain disease","0"
"Melanomatosis[SEP][CLS]melanoma","1"
"Benign Essential Hypertension[SEP][CLS]skin melanoma","0"
"Glomerulonephritis[SEP][CLS]central nervous system disease","0"
"Alpha Thalassemia[SEP][CLS]disorder of sexual development","0"
"Adenosarcoma[SEP][CLS]ovarian endodermal sinus tumor","0"
"Granulomatous Endometritis[SEP][CLS]beta thalassemia","0"
"Gangliocytoma[SEP][CLS]thymoma","0"
"Adamantinomatous Craniopharyngioma[SEP][CLS]thymus adenocarcinoma","0"
"Hypertensive Heart Disease[SEP][CLS]cervix carcinoma","0"
"Fallopian Tube Carcinosarcoma[SEP][CLS]basal cell carcinoma","0"
"Orbit Alveolar Rhabdomyosarcoma[SEP][CLS]ovarian cancer","0"
"Childhood Malignant Peripheral Nerve Sheath Tumor[SEP][CLS]thymic carcinoma","0"
"Erdheim-Chester Disease[SEP][CLS]maxillary sinus cancer","0"
"Type 2 Renal Papillary Adenoma[SEP][CLS]mucopolysaccharidosis","0"
"Petroclival Meningioma[SEP][CLS]childhood embryonal tumor with multilayered rosettes, C19MC-altered","0"
"Infiltrating Angiolipoma[SEP][CLS]inner ear cancer","0"
"Soft Tissue Chondroma[SEP][CLS]primary bacterial infectious disease","0"
"Gastric Tubular Adenocarcinoma[SEP][CLS]chorioretinitis","0"
"Serous Surface Papilloma[SEP][CLS]disease of anatomical entity","0"
"Late Yaws[SEP][CLS]syndrome","0"
"Tricuspid Valve Stenosis[SEP][CLS]muscular dystrophy","0"
"Polycythemia Neonatorum[SEP][CLS]myositis","0"
"Endometriosis[SEP][CLS]liver benign neoplasm","0"
"Valvular Heart Disorder[SEP][CLS]cranial nerve disease","0"
"Salpingitis[SEP][CLS]corneal degeneration","0"
"Telogen Effluvium[SEP][CLS]alopecia","1"
"Cervical Melanoma[SEP][CLS]carotid artery disease","0"
"Ganglioneuroblastoma, Nodular[SEP][CLS]glottis squamous cell carcinoma","0"
"Mixed Astrocytoma-Ependymoma[SEP][CLS]breast mucinous carcinoma","0"
"Diffuse Cutaneous Systemic Sclerosis[SEP][CLS]systemic scleroderma","1"
"Ovarian Clear Cell Adenofibroma[SEP][CLS]peripheral nervous system neoplasm","0"
"Rett Syndrome[SEP][CLS]syndrome","0"
"Axillary Lymphadenitis[SEP][CLS]skull base meningioma","0"
"Ovarian Cystadenocarcinoma[SEP][CLS]kidney disease","0"
"Glioblastoma, IDH-Wildtype[SEP][CLS]malignant cystadenoma","0"
"Complex Regional Pain Syndrome II[SEP][CLS]essential hypertension","0"
"Sensorineural Hearing Loss[SEP][CLS]acanthoma","0"
"Testicular Yolk Sac Tumor, Microcystic Pattern[SEP][CLS]familial hyperlipidemia","0"
"Chronic Hepatitis[SEP][CLS]myositis","0"
"Transient Hypogammaglobulinemia of Infancy[SEP][CLS]skin disease","0"
"Landau-Kleffner Syndrome[SEP][CLS]central nervous system embryonal tumor","0"
"Clear Cell Chondrosarcoma[SEP][CLS]proliferative type fibrocystic change of breast","0"
"Apraxia[SEP][CLS]cerebral arterial disease","0"
"Ovarian Mucinous Cystadenofibroma[SEP][CLS]anus adenocarcinoma","0"
"Cervicitis[SEP][CLS]carcinoma","0"
"Small Intestinal Neuroendocrine Neoplasm[SEP][CLS]autoimmune disease of the nervous system","0"
"Calciphylaxis[SEP][CLS]movement disease","0"
"Hereditary Hyperbilirubinemia[SEP][CLS]synostosis","0"
"Eosinophilic Granulomatosis with Polyangiitis[SEP][CLS]pituitary gland disease","0"
"Follicular Dendritic Cell Sarcoma[SEP][CLS]thyrotoxicosis","0"
"Tetanic Cataract[SEP][CLS]penile disease","0"
"Sick Euthyroid Syndrome[SEP][CLS]choriocarcinoma","0"
"Intracranial Hemangioma[SEP][CLS]hemangioma","1"
"Ischemia[SEP][CLS]viral infectious disease","0"
"Pancreatic Acinar Cell Carcinoma[SEP][CLS]mesenchymoma","0"
"Childhood Brain Stem Neoplasm[SEP][CLS]sphenoidal sinus benign neoplasm","0"
"Enamel Hypoplasia[SEP][CLS]intracranial structure hemangioma","0"
"Histiocytic Sarcoma[SEP][CLS]intestinal disease","0"
"Stomatitis[SEP][CLS]lacrimal apparatus disease","0"
"Lip Disorder[SEP][CLS]mouth disease","1"
"Acute Intestinal Ischemia[SEP][CLS]gingival disease","0"
"Giant Cell Glioblastoma[SEP][CLS]amino acid metabolic disorder","0"
"Carcinoma ex Pleomorphic Adenoma[SEP][CLS]cervical benign neoplasm","0"
"Coccidiosis[SEP][CLS]pyloric stenosis","0"
"Suppurative Cholangitis[SEP][CLS]myositis","0"
"Gastric Liposarcoma[SEP][CLS]connective tissue benign neoplasm","0"
"Myoclonic Epilepsy Associated with Ragged-Red Fibers[SEP][CLS]brain ischemia","0"
"Fredrickson Type IV Lipidemia[SEP][CLS]pleomorphic rhabdomyosarcoma","0"
"Peritoneal Solitary Fibrous Tumor[SEP][CLS]gastrointestinal system disease","0"
"De Sanctis-Cacchione Syndrome[SEP][CLS]pancreatic cystadenoma","0"
"Benign Neonatal Epilepsy[SEP][CLS]dysgerminoma","0"
"Mesothelioma[SEP][CLS]personality disorder","0"
"Anterior Foramen Magnum Meningioma[SEP][CLS]pseudosarcomatous fibromatosis","0"
"Embryonal Neoplasm[SEP][CLS]synovium cancer","0"
"Early Invasive Cervical Adenocarcinoma[SEP][CLS]retinal degeneration","0"
"Anaplastic Astrocytoma[SEP][CLS]benign mesothelioma","0"
"Lung Neuroendocrine Neoplasm[SEP][CLS]male reproductive system disease","0"
"Inverted Follicular Keratosis[SEP][CLS]inflammatory bowel disease","0"
"Esophageal Leiomyosarcoma[SEP][CLS]lice infestation","0"
"Erdheim-Chester Disease[SEP][CLS]central nervous system benign neoplasm","0"
"Laryngeal Squamous Papilloma[SEP][CLS]skin squamous cell carcinoma","0"
"Bartholin Gland Transitional Cell Carcinoma[SEP][CLS]retinal artery occlusion","0"
"Teratoma[SEP][CLS]demyelinating disease","0"
"Panniculitis[SEP][CLS]retinal vein occlusion","0"
"Brucellosis[SEP][CLS]stomatitis","0"
"Posterior Uveitis[SEP][CLS]female reproductive system disease","0"
"Male Urethral Malignant Neoplasm[SEP][CLS]liver benign neoplasm","0"
"Prostate Acinar Mucinous Adenocarcinoma[SEP][CLS]bone cancer","0"
"Ocular Hypertension[SEP][CLS]hypothyroidism","0"
"Childhood Hepatocellular Carcinoma[SEP][CLS]adolescence-adult electroclinical syndrome","0"
"Appendix Neoplasm[SEP][CLS]chronic lymphocytic leukemia","0"
"Atrioventricular Block by ECG Finding[SEP][CLS]invasive bladder transitional cell carcinoma","0"
"Lung Abscess[SEP][CLS]lung disease","1"
"Arteriolosclerosis[SEP][CLS]arteriosclerosis","1"
"Erythropoietic Protoporphyria[SEP][CLS]syndrome","0"
"Phobia[SEP][CLS]anxiety disorder","1"
"Alcoholic Gastritis[SEP][CLS]spinal cord ependymoma","0"
"Diffuse Cerebral Sclerosis of Schilder[SEP][CLS]brain angioma","0"
"Anal Glands Adenocarcinoma[SEP][CLS]infancy electroclinical syndrome","0"
"Mycobacterium Avium Infection[SEP][CLS]prostate sarcoma","0"
"Lymphocyte-Rich Classic Hodgkin Lymphoma[SEP][CLS]Hodgkin's lymphoma","1"
"Asynchronous Multifocal Osteosarcoma[SEP][CLS]bone benign neoplasm","0"
"Gynecomastia[SEP][CLS]ovary epithelial cancer","0"
"Pericholangitis[SEP][CLS]mesenchymal cell neoplasm","0"
"Mitral Valve Insufficiency[SEP][CLS]nerve plexus neoplasm","0"
"Gallbladder Signet Ring Cell Carcinoma[SEP][CLS]anxiety disorder","0"
"Cervical Atypical Polypoid Adenomyoma[SEP][CLS]cervical adenomyoma","1"
"Atrioventricular Block by ECG Finding[SEP][CLS]brain cancer","0"
"Transient Ischemic Attack[SEP][CLS]retroperitoneal cancer","0"
"Mature Teratoma[SEP][CLS]Bartholin's gland carcinoma","0"
"Small Intestinal Sarcoma[SEP][CLS]small intestine cancer","1"
"Pulp Degeneration[SEP][CLS]liposarcoma","0"
"Transvestic Fetishism[SEP][CLS]allergic conjunctivitis","0"
"Renal Pelvis Papillary Urothelial Neoplasm[SEP][CLS]dendritic cell sarcoma","0"
"Complex Regional Pain Syndrome II[SEP][CLS]lung disease","0"
"Glomangiomyoma[SEP][CLS]benign perivascular tumor","1"
"Gonadoblastoma[SEP][CLS]cell type benign neoplasm","1"
"Hereditary Spastic Paraplegia[SEP][CLS]glomerulonephritis","0"
"Cystitis[SEP][CLS]malaria","0"
"Endometrial Serous Adenocarcinoma[SEP][CLS]salivary gland cancer","0"
"Spinal Muscular Atrophy Type 3[SEP][CLS]lipoma","0"
"Malignant Ovarian Epithelial Tumor[SEP][CLS]female reproductive organ cancer","0"
"Acromegaly[SEP][CLS]intrinsic cardiomyopathy","0"
"Childhood Acute Myeloid Leukemia[SEP][CLS]childhood leukemia","1"
"Dysthymic Disorder[SEP][CLS]viral infectious disease","0"
"Follicular Helper T-Cell Lymphoma, Angioimmunoblastic-Type[SEP][CLS]pericarditis","0"
"Chronic Frontal Sinusitis[SEP][CLS]complement deficiency","0"
"Adult Acute Monocytic Leukemia[SEP][CLS]breast cancer","0"
"Cheilitis[SEP][CLS]autonomic neuropathy","0"
"Mediastinal Neurogenic Neoplasm[SEP][CLS]pneumoconiosis","0"
"Ovarian Serous Cystadenofibroma[SEP][CLS]choriocarcinoma of ovary","0"
"Acute Myeloid Leukemia, Myelodysplasia-Related[SEP][CLS]intrahepatic cholangiocarcinoma","0"
"Parotitis[SEP][CLS]Coronavirus infectious disease","0"
"Tracheal Adenoid Cystic Carcinoma[SEP][CLS]eosinophilic pneumonia","0"
"Peroxisomal Disorder[SEP][CLS]primary systemic mycosis","0"
"Lymphocytic Colitis[SEP][CLS]esophagus sarcoma","0"
"Vitamin B6 Deficiency[SEP][CLS]uterine corpus cancer","0"
"Supratentorial Embryonal Tumor, Not Otherwise Specified[SEP][CLS]differentiated thyroid gland carcinoma","0"
"Acute Myeloid Leukemia, Myelodysplasia-Related[SEP][CLS]nosophobia","0"
"Brain Extraskeletal Myxoid Chondrosarcoma[SEP][CLS]breast adenocarcinoma","0"
"Albright Hereditary Osteodystrophy without Multiple Hormone Resistance[SEP][CLS]primary bacterial infectious disease","0"
"Ovarian Malignant Mesothelioma[SEP][CLS]prolymphocytic leukemia","0"
"Mixed Astrocytoma-Ependymoma[SEP][CLS]plasma cell neoplasm","0"
"Mastitis[SEP][CLS]Coronavirus infectious disease","0"
"Fallopian Tube Carcinosarcoma[SEP][CLS]lung disease","0"
"Skeletal Muscle Neoplasm[SEP][CLS]substance dependence","0"
"Pseudomembranous Conjunctivitis[SEP][CLS]parasitic protozoa infectious disease","0"
"Dental Fluorosis[SEP][CLS]encephalomyelitis","0"
"Ovarian Gestational Choriocarcinoma[SEP][CLS]uterus leiomyosarcoma","0"
"Urethra Disorder[SEP][CLS]hemoglobinopathy","0"
"Synpolydactyly[SEP][CLS]lymphatic system disease","0"
"Thyroid Gland Medullary Carcinoma[SEP][CLS]cerebellum cancer","0"
"Posterior Fossa Ependymoma, Group B (PFB)[SEP][CLS]posterior fossa ependymoma","1"
"Diffuse Large B-Cell Lymphoma, Not Otherwise Specified[SEP][CLS]parasitic protozoa infectious disease","0"
"Tetralogy of Fallot[SEP][CLS]myopathy","0"
"Skin Basal Cell Carcinoma with Sarcomatoid Differentiation[SEP][CLS]retinal artery occlusion","0"
"Invasive Thymoma[SEP][CLS]prostate carcinoma","0"
"Retinal Melanoma[SEP][CLS]cerebrum cancer","0"
"Nephrogenic Diabetes Insipidus[SEP][CLS]mesenchymal chondrosarcoma","0"
"Perthes Disease[SEP][CLS]congenital heart disease","0"
"Peripheral Nerve Schwannoma[SEP][CLS]islet cell tumor","0"
"Hemolytic Anemia[SEP][CLS]endometrial adenocarcinoma","0"
"Primary Peritoneal Serous Adenocarcinoma[SEP][CLS]Hodgkin's lymphoma","0"
"Epithelioid Angiomyolipoma[SEP][CLS]metal metabolism disorder","0"
"Hemoglobinuria[SEP][CLS]diabetes mellitus","0"
"Secondary Syphilis[SEP][CLS]nose disease","0"
"Pernicious Anemia[SEP][CLS]nutritional deficiency disease","1"
"Combined Lung Large Cell Neuroendocrine Carcinoma[SEP][CLS]periodontal disease","0"
"Fatal Familial Insomnia[SEP][CLS]corneal disease","0"
"Malignant Subglottis Neoplasm[SEP][CLS]prion disease","0"
"Tonsillitis[SEP][CLS]upper respiratory tract disease","1"
"Spinal Muscular Atrophy Type 3[SEP][CLS]kidney sarcoma","0"
"Skin Squamous Papilloma[SEP][CLS]meningioma","0"
"Von Hippel Lindau Syndrome[SEP][CLS]malignant cystadenoma","0"
"EBV Infection[SEP][CLS]sphingolipidosis","0"
"Steroid Lipomatosis[SEP][CLS]lipomatosis","1"
"Ovarian Dysgerminoma[SEP][CLS]pituitary adenoma","0"
"Neurodermatitis[SEP][CLS]bladder disease","0"
"Prostate Disorder[SEP][CLS]cell type cancer","0"
"Cervical Endometriosis[SEP][CLS]cervix disease","1"
"Cranial Nerve IX Palsy[SEP][CLS]central nervous system germ cell tumor","0"
"Endophthalmitis[SEP][CLS]female reproductive organ cancer","0"
"Chronic Eosinophilic Leukemia, Not Otherwise Specified[SEP][CLS]chronic leukemia","1"
"Bladder Small Cell Neuroendocrine Carcinoma[SEP][CLS]eye disease","0"
"Quartan Malaria[SEP][CLS]malaria","1"
"Immature Ovarian Teratoma[SEP][CLS]lipid metabolism disorder","0"
"Splenic Manifestation of Leukemia[SEP][CLS]mucopolysaccharidosis","0"
"Scirrhous Adenocarcinoma[SEP][CLS]papilloma","0"
"Tylosis[SEP][CLS]arthritis","0"
"Vitreous Detachment[SEP][CLS]female urethral cancer","0"
"Hyperphosphatemia[SEP][CLS]hemangioma","0"
"Esophageal Adenoid Cystic Carcinoma[SEP][CLS]benign neurilemmoma","0"
"Hypopyon[SEP][CLS]scleroderma","0"
"Cerebellar Liponeurocytoma[SEP][CLS]blood group incompatibility","0"
"Cannabis Dependence[SEP][CLS]central nervous system benign neoplasm","0"
"Cytochrome-C Oxidase Deficiency[SEP][CLS]liver disease","0"
"Alcoholic Polyneuropathy[SEP][CLS]mineral metabolism disease","0"
"Pituitary Gland Infarction[SEP][CLS]pleural disease","0"
"Ureterolithiasis[SEP][CLS]hypertension","0"
"Pediculosis[SEP][CLS]parasitic ectoparasitic infectious disease","1"
"B-Cell Prolymphocytic Leukemia[SEP][CLS]primary hyperoxaluria","0"
"Migraine Without Aura[SEP][CLS]placenta cancer","0"
"Variegate Porphyria[SEP][CLS]acute porphyria","1"
"Hepatosplenic T-Cell Lymphoma[SEP][CLS]central nervous system adult germ cell tumor","0"
"Fallopian Tube Serous Adenocarcinoma[SEP][CLS]endocardium disease","0"
"Antiphospholipid Syndrome[SEP][CLS]autoimmune disease of cardiovascular system","1"
"Malignant Gingival Neoplasm[SEP][CLS]orbital disease","0"
"Venous Hemangioma[SEP][CLS]von Willebrand's disease","0"
"Ovarian Primitive Germ Cell Tumor[SEP][CLS]myopathy","0"
"Childhood Intraocular Retinoblastoma[SEP][CLS]extrinsic allergic alveolitis","0"
"Cerebellopontine Angle Neoplasm[SEP][CLS]brain stem cancer","1"
"Adamantinoma[SEP][CLS]mouth disease","0"
"Infertility[SEP][CLS]intestinal disease","0"
"Childhood Testicular Mixed Embryonal Carcinoma and Teratoma[SEP][CLS]childhood testicular mixed germ cell tumor","1"
"Selective IgD Immunodeficiency[SEP][CLS]kidney disease","0"
"Endemic Goiter[SEP][CLS]primary bacterial infectious disease","0"
"Vaginal Villous Adenoma[SEP][CLS]lung disease","0"
"Hypoplastic Right Heart Syndrome[SEP][CLS]hypopharynx cancer","0"
"Adult Spinal Cord Glioblastoma[SEP][CLS]parasitic helminthiasis infectious disease","0"
"Nephritis[SEP][CLS]cervical adenomyoma","0"
"Appendix L-Cell Glucagon-Like Peptide-Producing Neuroendocrine Tumor[SEP][CLS]adenoma","0"
"Childhood Multilocular Cystic Renal Neoplasm[SEP][CLS]lipid metabolism disorder","0"
"Breast Myoepitheliosis[SEP][CLS]B-cell lymphoma","0"
"Balloon Cell Melanoma[SEP][CLS]endocrine system disease","0"
"Pulpitis[SEP][CLS]lysosomal storage disease","0"
"Cervical Disc Degenerative Disorder[SEP][CLS]retinal vascular disease","0"
"Lung Non-Squamous Non-Small Cell Carcinoma[SEP][CLS]lacrimal apparatus disease","0"
"Pleomorphic Rhabdomyosarcoma[SEP][CLS]pigmentation disease","0"
"Transient Hypogammaglobulinemia[SEP][CLS]cranial nerve malignant neoplasm","0"
"Prostatic Urethra Urothelial Carcinoma[SEP][CLS]testis seminoma","0"
"Anhidrotic Ectodermal Dysplasia 1[SEP][CLS]ectodermal dysplasia","1"
"Flying Phobia[SEP][CLS]familial periodic paralysis","0"
"B-Cell Non-Hodgkin Lymphoma[SEP][CLS]viral infectious disease","0"
"Adult Extraskeletal Osteosarcoma[SEP][CLS]atherosclerosis","0"
"Invasive Bladder Urothelial Carcinoma[SEP][CLS]frontal sinus benign neoplasm","0"
"Eosinophilic Variant of Chromophobe Renal Cell Carcinoma[SEP][CLS]uterine cancer","0"
"Abdominal Aortic Aneurysm[SEP][CLS]peripheral nervous system disease","0"
"Thymic Large Cell Neuroendocrine Carcinoma[SEP][CLS]upper respiratory tract disease","0"
"Junctional Epidermolysis Bullosa[SEP][CLS]hypertension","0"
"Ascariasis[SEP][CLS]pericarditis","0"
"Achard Syndrome[SEP][CLS]agammaglobulinemia","0"
"Refsum Disease[SEP][CLS]systemic mastocytosis","0"
"Cranial Nerve VII Palsy[SEP][CLS]embryonal tumor with multilayered rosettes","0"
"Central Nervous System Extraskeletal Osteosarcoma[SEP][CLS]retinal artery occlusion","0"
"Chronic Frontal Sinusitis[SEP][CLS]brain disease","0"
"Regional Ureter Carcinoma[SEP][CLS]renal cell carcinoma","0"
"Diffuse Leptomeningeal Glioneuronal Tumor[SEP][CLS]tricuspid valve disease","0"
"Abducens Nerve Disorder[SEP][CLS]esophageal carcinoma","0"
"Childhood Hepatocellular Carcinoma[SEP][CLS]autoimmune disease of skin and connective tissue","0"
"Soft Tissue Chondroma[SEP][CLS]brain infarction","0"
"Ovarian Germ Cell Tumor[SEP][CLS]kidney benign neoplasm","0"
"Goiter[SEP][CLS]primary bacterial infectious disease","0"
"T-Cell Prolymphocytic Leukemia[SEP][CLS]endometrial adenocarcinoma","0"
"Intracranial Hypertension[SEP][CLS]chronic lymphocytic leukemia","0"
"Restrictive Cardiomyopathy[SEP][CLS]malignant pineal area germ cell neoplasm","0"
"Juvenile Myoclonic Epilepsy[SEP][CLS]autoimmune disease of the nervous system","0"
"Hypercortisolemia[SEP][CLS]laryngitis","0"
"Ovarian Endometrioid Adenocarcinoma[SEP][CLS]cerebral ventricle cancer","0"
"Skin Mucoepidermoid Carcinoma[SEP][CLS]multiple sclerosis","0"
"Thyroid Gland Oncocytic Adenoma[SEP][CLS]clivus meningioma","0"
"Maxillary Sinusitis[SEP][CLS]carbohydrate metabolic disorder","0"
"Omphalocele[SEP][CLS]histone mutated tumor","0"
"Hereditary Retinal Dystrophy[SEP][CLS]mesenchymal chondrosarcoma","0"
"Meningeal Melanocytosis[SEP][CLS]retinal disease","0"
"Fallopian Tube Serous Adenocarcinoma[SEP][CLS]personality disorder","0"
"Ptosis[SEP][CLS]congenital heart disease","0"
"Rhinitis[SEP][CLS]hyperpituitarism","0"
"Choroid Mixed Cell Melanoma[SEP][CLS]aortic aneurysm","0"
"Neurofibromatosis Type 1[SEP][CLS]neurofibromatosis","1"
"Social Anxiety Disorder[SEP][CLS]hidradenoma","0"
"Undifferentiated High Grade Pleomorphic Sarcoma of Bone[SEP][CLS]dissociative disorder","0"
"Orbit Cavernous Hemangioma[SEP][CLS]male reproductive system disease","0"
"Systemic Scleroderma[SEP][CLS]syndrome","0"
"L-Cell Glucagon-Like Peptide-Producing Neuroendocrine Tumor[SEP][CLS]liposarcoma","0"
"Mediastinal Melanotic Schwannoma[SEP][CLS]chronic polyneuropathy","0"
"Allergic Cutaneous Angiitis[SEP][CLS]chromosomal duplication syndrome","0"
"Capillary Leak Syndrome[SEP][CLS]autism spectrum disorder","0"
"Breast Fibrosarcoma[SEP][CLS]non-Hodgkin lymphoma","0"
"Classic Congenital Mesoblastic Nephroma[SEP][CLS]congenital mesoblastic nephroma","1"
"Pancreatic Non-Invasive Mucinous Cystadenocarcinoma[SEP][CLS]parathyroid adenoma","0"
"Benign Exocrine Pancreas Neoplasm[SEP][CLS]pulmonary artery disease","0"
"Glomerulonephritis[SEP][CLS]hepatoblastoma","0"
"Cryptophthalmia[SEP][CLS]oophoritis","0"
"Paranoid Type Schizophrenia[SEP][CLS]strabismus","0"
"Parosteal Osteosarcoma[SEP][CLS]prion disease","0"
"Ovarian Serous Cystadenofibroma[SEP][CLS]syndrome","0"
"Farber Lipogranulomatosis[SEP][CLS]lipid storage disease","1"
"Prostatic Urethra Urothelial Carcinoma[SEP][CLS]prostatic urethral cancer","1"
"Coronary Artery Aneurysm[SEP][CLS]kidney disease","0"
"Childhood Extraskeletal Osteosarcoma[SEP][CLS]pituitary gland disease","0"
"Toxoplasmosis[SEP][CLS]testis sarcoma","0"
"Tall Cell Variant Thyroid Gland Papillary Carcinoma[SEP][CLS]thyroid gland papillary carcinoma","1"
"Breast Secretory Carcinoma[SEP][CLS]severe combined immunodeficiency","0"
"Malignant Spermatic Cord Neoplasm[SEP][CLS]sexual health disorder","0"
"Chronic Granulomatous Disease[SEP][CLS]multiple sclerosis","0"
"Childhood Adrenal Gland Pheochromocytoma[SEP][CLS]breast adenocarcinoma","0"
"Glucose Intolerance[SEP][CLS]Waardenburg syndrome","0"
"Spiradenocarcinoma[SEP][CLS]heart aneurysm","0"
"Hemoglobin E Disease[SEP][CLS]syndrome","0"
"Dacryocystitis[SEP][CLS]salivary gland cancer","0"
"Generalized Anxiety Disorder[SEP][CLS]atrial heart septal defect","0"
"Dome of the Bladder[SEP][CLS]ampulla of Vater carcinoma","0"
"Invasive Bladder Urothelial Carcinoma[SEP][CLS]vaginal benign neoplasm","0"
"Mixed Phenotype Acute Leukemia, B/Myeloid[SEP][CLS]laryngitis","0"
"Testicular Seminoma, Tubular Variant[SEP][CLS]impulse control disorder","0"
"Mediastinal Angiosarcoma[SEP][CLS]parathyroid adenoma","0"
"Restless Leg Syndrome[SEP][CLS]central nervous system disease","1"
"Pineal Parenchymal Tumor of Intermediate Differentiation[SEP][CLS]uterine benign neoplasm","0"
"Breast Intraductal Proliferative Lesion[SEP][CLS]endometrial adenocarcinoma","0"
"Gastric Leiomyoma[SEP][CLS]cervical squamous cell carcinoma","0"
"Spiradenocarcinoma[SEP][CLS]mitral valve disease","0"
"Non-Proliferative Diabetic Retinopathy[SEP][CLS]secondary Parkinson disease","0"
"Luminal A Breast Carcinoma[SEP][CLS]suppurative otitis media","0"
"Renal Pelvis Papillary Urothelial Carcinoma[SEP][CLS]liver cancer","0"
"Stutter[SEP][CLS]specific developmental disorder","0"
"Amebiasis[SEP][CLS]liposarcoma","0"
"Subareolar Duct Papillomatosis[SEP][CLS]thymus gland disease","0"
"Thymic Sarcomatoid Carcinoma[SEP][CLS]embryonal tumor with multilayered rosettes","0"
"Neuroma[SEP][CLS]acute megakaryocytic leukemia","0"
"Infectious Mononucleosis[SEP][CLS]lipomatosis","0"
"Cervical Endometrioid Adenocarcinoma[SEP][CLS]ectodermal dysplasia","0"
"Endometrioid Tumor[SEP][CLS]primary cutaneous T-cell non-Hodgkin lymphoma","0"
"Striatonigral Degeneration[SEP][CLS]reading disorder","0"
"Protein Energy Malnutrition[SEP][CLS]nutritional deficiency disease","1"
"Childhood Intracranial Meningioma[SEP][CLS]cervical benign neoplasm","0"
"Chondroid Syringoma[SEP][CLS]parasitic helminthiasis infectious disease","0"
"Malignant Triton Tumor[SEP][CLS]vasculitis","0"
"Breast Metaplastic Carcinoma[SEP][CLS]malignant gastric germ cell tumor","0"
"Testicular Rhabdomyosarcoma[SEP][CLS]neuroma","0"
"Benign Ovarian Sex Cord-Stromal Tumor[SEP][CLS]kidney benign neoplasm","0"
"Acute Myeloid Leukemia with NPM1 Mutation[SEP][CLS]optic nerve neoplasm","0"
"Mixed Liposarcoma[SEP][CLS]brain germinoma","0"
"Renal Pelvis Papillary Urothelial Neoplasm[SEP][CLS]retinal degeneration","0"
"Cutaneous Ganglioneuroma[SEP][CLS]B-lymphoblastic leukemia/lymphoma","0"
"Lung Mucous Gland Adenoma[SEP][CLS]low grade glioma","0"
"Periosteal Chondroma[SEP][CLS]laryngeal squamous cell carcinoma","0"
"Malignant Essential Hypertension[SEP][CLS]ovarian small cell carcinoma","0"
"Double Outlet Right Ventricle[SEP][CLS]ventricular septal defect","1"
"Proteus Syndrome[SEP][CLS]mitral valve disease","0"
"Prostatic Urethra Urothelial Carcinoma[SEP][CLS]neurofibroma","0"
"Brown-Sequard Syndrome[SEP][CLS]uterine fibroid","0"
"Morquio Syndrome[SEP][CLS]intestinal disease","0"
"Short Bowel Syndrome[SEP][CLS]disease of anatomical entity","0"
"Osteitis Fibrosa Cystica[SEP][CLS]cranial nerve malignant neoplasm","0"
"Asbestosis[SEP][CLS]gastritis","0"
"Anal Paget Disease[SEP][CLS]disease of anatomical entity","0"
"Peptic Ulcer[SEP][CLS]islet cell tumor","0"
"Rectosigmoid Carcinoma[SEP][CLS]rectosigmoid junction cancer","1"
"Retinal Disorder[SEP][CLS]cystitis","0"
"Adult Spinal Cord Glioblastoma[SEP][CLS]third cranial nerve disease","0"
"Epidermolysis Bullosa[SEP][CLS]chromosomal duplication syndrome","0"
"Moyamoya Disease[SEP][CLS]viral infectious disease","0"
"Thoracic Aortic Aneurysm[SEP][CLS]disease of anatomical entity","0"
"Bone Marrow Disorder[SEP][CLS]familial hyperlipidemia","0"
"Myelodysplastic/Myeloproliferative Neoplasm[SEP][CLS]central nervous system embryonal tumor","0"
"Hyperimmunoglobulin Syndrome[SEP][CLS]Coronavirus infectious disease","0"
"Glomus Tumor[SEP][CLS]skin disease","0"
"Ovarian Cystic Teratoma[SEP][CLS]mature teratoma of the ovary","1"
"Gestational Choriocarcinoma[SEP][CLS]marginal zone lymphoma","0"
"Testicular Mixed Germ Cell Tumor[SEP][CLS]intraductal breast benign neoplasm","0"
"Undifferentiated Pleomorphic Sarcoma, Inflammatory Variant[SEP][CLS]diffuse large B-cell lymphoma","0"
"Carpal Tunnel Syndrome[SEP][CLS]ciliopathy","0"
"Undescended Testes[SEP][CLS]neuroendocrine tumor","0"
"Sclerosteosis[SEP][CLS]cutaneous mastocytosis","0"
"Pineal Parenchymal Tumor of Intermediate Differentiation[SEP][CLS]dissociative disorder","0"
"Astrocytoma, IDH-Mutant, Grade 3[SEP][CLS]bladder clear cell adenocarcinoma","0"
"Embryonal Rhabdomyosarcoma[SEP][CLS]uveal disease","0"
"Annular Pancreas[SEP][CLS]squamous cell carcinoma","0"
"Lassa Fever[SEP][CLS]parachordoma","0"
"Supraglottic Verrucous Carcinoma[SEP][CLS]strabismus","0"
"Peripheral Primitive Neuroectodermal Tumor of Bone[SEP][CLS]vascular hemostatic disease","0"
"Intradural Extramedullary Spinal Canal Neoplasm[SEP][CLS]anxiety disorder","0"
"Scrotal Paget Disease[SEP][CLS]scrotal carcinoma","1"
"Placental Choriocarcinoma[SEP][CLS]gestational choriocarcinoma","1"
"Diffuse Cerebral Sclerosis of Schilder[SEP][CLS]panuveitis","0"
"Twin-Twin Transfusion Syndrome[SEP][CLS]neonatal anemia","1"
"Genetic Disorder[SEP][CLS]cervix endometrial stromal tumor","0"
"Myelitis[SEP][CLS]spinal cord disease","1"
"Cervical Intraspinal Meningioma[SEP][CLS]distal arthrogryposis","0"
"Systemic Mastocytosis with an Associated Myeloid Neoplasm[SEP][CLS]pineal region teratoma","0"
"Bladder Mixed Adenocarcinoma[SEP][CLS]acute myeloid leukemia","0"
"Proteinuria[SEP][CLS]kidney disease","1"
"Stromal Predominant Kidney Wilms Tumor[SEP][CLS]thymoma type B","0"
"Yellow Fever Virus Infection[SEP][CLS]drug dependence","0"
"Bone Leiomyosarcoma[SEP][CLS]thrombocytopenia","0"
"Pediculosis[SEP][CLS]breast carcinoma in situ","0"
"Cystic Hygroma[SEP][CLS]multiple myeloma","0"
"Malignant Neoplasm[SEP][CLS]pneumoconiosis","0"
"Cavernous Hemangioma[SEP][CLS]brain ependymoma","0"
"Blastema Predominant Kidney Wilms Tumor[SEP][CLS]mastocytosis","0"
"Arthropathy in Behcet's Syndrome[SEP][CLS]splenic manifestation of leukemia","0"
"Medulloblastoma, Non-WNT/Non-SHH, Group 3[SEP][CLS]auditory system disease","0"
"Kidney Vascular Disorder[SEP][CLS]leiomyosarcoma","0"
"Skin Fibroepithelial Basal Cell Carcinoma[SEP][CLS]lymphoproliferative syndrome","0"
"Ovarian Monodermal and Highly Specialized Teratoma[SEP][CLS]mediastinal cancer","0"
"Riedel Fibrosing Thyroiditis[SEP][CLS]carotid artery disease","0"
"Pituitary Dwarfism[SEP][CLS]meninges sarcoma","0"
"Glucose Intolerance[SEP][CLS]sex cord-gonadal stromal tumor","0"
"Chromophobe Renal Cell Carcinoma[SEP][CLS]orbit sarcoma","0"
"Vulvar Non-Keratinizing Squamous Cell Carcinoma[SEP][CLS]vulva squamous cell carcinoma","1"
"Extrahepatic Bile Duct Intraductal Papillary Neoplasm[SEP][CLS]cell type benign neoplasm","0"
"Human Papillomavirus-Independent Cervical Adenocarcinoma, Gastric-Type[SEP][CLS]leiomyosarcoma","0"
"Cortical Blindness[SEP][CLS]myeloid leukemia","0"
"Retinitis[SEP][CLS]acute megakaryocytic leukemia","0"
"Small Intestinal Neuroendocrine Neoplasm[SEP][CLS]sarcoma","0"
"Extraskeletal Osteosarcoma[SEP][CLS]adrenal cortex disease","0"
"Thyroiditis[SEP][CLS]severe combined immunodeficiency","0"
"Nelson Syndrome[SEP][CLS]lymphatic system disease","0"
"Acute Suppurative Thyroiditis[SEP][CLS]viral infectious disease","0"
"Granular Cell Leiomyosarcoma[SEP][CLS]eccrine sweat gland cancer","0"
"Fasciolopsiasis[SEP][CLS]lymphatic system disease","0"
"Night Blindness[SEP][CLS]testicular cancer","0"
"Breast Lipid-Rich Carcinoma[SEP][CLS]heart conduction disease","0"
"Acute Myeloid Leukemia with NPM1 Mutation[SEP][CLS]breast cyst","0"
"Breast Myofibroblastoma[SEP][CLS]thyroid gland adenocarcinoma","0"
"Choroid Mixed Cell Melanoma[SEP][CLS]follicular adenoma","0"
"Multicentric Thyroid Gland Papillary Carcinoma[SEP][CLS]gastric diffuse adenocarcinoma","0"
"HELLP Syndrome[SEP][CLS]liver cancer","0"
"Telangiectasia[SEP][CLS]peripheral vascular disease","1"
"Paranoid Type Schizophrenia[SEP][CLS]connective tissue disease","0"
"Hyperuricemia[SEP][CLS]middle ear disease","0"
"Membranous Glomerulonephritis[SEP][CLS]adenoma","0"
"Ovarian Serous Surface Papillary Adenocarcinoma[SEP][CLS]endocrine system disease","0"
"Ovarian Clear Cell Cystadenofibroma[SEP][CLS]esophageal disease","0"
"Malignant Skeletal Muscle Neoplasm[SEP][CLS]supraglottis squamous cell carcinoma","0"
"Membranous Glomerulonephritis[SEP][CLS]chromophobe renal cell carcinoma","0"
"Xerophthalmia[SEP][CLS]gangliosidosis","0"
"Pseudobulbar Palsy[SEP][CLS]cervical mucinous adenocarcinoma","0"
"Chest Wall Solitary Plasmacytoma[SEP][CLS]plasmacytoma","1"
"Dome of the Bladder[SEP][CLS]urinary bladder cancer","1"
"Alpha Thalassemia[SEP][CLS]thalassemia","1"
"Polyclonal Hypergammaglobulinemia[SEP][CLS]brain stem cancer","0"
"Anorexia Nervosa[SEP][CLS]osteosarcoma","0"
"Renal Pelvis Papillary Urothelial Neoplasm[SEP][CLS]syndrome","0"
"Meconium Aspiration Syndrome[SEP][CLS]blood group incompatibility","0"
"Retinal Cell Neoplasm[SEP][CLS]restrictive cardiomyopathy","0"
"Classic Variant of Chromophobe Renal Cell Carcinoma[SEP][CLS]acute myeloid leukemia","0"
"Leptospirosis[SEP][CLS]malignant peripheral nerve sheath tumor","0"
"Darier Disease[SEP][CLS]breast myoepithelial neoplasm","0"
"Hypohidrosis[SEP][CLS]mucopolysaccharidosis","0"
"Endophthalmitis[SEP][CLS]uterine fibroid","0"
"Sclerosing Atypical Lipomatous Tumor/Well Differentiated Liposarcoma[SEP][CLS]breast benign neoplasm","0"
"Asbestos-Related Lung Carcinoma[SEP][CLS]breast cancer","0"
"Prolymphocytic Leukemia[SEP][CLS]central nervous system disease","0"
"Malignant Hypertension[SEP][CLS]acute myeloid leukemia","0"
"CADASIL Syndrome[SEP][CLS]central nervous system disease","0"
"Childhood Testicular Mixed Germ Cell Tumor[SEP][CLS]rheumatic disease","0"
"Ovarian Biphasic or Triphasic Teratoma[SEP][CLS]endolymphatic hydrops","0"
"Xanthogranulomatous Cholecystitis[SEP][CLS]cholecystitis","1"
"Childhood Central Nervous System Mature Teratoma[SEP][CLS]central nervous system mature teratoma","1"
"Spinal Multifocal Clear Cell Meningioma[SEP][CLS]syndrome","0"
"Marshall Syndrome[SEP][CLS]cell type benign neoplasm","0"
"Supraglottic Verrucous Carcinoma[SEP][CLS]eye disease","0"
"Candidiasis[SEP][CLS]central nervous system benign neoplasm","0"
"Congenital Dyserythropoietic Anemia[SEP][CLS]carcinoma","0"
"Cardiac Tamponade[SEP][CLS]cecal disease","0"
"Miliaria[SEP][CLS]lymphatic system disease","0"
"Acute Pyelonephritis[SEP][CLS]acute biphenotypic leukemia","0"
"Rheumatic Fever[SEP][CLS]bacterial infectious disease","1"
"Testicular Seminoma, Tubular Variant[SEP][CLS]breast carcinoma","0"
"Malignant Glottis Neoplasm[SEP][CLS]vaginal cancer","0"
"Anaplastic Large Cell Lymphoma[SEP][CLS]meningioma","0"
"Benign Recurrent Intrahepatic Cholestasis[SEP][CLS]leiomyosarcoma","0"
"Liver Leiomyosarcoma[SEP][CLS]liver sarcoma","1"
"Darier Disease[SEP][CLS]neurodegenerative disease","0"
"Breast Fibrocystic Change, Non-Proliferative Type[SEP][CLS]pineal gland cancer","0"
"Central Nervous System Extraskeletal Osteosarcoma[SEP][CLS]Coronavirus infectious disease","0"
"Adenosquamous Carcinoma[SEP][CLS]syndrome","0"
"Benign Migratory Glossitis[SEP][CLS]keratitis","0"
"Intrahepatic Bile Duct Intraductal Papillary Neoplasm[SEP][CLS]aortic valve stenosis","0"
"Urachal Urothelial Carcinoma[SEP][CLS]primary systemic mycosis","0"
"Cervical Atypical Polypoid Adenomyoma[SEP][CLS]penis squamous cell carcinoma","0"
"Pseudomembranous Conjunctivitis[SEP][CLS]tetanus","0"
"Endometrial Mixed Cell Adenocarcinoma[SEP][CLS]lysosomal storage disease","0"
"Malignant Prostate Phyllodes Tumor[SEP][CLS]Griscelli syndrome","0"
"Amebiasis[SEP][CLS]ovarian cancer","0"
"Idiopathic CD4-Positive T-Lymphocytopenia[SEP][CLS]lymphopenia","1"
"Pituitary Gland Mixed Acidophil-Basophil Adenoma[SEP][CLS]peripheral nervous system neoplasm","0"
"Subglottis Neoplasm[SEP][CLS]breast squamous cell carcinoma","0"
"Polyneuropathy[SEP][CLS]skin disease","0"
"Radiation Cystitis[SEP][CLS]sinusitis","0"
"Epithelioid Neurofibroma[SEP][CLS]sleep apnea","0"
"Paraneoplastic Polyneuropathy[SEP][CLS]vulva cancer","0"
"Diffuse Large B-Cell Lymphoma Activated B-Cell Type[SEP][CLS]ovarian carcinoma","0"
"Ampulla of Vater Small Cell Neuroendocrine Carcinoma[SEP][CLS]esophagus sarcoma","0"
"Hermaphrodite[SEP][CLS]extrahepatic bile duct adenocarcinoma","0"
"Breast Melanoma[SEP][CLS]pulmonary blastoma","0"
"Baritosis[SEP][CLS]disease by infectious agent","0"
"46,XX Gonadal Dysgenesis[SEP][CLS]fetishism","0"
"Slate Pneumoconiosis[SEP][CLS]sweat gland cancer","0"
"Schizophreniform Disorder[SEP][CLS]dermatophytosis","0"
"Differentiated Thyroid Gland Carcinoma[SEP][CLS]thymoma","0"
"Pseudomyxoma Peritonei[SEP][CLS]penis carcinoma","0"
"Bartholin Gland Small Cell Neuroendocrine Carcinoma[SEP][CLS]paranasal sinus benign neoplasm","0"
"Multicentric Castleman Disease[SEP][CLS]renal pelvis papillary tumor","0"
"Thyroid Gland Mucoepidermoid Carcinoma[SEP][CLS]extraosseous Ewing sarcoma","0"
"Eyelid Disorder[SEP][CLS]breast sarcoma","0"
"Rosette-Forming Glioneuronal Tumor[SEP][CLS]specific developmental disorder","0"
"Thyroiditis[SEP][CLS]prostate carcinoma","0"
"Premature Menopause[SEP][CLS]diffuse large B-cell lymphoma","0"
"Hereditary Fructose Intolerance[SEP][CLS]retinal artery occlusion","0"
"Lung Large Cell Carcinoma[SEP][CLS]lung non-small cell carcinoma","1"
"Choroid Melanoma[SEP][CLS]autosomal dominant cerebellar ataxia","0"
"Eosinophilic Meningitis[SEP][CLS]liposarcoma","0"
"Chest Wall Parachordoma[SEP][CLS]extrapulmonary tuberculosis","0"
"Ureterocele[SEP][CLS]choroid disease","0"
"Metachronous Osteosarcoma[SEP][CLS]parathyroid gland disease","0"
"Malignant Broad Ligament Neoplasm[SEP][CLS]hemangiopericytoma","0"
"Mycetoma[SEP][CLS]dermatomycosis","1"
"Atypical Polypoid Adenomyoma[SEP][CLS]carcinoma","0"
"Pancreatic Acinar Cell Cystadenocarcinoma[SEP][CLS]aleukemic leukemia cutis","0"
"Adult Yolk Sac Tumor[SEP][CLS]mature teratoma of the ovary","0"
"Brain Sarcoma[SEP][CLS]brain cancer","1"
"Open Angle Glaucoma[SEP][CLS]microglandular adenosis","0"
"Ulcerative Stomatitis[SEP][CLS]glossopharyngeal nerve disease","0"
"Nutritional Disorder[SEP][CLS]intestinal obstruction","0"
"Lactic Acidosis[SEP][CLS]psychosexual disorder","0"
"Valvular Heart Disorder[SEP][CLS]heart disease","1"
"Hypoactive Sexual Desire Disorder[SEP][CLS]psychosexual disorder","1"
"Childhood Ovarian Choriocarcinoma[SEP][CLS]apocrine carcinoma","0"
"Adult Central Nervous System Embryonal Carcinoma[SEP][CLS]central nervous system adult germ cell tumor","1"
"MELAS Syndrome[SEP][CLS]anxiety disorder","0"
"Localized Pulmonary Fibrosis[SEP][CLS]posterior fossa ependymoma","0"
"Submandibular Lymphadenitis[SEP][CLS]cervical adenitis","1"
"Venous Insufficiency[SEP][CLS]tetanus","0"
"Achard Syndrome[SEP][CLS]neurilemmoma","0"
"Tendonitis[SEP][CLS]viral infectious disease","0"
"Endometrial Mixed Cell Adenocarcinoma[SEP][CLS]ulcerative stomatitis","0"
"Acute Alcoholic Hepatitis[SEP][CLS]thrombophilia","0"
"West Syndrome[SEP][CLS]infancy electroclinical syndrome","1"
"Central Pontine Myelinolysis[SEP][CLS]hereditary renal cell carcinoma","0"
"Stevens-Johnson Syndrome[SEP][CLS]cervicitis","0"
"Acute Myeloid Leukemia with Minimal Differentiation[SEP][CLS]germ cell and embryonal cancer","0"
"Adult Central Nervous System Mixed Germ Cell Tumor[SEP][CLS]IDH-mutant anaplastic astrocytoma","0"
"Gingival Recession[SEP][CLS]vulva adenocarcinoma","0"
"Pathological Myopia[SEP][CLS]adrenal cortical hypofunction","0"
"Vaginal Adenosarcoma[SEP][CLS]chordoma","0"
"Intraventricular Meningioma[SEP][CLS]meningioma","1"
"Ovarian Polyembryoma[SEP][CLS]xeroderma pigmentosum","0"
"Brachial Plexopathy[SEP][CLS]central nervous system germinoma","0"
"Childhood Infratentorial Neoplasm[SEP][CLS]dysgerminoma","0"
"Exhibitionism[SEP][CLS]human immunodeficiency virus infectious disease","0"
"Retroperitoneal Sarcoma[SEP][CLS]ovarian endometrioid adenofibroma","0"
"Cerebral Palsy[SEP][CLS]bladder disease","0"
"Prostate Acinar Adenocarcinoma[SEP][CLS]leiomyosarcoma","0"
"Narcolepsy[SEP][CLS]vulva carcinoma","0"
"Multiple Mucosal Neuromas[SEP][CLS]neuroma","1"
"Oxyphilic Endometrial Endometrioid Adenocarcinoma[SEP][CLS]endometrial adenocarcinoma","1"
"Brachial Plexus Neoplasm[SEP][CLS]ovarian carcinosarcoma","0"
"Macular Corneal Dystrophy[SEP][CLS]conventional osteosarcoma","0"
"Parietal Lobe Neoplasm[SEP][CLS]congenital heart disease","0"
"Benign Recurrent Intrahepatic Cholestasis[SEP][CLS]retinal degeneration","0"
"Paraplegia[SEP][CLS]strabismus","0"
"Sphenoid Sinus Papilloma[SEP][CLS]peritoneal benign neoplasm","0"
"Bile Duct Perforation[SEP][CLS]hepatic vascular disease","0"
"Colitis[SEP][CLS]lipid storage disease","0"
"Retinal Melanoma[SEP][CLS]heart conduction disease","0"
"Venezuelan Equine Fever[SEP][CLS]bladder disease","0"
"Skin Mucoepidermoid Carcinoma[SEP][CLS]fallopian tube adenocarcinoma","0"
"Dental Fluorosis[SEP][CLS]kidney disease","0"
"Distal-Type Epithelioid Sarcoma[SEP][CLS]supratentorial cancer","0"
"Pancreatic Somatostatinoma[SEP][CLS]sweat gland disease","0"
"Holocarboxylase Synthetase Deficiency[SEP][CLS]pigmentation disease","0"
"Invasive Bladder Sarcomatoid Urothelial Carcinoma[SEP][CLS]invasive bladder transitional cell carcinoma","1"
"Chronic Eosinophilic Pneumonia[SEP][CLS]kidney disease","0"
"Jervell and Lange Nielsen Syndrome[SEP][CLS]long QT syndrome","1"
"Syringoma[SEP][CLS]anxiety disorder","0"
"Multicentric Reticulohistiocytosis[SEP][CLS]legionellosis","0"
"High Grade B-Cell Lymphoma with MYC and BCL2 or BCL6 Rearrangements[SEP][CLS]laryngeal benign neoplasm","0"
"Lung Acinar Adenocarcinoma[SEP][CLS]thymoma","0"
"Retroperitoneal Hemangiopericytoma[SEP][CLS]pancreas disease","0"
"Retinal Melanoma[SEP][CLS]lipid storage disease","0"
"Pars Planitis[SEP][CLS]renal agenesis","0"
"Vaginal Leukoplakia[SEP][CLS]ovarian carcinosarcoma","0"
"Tenosynovial Giant Cell Tumor, Diffuse Type[SEP][CLS]periodontal disease","0"
"Fallopian Tube Papillary Adenocarcinoma[SEP][CLS]colonic disease","0"
"Acneiform Dermatitis[SEP][CLS]meningioma","0"
"Iris Disorder[SEP][CLS]thyroid gland papillary carcinoma","0"
"Atypical Chronic Myeloid Leukemia[SEP][CLS]breast duct papilloma","0"
"Adult Brain Stem Glioma[SEP][CLS]brain stem glioma","1"
"Obstructive Jaundice[SEP][CLS]autosomal recessive cerebellar ataxia","0"
"Macular Degeneration[SEP][CLS]adrenal cortex disease","0"
"Staphylococcal Food Poisoning[SEP][CLS]renal adenoma","0"
"Paget Disease[SEP][CLS]breast adenocarcinoma","1"
"Acute Myeloid Leukemia with t(8;21)(q22; q22.1); RUNX1-RUNX1T1[SEP][CLS]skin disease","0"
"von Willebrand Disease, Type 1[SEP][CLS]von Willebrand's disease","1"
"Corneal Ulcer[SEP][CLS]pseudosarcomatous fibromatosis","0"
"Non-Neoplastic Reproductive System Disorder[SEP][CLS]gastrointestinal neuroendocrine benign tumor","0"
"Papillary Adenocarcinoma[SEP][CLS]cholangiocarcinoma","0"
"Prostate Disorder[SEP][CLS]pancreatic cystadenoma","0"
"Nystagmus[SEP][CLS]liposarcoma","0"
"Histiocytic and Dendritic Cell Neoplasm[SEP][CLS]dilated cardiomyopathy","0"
"Accessory Nerve Neoplasm[SEP][CLS]female urethral cancer","0"
"Urethral Clear Cell Adenocarcinoma[SEP][CLS]stomach cancer","0"
"Trabecular Adenocarcinoma[SEP][CLS]brain cancer","0"
"Bartholin Gland Cyst[SEP][CLS]urethral disease","0"
"Legionellosis[SEP][CLS]pulmonary valve disease","0"
"Malignant Skeletal Muscle Neoplasm[SEP][CLS]ovarian primitive germ cell tumor","0"
"Sarcomatoid Intrahepatic Cholangiocarcinoma[SEP][CLS]dermis tumor","0"
"Reactive Cutaneous Fibrous Lesion[SEP][CLS]syndrome","0"
"Myocardial Infarction[SEP][CLS]pulmonary blastoma","0"
"Thyrotoxicosis[SEP][CLS]lymphangioma","0"
"Pinguecula[SEP][CLS]breast adenocarcinoma","0"
"Acatalasemia[SEP][CLS]macrocytic anemia","0"
"Mitochondrial Myopathy[SEP][CLS]inner ear cancer","0"
"Otitis Media[SEP][CLS]vulvar squamous tumor","0"
"Multiple Mucosal Neuromas[SEP][CLS]cholecystitis","0"
"Spina Bifida[SEP][CLS]speech disorder","0"
"Cerebral Embryonal Tumor, Not Otherwise Specified[SEP][CLS]hemangiopericytoma","0"
"Psychogenic Vaginismus[SEP][CLS]sarcoma","0"
"Epicardial Lipoma[SEP][CLS]rhinitis","0"
"Brain Stem Intraparenchymal Clear Cell Meningioma[SEP][CLS]cerebral ventricle cancer","0"
"Azoospermia[SEP][CLS]breast hemangioma","0"
"Gangrenous Stomatitis[SEP][CLS]central nervous system benign neoplasm","0"
"Autoimmune Hepatitis with Centrilobular Necrosis[SEP][CLS]hepatitis","0"
"Hypodiploid B Lymphoblastic Leukemia/Lymphoma[SEP][CLS]connective tissue disease","0"
"Colon Leiomyosarcoma[SEP][CLS]bile duct disease","0"
"Primary Intraocular Non-Hodgkin Lymphoma[SEP][CLS]motor neuron disease","0"
"Serous Cystadenocarcinoma[SEP][CLS]breast benign neoplasm","0"
"Papillary Squamous Cell Carcinoma[SEP][CLS]acute proliferative glomerulonephritis","0"
"Chronic Conjunctivitis[SEP][CLS]syndrome","0"
"Synovial Sarcoma[SEP][CLS]breast cancer","0"
"Brachial Plexus Neoplasm[SEP][CLS]nerve plexus neoplasm","1"
"Subglottis Neoplasm[SEP][CLS]colitis","0"
"Hemoglobinuria[SEP][CLS]parasitic helminthiasis infectious disease","0"
"Kidney Extraskeletal Osteosarcoma[SEP][CLS]food allergy","0"
"Ectopic Pregnancy[SEP][CLS]glossopharyngeal nerve disease","0"
"Cranial Nerve IV Palsy[SEP][CLS]ovarian embryonal carcinoma","0"
"Malignant Pyriform Fossa Neoplasm[SEP][CLS]chondrosarcoma","0"
"Spermatocele[SEP][CLS]abdominal obesity-metabolic syndrome","0"
"Salpingitis[SEP][CLS]pigmentation disease","0"
"Testicular Monophasic Choriocarcinoma[SEP][CLS]bone cancer","0"
"Hypersensitivity[SEP][CLS]leiomyosarcoma","0"
"Spinocerebellar Ataxia Type 3[SEP][CLS]benign mesothelioma","0"
"Esophageal Atresia[SEP][CLS]esophageal disease","1"
"Pityriasis Rubra Pilaris[SEP][CLS]neurofibromatosis","0"
"Squamous Papilloma[SEP][CLS]breast carcinoma in situ","0"
"CHARGE Syndrome[SEP][CLS]respiratory system disease","0"
"Apical Myocardial Infarction by ECG Finding[SEP][CLS]meningioma","0"
"Partial Motor Seizure[SEP][CLS]polycythemia","0"
"Astroblastoma, MN1-Altered[SEP][CLS]chromosomal disease","0"
"Femoral Neuropathy[SEP][CLS]cholangitis","0"
"Malignant Apocrine Neoplasm[SEP][CLS]syndrome","0"
"Neurodermatitis[SEP][CLS]peripheral nerve schwannoma","0"
"Hyperdiploid B Lymphoblastic Leukemia/Lymphoma[SEP][CLS]optic nerve disease","0"
"Testicular Yolk Sac Tumor, Papillary Pattern[SEP][CLS]testicular yolk sac tumor","1"
"Breast Large Cell Neuroendocrine Carcinoma[SEP][CLS]microglandular adenosis","0"
"Adult Mesenchymal Chondrosarcoma[SEP][CLS]vaginal disease","0"
"Adult Anaplastic Ependymoma[SEP][CLS]extrahepatic bile duct carcinoma","0"
"Hereditary Glomangioma[SEP][CLS]bullous skin disease","0"
"Hereditary Retinoblastoma[SEP][CLS]gastrointestinal neuroendocrine benign tumor","0"
"Renal Tubular Acidosis[SEP][CLS]osteochondrosis","0"
"Breast Fibrocystic Change, Proliferative Type with Atypia[SEP][CLS]breast fibrocystic disease","1"
"Childhood Brain Stem Neoplasm[SEP][CLS]vaginal benign neoplasm","0"
"Cerebral Sarcoidosis[SEP][CLS]central nervous system cancer","0"
"Scabies[SEP][CLS]bone osteosarcoma","0"
"Nelson Syndrome[SEP][CLS]spinal cancer","0"
"Aspergillosis[SEP][CLS]viral infectious disease","0"
"Aleukemic Monocytic Leukemia Cutis[SEP][CLS]fallopian tube adenocarcinoma","0"
"Threatened Abortion[SEP][CLS]testicular yolk sac tumor","0"
"Pancreatic Gastrin-Producing Neuroendocrine Tumor[SEP][CLS]inner ear disease","0"
"Breast Capillary Hemangioma[SEP][CLS]choriocarcinoma of the testis","0"
"Amblyopia[SEP][CLS]ovary sarcoma","0"
"Ectomesenchymoma[SEP][CLS]sensory system disease","0"
"Niemann-Pick Disease[SEP][CLS]gastrointestinal system disease","0"
"Malignant Exocrine Pancreas Neoplasm[SEP][CLS]dermatitis","0"
"Mucocele of the Appendix[SEP][CLS]esophageal cancer","0"
"Adult Mesenchymal Chondrosarcoma[SEP][CLS]mesenchymal chondrosarcoma","1"
"Intrahepatic Bile Duct Adenoma[SEP][CLS]ovarian carcinoma","0"
"Adult Epithelioid Sarcoma[SEP][CLS]restrictive cardiomyopathy","0"
"Premature Menopause[SEP][CLS]basal cell carcinoma","0"
"X-Linked Centronuclear Myopathy[SEP][CLS]cerebellopontine angle tumor","0"
"Pulmonary Veno-Occlusive Disease[SEP][CLS]adrenal gland cancer","0"
"Neuroendocrine Carcinoma[SEP][CLS]bronchus adenoma","0"
"Pancreatic Somatostatinoma[SEP][CLS]invasive bladder transitional cell carcinoma","0"
"Trigonitis[SEP][CLS]acute myeloid leukemia","0"
"Menkes Disease[SEP][CLS]female reproductive organ benign neoplasm","0"
"Gastric Papillary Adenocarcinoma[SEP][CLS]synostosis","0"
"Retinal Melanoma[SEP][CLS]lower respiratory tract disease","0"
"Prostate Rhabdomyosarcoma[SEP][CLS]prostate sarcoma","1"
"Prostatic Urethral Malignant Neoplasm[SEP][CLS]male urethral cancer","1"
"Breast Central Papilloma[SEP][CLS]brain disease","0"
"Non-Communicating Hydrocephalus[SEP][CLS]conjunctivitis","0"
"Ovarian Clear Cell Cystadenofibroma[SEP][CLS]renal cell carcinoma","0"
"Adult Pineoblastoma[SEP][CLS]breast sarcoma","0"
"Diffuse Leptomeningeal Glioneuronal Tumor[SEP][CLS]parasitic ectoparasitic infectious disease","0"
"Adult Fibrosarcoma[SEP][CLS]female reproductive system disease","0"
"Corticotroph Pituitary Neuroendocrine Tumor[SEP][CLS]renal oncocytoma","0"
"Tracheal Adenoid Cystic Carcinoma[SEP][CLS]primary thrombocytopenia","0"
"Mononeuritis Multiplex[SEP][CLS]disease of anatomical entity","0"
"Acute Myeloid Leukemia with Maturation[SEP][CLS]acute myeloid leukemia","1"
"Middle Cranial Fossa Meningioma[SEP][CLS]familial hyperlipidemia","0"
"Cemento-Ossifying Fibroma[SEP][CLS]nose disease","0"
"Carcinoma Arising in Nasal Papillomatosis[SEP][CLS]infratentorial cancer","0"
"Neonatal Candidiasis[SEP][CLS]penile disease","0"
"Castration-Resistant Prostate Carcinoma[SEP][CLS]commensal bacterial infectious disease","0"
"Pancreatic Non-Invasive Mucinous Cystadenocarcinoma[SEP][CLS]cystadenocarcinoma","0"
"Fibromyalgia[SEP][CLS]syndrome","1"
"Skin Adamantinoid Basal Cell Carcinoma[SEP][CLS]pericarditis","0"
"Undifferentiated Pleomorphic Sarcoma with Osteoclast-Like Giant Cells[SEP][CLS]sarcoma","0"
"Non-Functioning Pancreatic Neuroendocrine Tumor[SEP][CLS]benign giant cell tumor","0"
"Acute Cystitis[SEP][CLS]cystitis","1"
"Soft Tissue Chondroma[SEP][CLS]testicular disease","0"
"Childhood Brain Stem Neoplasm[SEP][CLS]intestinal benign neoplasm","0"
"Vitreous Detachment[SEP][CLS]primary systemic mycosis","0"
"Malignant Pylorus Neoplasm[SEP][CLS]benign giant cell tumor","0"
"Childhood Pilocytic Astrocytoma[SEP][CLS]epithelioid sarcoma","0"
"Capgras Syndrome[SEP][CLS]breast duct papilloma","0"
"Acute Tubular Necrosis[SEP][CLS]cerebrum cancer","0"
"Agnosia[SEP][CLS]Crohn's disease","0"
"Eccrine Neoplasm[SEP][CLS]cervical squamous cell carcinoma","0"
"Acute Basophilic Leukemia[SEP][CLS]stomach cancer","0"
"Postencephalitic Parkinsonism[SEP][CLS]secondary Parkinson disease","1"
"Gastric Antral Vascular Ectasia[SEP][CLS]autosomal recessive cerebellar ataxia","0"
"Breast Inflammatory Carcinoma[SEP][CLS]bone cancer","0"
"Familial Periodic Paralysis[SEP][CLS]autism spectrum disorder","0"
"Meningeal Melanomatosis[SEP][CLS]adenoma","0"
"Childhood Meningeal Melanoma[SEP][CLS]benign mesothelioma","0"
"Hilar Cholangiocarcinoma[SEP][CLS]brain disease","0"
"Diffuse Idiopathic Skeletal Hyperostosis[SEP][CLS]B-lymphoblastic leukemia/lymphoma","0"
"Medulloblastoma, Non-WNT/Non-SHH[SEP][CLS]skin disease","0"
"Pancreatic Mucinous-Cystic Neoplasm[SEP][CLS]ovarian cancer","0"
"Thrombotic Thrombocytopenic Purpura[SEP][CLS]idiopathic interstitial pneumonia","0"
"Cystitis Glandularis[SEP][CLS]cholecystitis","0"
"Bagassosis[SEP][CLS]extrinsic allergic alveolitis","1"
"Wolman Disease[SEP][CLS]malignant leptomeningeal neoplasm","0"
"Verruca Plantaris[SEP][CLS]cerebrum cancer","0"
"Falx Cerebri Meningioma[SEP][CLS]nephroblastoma","0"
"C5 Deficiency[SEP][CLS]testicular yolk sac tumor","0"
"Adult Medulloblastoma[SEP][CLS]lip disease","0"
"AIDS Phobia[SEP][CLS]malignant pleural mesothelioma","0"
"Splenic Abscess[SEP][CLS]central nervous system benign neoplasm","0"
"Ulcerative Stomatitis[SEP][CLS]renal pelvis benign neoplasm","0"
"Pleomorphic Lipoma[SEP][CLS]visual cortex disease","0"
"Diffuse Astrocytoma[SEP][CLS]cognitive disorder","0"
"Lip Disorder[SEP][CLS]cervix disease","0"
"Testicular Seminoma, Tubular Variant[SEP][CLS]breast disease","0"
"Bartonella Infection[SEP][CLS]kidney failure","0"
"Vulvar Squamous Papilloma[SEP][CLS]breast carcinoma","0"
"Osteopoikilosis[SEP][CLS]eye disease","0"
"Quartan Malaria[SEP][CLS]malignant astrocytoma","0"
"Nasopharyngeal Disorder[SEP][CLS]hemoglobinuria","0"
"Squamous Cell Carcinoma[SEP][CLS]fasciitis","0"
"Transient Hypogammaglobulinemia[SEP][CLS]brain ischemia","0"
"Pulpitis[SEP][CLS]dental pulp disease","1"
"Trabecular Adenocarcinoma[SEP][CLS]cranial nerve palsy","0"
"Adult Cystic Nephroma[SEP][CLS]prostate sarcoma","0"
"Anal Basaloid Carcinoma[SEP][CLS]inflammatory bowel disease","0"
"Preeclampsia[SEP][CLS]hidradenitis","0"
"Pleomorphic Rhabdomyosarcoma[SEP][CLS]pancreatic intraductal papillary-colloid carcinoma","0"
"Acute Pyelonephritis[SEP][CLS]syndrome","0"
"Cranial Nerve IX Palsy[SEP][CLS]osteosarcoma","0"
"Lumbar Plexus Neoplasm[SEP][CLS]conventional osteosarcoma","0"
"Ectrodactyly-Ectodermal Dysplasia-Cleft Syndrome[SEP][CLS]benign perivascular tumor","0"
"Acute Tubular Necrosis[SEP][CLS]cystadenofibroma","0"
"Coccidiosis[SEP][CLS]parasitic protozoa infectious disease","1"
"Pyruvate Carboxylase Deficiency[SEP][CLS]neuropathy","0"
"Chronic Cholangitis[SEP][CLS]hemangiopericytoma","0"
"Ophthalmia Neonatorum[SEP][CLS]amino acid metabolic disorder","0"
"Constrictive Pericarditis[SEP][CLS]peripheral nervous system disease","0"
"Hypoplastic Right Heart Syndrome[SEP][CLS]stomach cancer","0"
"Vesicoureteral Reflux[SEP][CLS]ureteral disease","1"
"Schwannomatosis[SEP][CLS]restrictive cardiomyopathy","0"
"Syndrome of Apparent Mineralocorticoid Excess[SEP][CLS]neurilemmoma","0"
"Perthes Disease[SEP][CLS]penis squamous cell carcinoma","0"
"Differentiating Neuroblastoma[SEP][CLS]choriocarcinoma of the testis","0"
"Intravascular Nodular Fasciitis[SEP][CLS]pseudosarcomatous fibromatosis","1"
"Lymphangitis[SEP][CLS]lymphatic system disease","1"
"Extrahepatic Bile Duct Adenocarcinoma[SEP][CLS]salivary gland cancer","0"
"N1 Diffuse Large B-Cell Lymphoma[SEP][CLS]ovarian germ cell teratoma","0"
"Bone Osteosarcoma[SEP][CLS]malignant astrocytoma","0"
"Chronic Obstructive Pulmonary Disease[SEP][CLS]EEC syndrome","0"
"Complex Regional Pain Syndrome II[SEP][CLS]complex regional pain syndrome","1"
"Myeloid Leukemia[SEP][CLS]lipid metabolism disorder","0"
"Chromosome 2q37 Deletion Syndrome[SEP][CLS]urinary tract papillary transitional cell benign neoplasm","0"
"Extrahepatic Bile Duct Intraductal Papillary Neoplasm[SEP][CLS]heart septal defect","0"
"Aleukemic Leukemia Cutis[SEP][CLS]leukemia","0"
"Follicular Dendritic Cell Sarcoma[SEP][CLS]dendritic cell sarcoma","1"
"Fallopian Tube Carcinosarcoma[SEP][CLS]bone sarcoma","0"
"N1 Diffuse Large B-Cell Lymphoma[SEP][CLS]diffuse large B-cell lymphoma","1"
"Extraosseous Plasmacytoma[SEP][CLS]male reproductive organ cancer","0"
"Malignant Triton Tumor[SEP][CLS]adenocarcinoma","0"
"Breast Fibrocystic Change, Proliferative Type with Atypia[SEP][CLS]skin squamous cell carcinoma","0"
"Clear Cell Sarcoma of the Kidney[SEP][CLS]respiratory failure","0"
"Sclera Disorder[SEP][CLS]eye disease","1"
"Orbit Embryonal Rhabdomyosarcoma[SEP][CLS]follicular adenoma","0"
"Hydranencephaly[SEP][CLS]malignant giant cell tumor","0"
"Childhood Testicular Mixed Embryonal Carcinoma and Teratoma[SEP][CLS]extrinsic allergic alveolitis","0"
"Childhood Osteosarcoma[SEP][CLS]lung large cell carcinoma","0"
"Cheilitis[SEP][CLS]degeneration of macula and posterior pole","0"
"Composite Ganglioneuroblastoma, Schwannian Stroma-Rich and Stroma-Poor[SEP][CLS]mixed type thymoma","0"
"Isosporiasis[SEP][CLS]sexual dysfunction","0"
"Small Cell Osteosarcoma[SEP][CLS]vaginal disease","0"
"Salpingo-Oophoritis[SEP][CLS]oophoritis","1"
"Epidermolysis Bullosa Simplex[SEP][CLS]duodenal obstruction","0"
"Von Hippel Lindau Syndrome[SEP][CLS]hemangioblastoma","1"
"Subareolar Duct Papillomatosis[SEP][CLS]nipple benign neoplasm","1"
"Paralytic Ileus[SEP][CLS]psychotic disorder","0"
"Silent Myocardial Infarction[SEP][CLS]parasitic helminthiasis infectious disease","0"
"Acute Myeloid Leukemia with CEBPA Mutation[SEP][CLS]metabolic acidosis","0"
"Paraneoplastic Polyneuropathy[SEP][CLS]follicular adenoma","0"
"Malignant Soft Palate Neoplasm[SEP][CLS]glomerulonephritis","0"
"Severe Combined Immunodeficiency[SEP][CLS]hereditary lymphedema","0"
"Progressive Supranuclear Palsy[SEP][CLS]skin benign neoplasm","0"
"Adult Medulloblastoma[SEP][CLS]spinal canal and spinal cord meningioma","0"
"Ganglioneuroblastoma[SEP][CLS]malignant leptomeningeal neoplasm","0"
"Bartholin Gland Small Cell Neuroendocrine Carcinoma[SEP][CLS]cervical benign neoplasm","0"
"Childhood Angiosarcoma[SEP][CLS]aortic valve disease","0"
"Vulvar Sebaceous Carcinoma[SEP][CLS]sella turcica neoplasm","0"
"Epithelioid Leiomyosarcoma[SEP][CLS]mediastinal cancer","0"
"Erythematosquamous Dermatosis[SEP][CLS]arthropathy","0"
"Cervical Disorder[SEP][CLS]low grade glioma","0"
"Mucin-Rich Endometrial Endometrioid Adenocarcinoma[SEP][CLS]vulva cancer","0"
"Invasive Bladder Microcystic Urothelial Carcinoma[SEP][CLS]personality disorder","0"
"Nasopharyngitis[SEP][CLS]breast sarcoma","0"
"Cirrhosis[SEP][CLS]intrahepatic cholangiocarcinoma","0"
"Tuberculous Empyema[SEP][CLS]pulmonary valve disease","0"
"Glycogen Storage Disease Type I[SEP][CLS]B-cell lymphoma","0"
"Subependymal Giant Cell Astrocytoma[SEP][CLS]aortic disease","0"
"Laryngeal Disorder[SEP][CLS]cranial nerve disease","0"
"Iris Melanoma[SEP][CLS]brain stem infarction","0"
"Medulloblastoma, SHH-Activated, TP53-Mutant[SEP][CLS]thymoma type B","0"
"Granular Cell Carcinoma[SEP][CLS]carcinoma","1"
"Uveal Intermediate Cell Type Melanoma[SEP][CLS]nipple carcinoma","0"
"Verrucous Carcinoma[SEP][CLS]central nervous system germ cell tumor","0"
"Posterior Foramen Magnum Meningioma[SEP][CLS]oligodendroglioma","0"
"Breast Leiomyosarcoma[SEP][CLS]cell type benign neoplasm","0"
"Eosinophilic Esophagitis[SEP][CLS]skin melanoma","0"
"Mediastinal Psammomatous Schwannoma[SEP][CLS]ovarian carcinoma","0"
"Keratosis[SEP][CLS]skin disease","1"
"Corneal Abscess[SEP][CLS]intestinal obstruction","0"
"Severe Acute Respiratory Syndrome[SEP][CLS]Coronavirus infectious disease","1"
"Adult Brain Stem Gliosarcoma[SEP][CLS]pancreatic cystadenocarcinoma","0"
"Childhood Central Nervous System Choriocarcinoma[SEP][CLS]choriocarcinoma","1"
"Diffuse Infiltrative Lymphocytosis Syndrome[SEP][CLS]bronchial disease","0"
"Balanitis Xerotica Obliterans[SEP][CLS]malaria","0"
"Combined Lung Large Cell Neuroendocrine Carcinoma[SEP][CLS]kidney disease","0"
"Filariasis[SEP][CLS]pineoblastoma","0"
"Giant Cell Tumor of Bone[SEP][CLS]thymic carcinoma","0"
"Blastomycosis[SEP][CLS]acute asthma","0"
"Fibroblastic Liposarcoma[SEP][CLS]invasive bladder transitional cell carcinoma","0"
"Malignant Gingival Neoplasm[SEP][CLS]organic acidemia","0"
"Adult Cystic Teratoma[SEP][CLS]eye disease","0"
"46,XX Gonadal Dysgenesis[SEP][CLS]movement disease","0"
"Malignant Hypertension[SEP][CLS]psychotic disorder","0"
"Choroid Melanoma[SEP][CLS]restrictive cardiomyopathy","0"
"Malignant Ovarian Brenner Tumor[SEP][CLS]peritoneal carcinoma","0"
"Hereditary Glomangioma[SEP][CLS]multiple sclerosis","0"
"Breast Spiradenoma[SEP][CLS]dementia","0"
"Testicular Choriocarcinoma[SEP][CLS]renal pelvis papillary tumor","0"
"Ethmoid Sinus Primary Ectopic Meningioma[SEP][CLS]complex regional pain syndrome","0"
"Vivax Malaria[SEP][CLS]cerebrum cancer","0"
"Farber Lipogranulomatosis[SEP][CLS]beta thalassemia","0"
"Undifferentiated Pleomorphic Sarcoma, Inflammatory Variant[SEP][CLS]hemangioma","0"
"Nephrocalcinosis[SEP][CLS]pneumoconiosis","0"
"Meconium Aspiration Syndrome[SEP][CLS]motor neuron disease","0"
"Childhood Botryoid-Type Embryonal Rhabdomyosarcoma[SEP][CLS]connective tissue disease","0"
"Myeloid/Lymphoid Neoplasms with Eosinophilia and Tyrosine Kinase Gene Fusions[SEP][CLS]sphingolipidosis","0"
"Extrahepatic Bile Duct Signet Ring Cell Carcinoma[SEP][CLS]Bartholin's gland carcinoma","0"
"Skin Liposarcoma[SEP][CLS]skin sarcoma","1"
"Epithelial Predominant Kidney Wilms Tumor[SEP][CLS]adenocarcinoma","0"
"Mycosis Fungoides[SEP][CLS]medulloblastoma","0"
"Tertiary Syphilis[SEP][CLS]syphilis","1"
"Duodenal Obstruction[SEP][CLS]duodenum disease","1"
"Occult Lung Large Cell Carcinoma[SEP][CLS]ocular motility disease","0"
"Cortical Blindness[SEP][CLS]iris disease","0"
"Breast Neuroendocrine Neoplasm[SEP][CLS]viral infectious disease","0"
"Zollinger Ellison Syndrome[SEP][CLS]thyroid gland papillary carcinoma","0"
"Acute Necrotizing Encephalitis[SEP][CLS]encephalitis","1"
"Porokeratosis[SEP][CLS]glaucoma","0"
"Endometrial Serous Adenocarcinoma[SEP][CLS]atrial heart septal defect","0"
"Malignant Gastric Granular Cell Tumor[SEP][CLS]nose disease","0"
"Squamous Papilloma[SEP][CLS]papilloma","1"
"Liver Angiomyolipoma[SEP][CLS]viral infectious disease","0"
"Skin Basosquamous Cell Carcinoma[SEP][CLS]struma ovarii","0"
"Adult Cystic Teratoma[SEP][CLS]malignant astrocytoma","0"
"Endocrine System Disorder[SEP][CLS]intracranial hypertension","0"
"Congenital Pure Red Cell Aplasia[SEP][CLS]uterine corpus cancer","0"
"POEMS Syndrome[SEP][CLS]ovarian germ cell teratoma","0"
"Chronic Neutrophilic Leukemia[SEP][CLS]chronic leukemia","1"
"Eyelid Disorder[SEP][CLS]disease of anatomical entity","0"
"Malignant Supraglottis Neoplasm[SEP][CLS]contact dermatitis","0"
"Lactating Adenoma[SEP][CLS]meningioma","0"
"Cervical Non-Keratinizing Squamous Cell Carcinoma[SEP][CLS]bone inflammation disease","0"
"Ileitis[SEP][CLS]intestinal obstruction","0"
"Hypogammaglobulinemia[SEP][CLS]testicular germ cell cancer","0"
"Acute Respiratory Distress Syndrome[SEP][CLS]cervix carcinoma","0"
"Bowel Obstruction[SEP][CLS]ovarian endodermal sinus tumor","0"
"Vestibular Schwannoma[SEP][CLS]neurilemmoma","1"
"Breast Squamous Cell Carcinoma, Acantholytic Variant[SEP][CLS]breast squamous cell carcinoma","1"
"Hyperglycemia[SEP][CLS]liposarcoma","0"
"Small Intestinal Neoplasm[SEP][CLS]intestinal benign neoplasm","1"
"Malignant Soft Palate Neoplasm[SEP][CLS]malignant mediastinal neurogenic neoplasm","0"
"Fallopian Tube Carcinosarcoma[SEP][CLS]bone osteosarcoma","0"
"Kartagener Syndrome[SEP][CLS]primary ciliary dyskinesia","1"
"Hypodiploid B Lymphoblastic Leukemia/Lymphoma[SEP][CLS]renal agenesis","0"
"Cystitis Glandularis[SEP][CLS]viral infectious disease","0"
"Medulloblastoma, Non-WNT/Non-SHH, Group 4[SEP][CLS]systemic scleroderma","0"
"Aortic Valve Insufficiency[SEP][CLS]basal cell carcinoma","0"
"Tenosynovial Giant Cell Tumor[SEP][CLS]organic acidemia","0"
"Babesiosis[SEP][CLS]thyroid gland adenocarcinoma","0"
"Breast Hypertrophy[SEP][CLS]myositis","0"
"Ovarian Biphasic or Triphasic Teratoma[SEP][CLS]skin benign neoplasm","0"
"Skin Mucoepidermoid Carcinoma[SEP][CLS]skin carcinoma","1"
"Spinal Muscular Atrophy of Childhood[SEP][CLS]periodontitis","0"
"Extragonadal Seminoma[SEP][CLS]connective tissue benign neoplasm","0"
"Intracranial Abscess[SEP][CLS]epithelioid sarcoma","0"
"Adenosarcoma[SEP][CLS]monodermal teratoma","0"
"Orbit Cavernous Hemangioma[SEP][CLS]brain disease","0"
"Adult Brain Stem Mixed Glioma[SEP][CLS]gastritis","0"
"Lymphedema[SEP][CLS]lymphatic system disease","1"
"Moyamoya Disease[SEP][CLS]congenital hemolytic anemia","0"
"Metabolic Disorder[SEP][CLS]disease","1"
"Brenner Tumor[SEP][CLS]neurilemmoma","0"
"Male Orgasmic Disorder[SEP][CLS]substance abuse","0"
"Hepatoerythropoietic Porphyria[SEP][CLS]autonomic nervous system neoplasm","0"
"Pyomyositis[SEP][CLS]malignant astrocytoma","0"
"Cervical Endometrioid Stromal and Related Neoplasms[SEP][CLS]spinal cancer","0"
"Acute Salpingitis[SEP][CLS]salpingitis","1"
"Hand Foot and Mouth Disease[SEP][CLS]viral infectious disease","1"
"Panuveitis[SEP][CLS]mucopolysaccharidosis","0"
"Angiokeratoma of Mibelli[SEP][CLS]angiokeratoma","1"
"Composite Ganglioneuroblastoma, Stroma-Dominant and Stroma-Poor[SEP][CLS]central nervous system germ cell tumor","0"
"Cardiac Sarcoidosis[SEP][CLS]testicular germ cell cancer","0"
"Sheehan Syndrome[SEP][CLS]globe disease","0"
"Acute Necrotizing Encephalitis[SEP][CLS]breast carcinoma","0"
"Angiomyolipoma[SEP][CLS]salivary gland disease","0"
"Ornithosis[SEP][CLS]syndrome","0"
"Cellular Neurofibroma[SEP][CLS]lung disease","0"
"Acute Cholangitis[SEP][CLS]brain angioma","0"
"Alpha Thalassemia[SEP][CLS]vaginal cancer","0"
"Cavernous Hemangioma[SEP][CLS]extraocular retinoblastoma","0"
"Pancreatic Mucinous-Cystic Neoplasm[SEP][CLS]invasive bladder transitional cell carcinoma","0"
"Diverticulitis[SEP][CLS]muscle benign neoplasm","0"
"Breast Giant Fibroadenoma[SEP][CLS]lymphoma","0"
"Laryngitis[SEP][CLS]glomerulonephritis","0"
"Pancreatic Signet Ring Cell Carcinoma[SEP][CLS]corneal disease","0"
"Hypochondriasis[SEP][CLS]skin benign neoplasm","0"
"Hemochromatosis[SEP][CLS]metal metabolism disorder","1"
"Granular Cell Carcinoma[SEP][CLS]muscle benign neoplasm","0"
"BN2 Diffuse Large B-Cell Lymphoma[SEP][CLS]von Willebrand's disease","0"
"Childhood Testicular Choriocarcinoma[SEP][CLS]placenta cancer","0"
"Epicardial Lipoma[SEP][CLS]heart lipoma","1"
"Astrocytoma, IDH-Mutant[SEP][CLS]idiopathic interstitial pneumonia","0"
"Bartholin Gland Neoplasm[SEP][CLS]IDH-mutant anaplastic astrocytoma","0"
"Reticulosarcoma[SEP][CLS]squamous cell neoplasm","0"
"Coronary Artery Stenosis[SEP][CLS]supraglottis cancer","0"
"Laryngeal Leiomyosarcoma[SEP][CLS]salivary gland disease","0"
"Cauda Equina Neuroendocrine Tumor[SEP][CLS]orbital disease","0"
"Myxedema[SEP][CLS]keratosis","0"
"Nephrotic Syndrome[SEP][CLS]hematopoietic system disease","0"
"Intracerebral Cystic Meningioma[SEP][CLS]cerebral meningioma","1"
"Aseptic Meningitis[SEP][CLS]meningitis","1"
"Gastric Gastrin-Producing Neuroendocrine Tumor[SEP][CLS]intestinal cancer","0"
"Schizoaffective Disorder[SEP][CLS]posterior pituitary gland neoplasm","0"
"Breast Fibrosis[SEP][CLS]non-proliferative fibrocystic change of the breast","1"
"Anovulation[SEP][CLS]synovium cancer","0"
"Kidney Leiomyosarcoma[SEP][CLS]kidney sarcoma","1"
"Penile Verrucous Carcinoma[SEP][CLS]ampulla of Vater adenocarcinoma","0"
"Hereditary Kidney Oncocytoma[SEP][CLS]autoimmune disease of endocrine system","0"
"Lassa Fever[SEP][CLS]candidiasis","0"
"Early Invasive Cervical Squamous Cell Carcinoma[SEP][CLS]vulva carcinoma","0"
"Kleptomania[SEP][CLS]autonomic nervous system disease","0"
"Penile Papillary Carcinoma[SEP][CLS]liposarcoma","0"
"Cervical Wilms Tumor[SEP][CLS]primary bacterial infectious disease","0"
"Gliomatosis Cerebri[SEP][CLS]brain cancer","1"
"Chronic Renal Failure[SEP][CLS]synovial sarcoma","0"
"Ehlers-Danlos Syndrome[SEP][CLS]primary thrombocytopenia","0"
"Myotonic Dystrophy[SEP][CLS]myotonic disease","1"
"Nipple Neoplasm[SEP][CLS]glossopharyngeal nerve neoplasm","0"
"Cole-Carpenter Syndrome[SEP][CLS]plasma protein metabolism disease","0"
"45,X/46,XY Mixed Gonadal Dysgenesis[SEP][CLS]herpes simplex","0"
"Coronary Vasospasm[SEP][CLS]teeth hard tissue disease","0"
"Malignant Oropharyngeal Neoplasm[SEP][CLS]supraglottis cancer","0"
"Bizarre Leiomyoma[SEP][CLS]optic nerve glioma","0"
"Breast Cyst[SEP][CLS]breast carcinoma","0"
"Retinal Dystrophy[SEP][CLS]skin squamous cell carcinoma","0"
"Hereditary Meningioma[SEP][CLS]skin disease","0"
"Skin Liposarcoma[SEP][CLS]ovarian germ cell cancer","0"
"Inferolateral Myocardial Infarction by ECG Finding[SEP][CLS]muscular dystrophy","0"
"Cervicocranial Syndrome[SEP][CLS]male infertility","0"
"Gyrate Atrophy[SEP][CLS]eye disease","0"
"Dissociative Amnesia[SEP][CLS]vulva adenocarcinoma","0"
"Ovarian Carcinosarcoma[SEP][CLS]nail disease","0"
"Differentiating Neuroblastoma[SEP][CLS]neuroblastoma","1"
"Hemolytic Uremic Syndrome[SEP][CLS]cerebral meningioma","0"
"Hyperglycemia[SEP][CLS]malignant astrocytoma","0"
"Isosporiasis[SEP][CLS]colon adenocarcinoma","0"
"Breast Cyst[SEP][CLS]vaginal cancer","0"
"Testicular Seminoma, Cribriform Variant[SEP][CLS]testis seminoma","1"
"Aniridia[SEP][CLS]eye disease","0"
"Pseudohypoaldosteronism[SEP][CLS]lysosomal storage disease","0"
"Pyelonephritis[SEP][CLS]osteochondrosis","0"
"Conduct Disorder[SEP][CLS]gallbladder carcinoma","0"
"Alopecia Mucinosa[SEP][CLS]synucleinopathy","0"
"Malignant Colorectal Neoplasm[SEP][CLS]retinoblastoma","0"
"B Acute Lymphoblastic Leukemia with t(12;21)(p13.2;q22.1); ETV6-RUNX1[SEP][CLS]B-lymphoblastic leukemia/lymphoma","1"
"Blepharospasm[SEP][CLS]ovary adenocarcinoma","0"
"Pyomyositis[SEP][CLS]testicular yolk sac tumor","0"
"Breast Mucoepidermoid Carcinoma[SEP][CLS]pineal gland cancer","0"
"Lumbar Plexus Neoplasm[SEP][CLS]nerve plexus neoplasm","1"
"Metastatic Somatotroph Pituitary Neuroendocrine Tumor[SEP][CLS]malaria","0"
"Anal Intraepithelial Neoplasia 3[SEP][CLS]personality disorder","0"
"Ectodermal Dysplasia[SEP][CLS]retinal macular dystrophy","0"
"Ventricular Septal Defect[SEP][CLS]meningioma","0"
"Extramammary Paget Disease[SEP][CLS]leiomyosarcoma","0"
"Cervical Disorder[SEP][CLS]breast adenocarcinoma","0"
"Diaphragmatic Eventration[SEP][CLS]acute myeloid leukemia","0"
"Ciliary Body Disorder[SEP][CLS]agnosia","0"
"Breast Adenomyoepithelial Adenosis[SEP][CLS]uveal disease","0"
"Congenital Cortical Hyperostosis[SEP][CLS]congenital hypoplastic anemia","0"
"Cogan-Reese Syndrome[SEP][CLS]spinal muscular atrophy","0"
"Fibrillary Astrocytoma[SEP][CLS]hypotrichosis","0"
"Gastric Signet Ring Cell Adenocarcinoma[SEP][CLS]gastric diffuse adenocarcinoma","1"
"Extramammary Paget Disease[SEP][CLS]optic nerve disease","0"
"Ovarian Mixed Germ Cell Tumor[SEP][CLS]ovarian primitive germ cell tumor","1"
"Thymic Dysplasia[SEP][CLS]hydrocephalus","0"
"Pharyngoconjunctival Fever[SEP][CLS]viral infectious disease","1"
"Epiphora[SEP][CLS]rectum cancer","0"
"Coronary Artery Aneurysm[SEP][CLS]blood group incompatibility","0"
"Breast Myofibroblastoma[SEP][CLS]posterior fossa ependymoma","0"
"Esophageal Mucoepidermoid Carcinoma[SEP][CLS]laryngeal benign neoplasm","0"
"Oligoastrocytoma[SEP][CLS]syndrome","0"
"Carpal Tunnel Syndrome[SEP][CLS]perineurioma","0"
"Proteus Syndrome[SEP][CLS]gastritis","0"
"COVID-19 Infection[SEP][CLS]Coronavirus infectious disease","1"
"Ischemia[SEP][CLS]ovarian disease","0"
"Thymic Low Grade Papillary Adenocarcinoma[SEP][CLS]cell type benign neoplasm","0"
"Occult Lung Small Cell Carcinoma[SEP][CLS]brain disease","0"
"Coagulation Disorder[SEP][CLS]lymphatic system disease","0"
"Gastric Liposarcoma[SEP][CLS]stomach cancer","1"
"Cholangitis[SEP][CLS]personality disorder","0"
"Testicular Yolk Sac Tumor, Myxomatous Pattern[SEP][CLS]testicular yolk sac tumor","1"
"Hemangiopericytic Neoplasm[SEP][CLS]pre-malignant neoplasm","0"
"Olivopontocerebellar Atrophy[SEP][CLS]anal squamous cell carcinoma","0"
"Ovarian Serous Adenofibroma[SEP][CLS]ovarian germ cell teratoma","0"
"Pernicious Anemia[SEP][CLS]central nervous system lipoma","0"
"Urethral Verrucous Carcinoma[SEP][CLS]retinal detachment","0"
"Listeriosis[SEP][CLS]rhinitis","0"
"Guillain-Barre Syndrome[SEP][CLS]urinary bladder cancer","0"
"Caries[SEP][CLS]teeth hard tissue disease","1"
"Cervical Adenomyoma[SEP][CLS]pericardial effusion","0"
"Multiple Self Healing Epithelioma of Ferguson-Smith[SEP][CLS]central nervous system cancer","0"
"Congenital Cortical Hyperostosis[SEP][CLS]osteosclerosis","0"
"Sideroblastic Anemia[SEP][CLS]ovarian benign neoplasm","0"
"Pancreatic Insufficiency[SEP][CLS]prostate cancer","0"
"Incompetent Cervix[SEP][CLS]carbohydrate metabolic disorder","0"
"Miller Fisher Syndrome[SEP][CLS]organ system cancer","0"
"Beta-Mannosidosis[SEP][CLS]thyroiditis","0"
"Sphenoorbital Meningioma[SEP][CLS]myelodysplastic/myeloproliferative neoplasm","0"
"Penile Papillary Carcinoma[SEP][CLS]leiomyosarcoma","0"
"Follicular Dendritic Cell Sarcoma[SEP][CLS]retinal edema","0"
"Ovarian Yolk Sac Tumor, Glandular Pattern[SEP][CLS]cystic teratoma","0"
"CHARGE Syndrome[SEP][CLS]pericardium disease","0"
"Patent Ductus Arteriosus[SEP][CLS]anal squamous cell carcinoma","0"
"Neurofibroma[SEP][CLS]immune system disease","0"
"Choriocarcinoma[SEP][CLS]tuberculosis","0"
"Distal-Type Epithelioid Sarcoma[SEP][CLS]anxiety disorder","0"
"Small Cell Sarcoma[SEP][CLS]connective tissue cancer","1"
"Ovarian Clear Cell Adenocarcinofibroma[SEP][CLS]ovary epithelial cancer","0"
"Accessory Nerve Disorder[SEP][CLS]ovarian benign neoplasm","0"
"Cardiac Sarcoma[SEP][CLS]physical disorder","0"
"Epidermolytic Ichthyosis[SEP][CLS]gastrointestinal system disease","0"
"Breast Leiomyosarcoma[SEP][CLS]breast sarcoma","1"
"Undescended Testes[SEP][CLS]osteosarcoma","0"
"Breast Columnar Cell Mucinous Carcinoma[SEP][CLS]viral infectious disease","0"
"Malignant Synovial Neoplasm[SEP][CLS]fibrosarcoma","0"
"Cerebritis[SEP][CLS]brain disease","1"
"Melanoacanthoma[SEP][CLS]hairy cell leukemia","0"
"Histrionic Personality Disorder[SEP][CLS]cervical cancer","0"
"Granulomatous Dermatitis[SEP][CLS]brain stem glioma","0"
"Complex Regional Pain Syndrome I[SEP][CLS]bacterial conjunctivitis","0"
"Ehlers-Danlos Syndrome[SEP][CLS]cerebrum cancer","0"
"Malignant Testicular Sex Cord-Stromal Tumor[SEP][CLS]hydrocephalus","0"
"Narcissistic Personality Disorder[SEP][CLS]neurofibroma","0"
"Skull Base Chordoma[SEP][CLS]refractive error","0"
"Alcoholic Cardiomyopathy[SEP][CLS]syndrome","0"
"Esophageal Verrucous Carcinoma[SEP][CLS]esophagus squamous cell carcinoma","1"
"Morquio Syndrome[SEP][CLS]macular retinal edema","0"
"Binocular Vision Disorder[SEP][CLS]glossopharyngeal nerve disease","0"
"Bowel Obstruction[SEP][CLS]intestinal disease","1"
"Transient Arthropathy[SEP][CLS]plasma cell neoplasm","0"
"Tangier Disease[SEP][CLS]ovarian serous adenofibroma","0"
"Breast Cyst[SEP][CLS]cervical benign neoplasm","0"
"Sphenocavernous Meningioma[SEP][CLS]skull base meningioma","1"
"Astrocytoma, IDH-Mutant[SEP][CLS]anaplastic astrocytoma","1"
"Pseudotumor Cerebri[SEP][CLS]cranial nerve malignant neoplasm","0"
"Breast Lobular Carcinoma[SEP][CLS]esophagus squamous cell carcinoma","0"
"Hartnup Disease[SEP][CLS]heart disease","0"
"Fetishism[SEP][CLS]stomach cancer","0"
"Vaginal Leukoplakia[SEP][CLS]cystadenocarcinoma","0"
"Distal Muscular Dystrophy[SEP][CLS]chondroma","0"
"Testicular Thecoma[SEP][CLS]male reproductive organ benign neoplasm","1"
"Peroneal Neuropathy[SEP][CLS]cholestasis","0"
"Ovarian Endometrioid Stromal and Related Neoplasms[SEP][CLS]disease of mental health","0"
"Obstructive Sleep Apnea[SEP][CLS]cerebellar disease","0"
"Adult Choroid Plexus Neoplasm[SEP][CLS]choriocarcinoma","0"
"Idiopathic CD4-Positive T-Lymphocytopenia[SEP][CLS]chronic leukemia","0"
"Bone Surface (Peripheral) Osteosarcoma[SEP][CLS]intracranial hypertension","0"
"Squamous Papilloma[SEP][CLS]heart cancer","0"
"Anal Canal Cloacogenic Carcinoma[SEP][CLS]intestinal disease","0"
"Asthma[SEP][CLS]glomerulonephritis","0"
"Epidermolytic Ichthyosis[SEP][CLS]brain stem glioma","0"
"Benign Pericytic Neoplasm[SEP][CLS]central nervous system disease","0"
"Periosteal Chondrosarcoma[SEP][CLS]chondrosarcoma","1"
"Bartholin Gland Neoplasm[SEP][CLS]cervical benign neoplasm","0"
"Ovarian Clear Cell Cystadenocarcinoma[SEP][CLS]sarcoma","0"
"Mucocele of the Appendix[SEP][CLS]meningeal melanoma","0"
"Breast Lobular Neoplasia[SEP][CLS]high grade ependymoma","0"
"Dracunculiasis[SEP][CLS]skull base meningioma","0"
"Syndrome of Apparent Mineralocorticoid Excess[SEP][CLS]central nervous system benign neoplasm","0"
"Ocular Hypertension[SEP][CLS]ureter carcinoma","0"
"Telangiectasia[SEP][CLS]hormone producing pituitary cancer","0"
"Typhoid Fever[SEP][CLS]craniopharyngioma","0"
"Breast Intraductal Myoepitheliosis[SEP][CLS]breast myoepitheliosis","1"
"Achondroplasia[SEP][CLS]osteochondrodysplasia","1"
"Placental Site Trophoblastic Tumor[SEP][CLS]ovarian carcinoma","0"
"T-Cell Prolymphocytic Leukemia[SEP][CLS]lymphomatoid granulomatosis","0"
"Meconium Aspiration Syndrome[SEP][CLS]leukemia","0"
"Cavernous Hemangioma of the Face[SEP][CLS]acute myeloid leukemia","0"
"Double Cortex Syndrome[SEP][CLS]benign ependymoma","0"
"Demyelinating Polyneuropathy[SEP][CLS]polyneuropathy","1"
"Reflex Epilepsy[SEP][CLS]anxiety disorder","0"
"Ciliary Body Melanoma[SEP][CLS]testis seminoma","0"
"Macular Edema[SEP][CLS]viral infectious disease","0"
"Thyroid Gland Disorder[SEP][CLS]female reproductive system disease","0"
"Pilomatricoma[SEP][CLS]dissociative disorder","0"
"Malignant Eccrine Neoplasm[SEP][CLS]endometrial disease","0"
"Skin Clear Cell Squamous Cell Carcinoma[SEP][CLS]splenic disease","0"
"Intrahepatic Bile Duct Intraductal Papillary Neoplasm[SEP][CLS]primary congenital glaucoma","0"
"Classic Variant of Chromophobe Renal Cell Carcinoma[SEP][CLS]ovarian primitive germ cell tumor","0"
"Volkmann's Ischemic Contracture[SEP][CLS]meningioma","0"
"Leishmaniasis[SEP][CLS]lymphoid leukemia","0"
"Erdheim-Chester Disease[SEP][CLS]male reproductive system disease","0"
"Paraphimosis[SEP][CLS]pneumoconiosis","0"
"Meniere Disease[SEP][CLS]lipomatosis","0"
"Desbuquois Dysplasia[SEP][CLS]basal cell carcinoma","0"
"Myxopapillary Ependymoma[SEP][CLS]benign ependymoma","1"
"Frontal Sinus Neoplasm[SEP][CLS]primary bacterial infectious disease","0"
"Peptic Ulcer[SEP][CLS]pneumoconiosis","0"
"Chronic Lymphocytic Leukemia/Small Lymphocytic Lymphoma with Immunoglobulin Heavy Chain Variable-Region Gene Somatic Hypermutation[SEP][CLS]lipid storage disease","0"
"Childhood Ovarian Mature Teratoma[SEP][CLS]parasitic helminthiasis infectious disease","0"
"Social Anxiety Disorder[SEP][CLS]phobic disorder","1"
"Ovarian Rhabdomyosarcoma[SEP][CLS]colonic disease","0"
"POEMS Syndrome[SEP][CLS]bronchial disease","0"
"Iris Melanoma[SEP][CLS]female reproductive organ cancer","0"
"Borderline Personality Disorder[SEP][CLS]nephroblastoma","0"
"Speech Disorder[SEP][CLS]communication disorder","1"
"Breast Tubular Carcinoma[SEP][CLS]eating disorder","0"
"Scarlet Fever[SEP][CLS]upper respiratory tract disease","1"
"Acute Pancreatitis[SEP][CLS]medulloblastoma","0"
"Acute Myeloid Leukemia, Myelodysplasia-Related[SEP][CLS]cystadenocarcinoma","0"
"Kidney Hemangiopericytoma[SEP][CLS]thyroid gland disease","0"
"WDHA Syndrome[SEP][CLS]encephalitis","0"
"Mesenteric Lymphadenitis[SEP][CLS]chromosomal duplication syndrome","0"
"Acute Myeloid Leukemia with CEBPA Mutation[SEP][CLS]retinoblastoma","0"
"B Acute Lymphoblastic Leukemia with t(1;19)(q23;p13.3); TCF3-PBX1[SEP][CLS]lymphadenitis","0"
"Angioleiomyoma[SEP][CLS]uterine adnexa cancer","0"
"Thymoma[SEP][CLS]epithelioid sarcoma","0"
"Liver Inflammatory Myofibroblastic Tumor[SEP][CLS]male reproductive system disease","0"
"Cancerphobia[SEP][CLS]cranial nerve malignant neoplasm","0"
"Biliary Atresia[SEP][CLS]specific developmental disorder","0"
"Bruxism[SEP][CLS]sleep disorder","1"
"Androgen Insensitivity Syndrome[SEP][CLS]cauda equina neoplasm","0"
"Spinal Cord Disorder[SEP][CLS]cervical adenitis","0"
"Thymic Small Cell Neuroendocrine Carcinoma[SEP][CLS]myositis","0"
"Composite Lymphoma[SEP][CLS]nasal cavity disease","0"
"Lateral Wall of the Bladder[SEP][CLS]male reproductive organ cancer","0"
"Respiratory Syncytial Virus Infection[SEP][CLS]anal squamous cell carcinoma","0"
"Gastritis[SEP][CLS]stomach disease","1"
"Tooth Sensitivity[SEP][CLS]anal squamous cell carcinoma","0"
"Lupus Erythematosus[SEP][CLS]brain disease","0"
"Central Retinal Artery Occlusion[SEP][CLS]vulvar benign neoplasm","0"
"Mesenchymoma[SEP][CLS]connective tissue cancer","1"
"Non-Functioning Pituitary Neuroendocrine Tumor[SEP][CLS]prolymphocytic leukemia","0"
"Eclampsia[SEP][CLS]nasopharyngeal disease","0"
"Myopia[SEP][CLS]eye lymphoma","0"
"Uterine Corpus Myxoid Leiomyoma[SEP][CLS]syndrome","0"
"Cholangiolocellular Carcinoma[SEP][CLS]cystitis","0"
"Conduct Disorder[SEP][CLS]uterine ligament cancer","0"
"Hypertensive Retinopathy[SEP][CLS]psychotic disorder","0"
"Papillary Glioneuronal Tumor[SEP][CLS]skin carcinoma","0"
"Cranial Nodular Fasciitis[SEP][CLS]kidney sarcoma","0"
"Breast Inflammatory Carcinoma[SEP][CLS]cranial nerve disease","0"
"Anal Canal Neuroendocrine Neoplasm[SEP][CLS]rectum sarcoma","0"
"Papillary Adenofibroma[SEP][CLS]adenofibroma","1"
"Deep Hemangioma[SEP][CLS]ovarian primitive germ cell tumor","0"
"Pinguecula[SEP][CLS]gastric diffuse adenocarcinoma","0"
"Malignant Oropharyngeal Neoplasm[SEP][CLS]pharynx cancer","1"
"Chronic Hepatitis[SEP][CLS]extrahepatic bile duct adenocarcinoma","0"
"Angiolipoma[SEP][CLS]cell type benign neoplasm","0"
"Breast Myoepithelial Tumor[SEP][CLS]hyperglycemia","0"
"Extrahepatic Bile Duct Clear Cell Adenocarcinoma[SEP][CLS]kidney disease","0"
"Divergent Strabismus[SEP][CLS]hemangiopericytoma","0"
"Placental Site Trophoblastic Tumor[SEP][CLS]kidney benign neoplasm","0"
"Intussusception[SEP][CLS]glomus tumor","0"
"Cervical Adenomyoma[SEP][CLS]skin squamous cell carcinoma","0"
"Language Disorder[SEP][CLS]perineurioma","0"
"Sphenocavernous Meningioma[SEP][CLS]malignant melanocytic neoplasm of the peripheral nerve sheath","0"
"Anal Paget Disease[SEP][CLS]urinary bladder cancer","0"
"Mixed Mineral Dust Pneumoconiosis[SEP][CLS]intrahepatic cholangiocarcinoma","0"
"Undifferentiated High Grade Pleomorphic Sarcoma of Bone[SEP][CLS]cecal disease","0"
"Vulvar Eccrine Adenocarcinoma[SEP][CLS]orbital disease","0"
"Idiopathic Granulomatous Myositis[SEP][CLS]thrombocytopenia","0"
"Pituitary Gland Hypoplasia[SEP][CLS]pituitary gland disease","1"
"C3 Deficiency[SEP][CLS]complement deficiency","1"
"Testicular Seminoma, Pseudoglandular Variant[SEP][CLS]hypohidrosis","0"
"Malignant Buccal Mucosa Neoplasm[SEP][CLS]oral cavity cancer","1"
"Childhood Supratentorial Embryonal Tumor with Multilayered Rosettes, C19MC-Altered[SEP][CLS]fasciitis","0"
"Tracheal Stenosis[SEP][CLS]tracheal disease","1"
"Scleredema Adultorum[SEP][CLS]thyroiditis","0"
"Sturge-Weber Syndrome[SEP][CLS]carbohydrate metabolic disorder","0"
"Hairy Cell Leukemia[SEP][CLS]skull base meningioma","0"
"Hemoglobin D Disease[SEP][CLS]cranial nerve palsy","0"
"Radiation Cystitis[SEP][CLS]cystitis","1"
"Primary Hyperparathyroidism[SEP][CLS]carcinoma","0"
"Pancreatic Mucinous Cystadenocarcinoma[SEP][CLS]intestinal disease","0"
"Apocrine Adenoma[SEP][CLS]pericardium disease","0"
"Borrelia Burgdorferi Infection[SEP][CLS]vulva cancer","0"
"Penile Papillary Carcinoma[SEP][CLS]vulvar disease","0"
"Refsum Disease[SEP][CLS]lipid metabolism disorder","1"
"Nodular Hidradenoma[SEP][CLS]basal cell carcinoma","0"
"Balloon Cell Melanoma[SEP][CLS]skin melanoma","1"
"Mikulicz Disease[SEP][CLS]teeth hard tissue disease","0"
"Testicular Atrophy[SEP][CLS]testicular disease","1"
"Nesidioblastosis[SEP][CLS]hypoglycemia","1"
"Eclampsia[SEP][CLS]basal cell carcinoma","0"
"Subvalvular Aortic Stenosis[SEP][CLS]aortic valve stenosis","1"
"Esophageal Verrucous Carcinoma[SEP][CLS]esophagus adenocarcinoma","0"
"Intramuscular Lipoma[SEP][CLS]meningioma","0"
"Subareolar Duct Papillomatosis[SEP][CLS]syndrome","0"
"Proliferative Fasciitis[SEP][CLS]fasciitis","1"
"Peroneal Nerve Paralysis[SEP][CLS]peripheral nervous system disease","1"
"Ovarian Rhabdomyosarcoma[SEP][CLS]endometrial adenocarcinoma","0"
"Ampulla of Vater Signet Ring Cell Carcinoma[SEP][CLS]vasculitis","0"
"Minimally Invasive Lung Adenocarcinoma[SEP][CLS]bile duct carcinoma","0"
"Accessory Nerve Disorder[SEP][CLS]sex cord-gonadal stromal tumor","0"
"Malignant Breast Spiradenoma[SEP][CLS]anemia","0"
"Vulvar Sarcoma[SEP][CLS]acute porphyria","0"
"Neuroendocrine Carcinoma[SEP][CLS]phlebitis","0"
"Mature B-Cell Neoplasm[SEP][CLS]lymphadenitis","0"
"Malignant Neoplasm of Lower Jaw Bone[SEP][CLS]leiomyosarcoma","0"
"Encephalomalacia[SEP][CLS]autoimmune disease of peripheral nervous system","0"
"Vaginal Leiomyosarcoma[SEP][CLS]cerebral convexity meningioma","0"
"N1 Diffuse Large B-Cell Lymphoma[SEP][CLS]amino acid metabolic disorder","0"
"Contact Dermatitis[SEP][CLS]hemangiopericytoma","0"
"Dental Agenesis[SEP][CLS]small intestine benign neoplasm","0"
"Childhood Visual Pathway Glioma[SEP][CLS]physical disorder","0"
"Myxoid Liposarcoma[SEP][CLS]eye disease","0"
"Agnosia[SEP][CLS]central nervous system cancer","0"
"Angular Cheilitis[SEP][CLS]central nervous system embryonal tumor","0"
"Pancreatoblastoma[SEP][CLS]pancreatic carcinoma","1"
"Chronic Obstructive Pulmonary Disease[SEP][CLS]endocrine system disease","0"
"Adult Central Nervous System Embryonal Carcinoma[SEP][CLS]acute myeloid leukemia","0"
"Medulloblastoma, Non-WNT/Non-SHH[SEP][CLS]acute kidney failure","0"
"Lymphocytic Thyroiditis[SEP][CLS]parasitic protozoa infectious disease","0"
"Corticotroph Pituitary Neuroendocrine Tumor[SEP][CLS]progressive myoclonus epilepsy","0"
"Dental Fluorosis[SEP][CLS]tooth disease","1"
"Pyruvate Dehydrogenase Deficiency[SEP][CLS]disease of mental health","0"
"Ectodermal Dysplasia[SEP][CLS]meningioma","0"
"Immune Complex Glomerulonephritis[SEP][CLS]osteosarcoma","0"
"Metanephric Adenoma[SEP][CLS]splenic manifestation of leukemia","0"
"Chronic Leukemia[SEP][CLS]upper respiratory tract disease","0"
"Benign Teratoma[SEP][CLS]corneal edema","0"
"Granulocytic Sarcoma[SEP][CLS]tic disorder","0"
"Cardiac Sarcoma[SEP][CLS]extrinsic allergic alveolitis","0"
"Developmental Coordination Disorder[SEP][CLS]biliary tract benign neoplasm","0"
"Spina Bifida[SEP][CLS]spinal cord primitive neuroectodermal neoplasm","0"
"Mesenchymal Chondrosarcoma[SEP][CLS]myocardial infarction","0"
"Cardiac Fibrosarcoma[SEP][CLS]syndrome","0"
"Childhood Brain Germinoma[SEP][CLS]kidney disease","0"
"Skin Undifferentiated Pleomorphic Sarcoma[SEP][CLS]female reproductive system disease","0"
"Adult Cystic Nephroma[SEP][CLS]nephroma","1"
"Petroclival Meningioma[SEP][CLS]breast benign neoplasm","0"
"Vulvar Eccrine Adenocarcinoma[SEP][CLS]male urethral cancer","0"
"Multicentric Reticulohistiocytosis[SEP][CLS]histone mutated tumor","0"
"Ovarian Wilms Tumor[SEP][CLS]hematopoietic system disease","0"
"Medullomyoblastoma[SEP][CLS]medulloblastoma","1"
"Diabetic Ketoacidosis[SEP][CLS]plasmacytoma","0"
"Oligoastrocytoma[SEP][CLS]extrahepatic bile duct adenoma","0"
"Cervical Disorder[SEP][CLS]Hodgkin's lymphoma","0"
"Prostate Angiosarcoma[SEP][CLS]focal epilepsy","0"
"Bone Liposarcoma[SEP][CLS]cerebral meningioma","0"
"Acromegaly[SEP][CLS]melanoma","0"
"Placental Choriocarcinoma[SEP][CLS]osteosarcoma","0"
"Laryngeal Disorder[SEP][CLS]specific developmental disorder","0"
"Squamous Cell Neoplasm[SEP][CLS]chromosomal duplication syndrome","0"
"Rhabdoid Tumor[SEP][CLS]acanthoma","0"
"Mediastinal Teratoma[SEP][CLS]eye disease","0"
"Freeman-Sheldon Syndrome[SEP][CLS]vulvar disease","0"
"Post-Streptococcal Glomerulonephritis[SEP][CLS]basal cell carcinoma","0"
"Parathyroid Gland Disorder[SEP][CLS]endocrine system disease","1"
"Cardiac Granular Cell Tumor[SEP][CLS]cavernous hemangioma","0"
"Medulloblastoma, Non-WNT/Non-SHH[SEP][CLS]medulloblastoma","1"
"Vulvar Syringoma[SEP][CLS]language disorder","0"
"Neuropathy[SEP][CLS]sweat gland disease","0"
"Cystic Teratoma[SEP][CLS]benign teratoma","1"
"Adult Central Nervous System Teratoma[SEP][CLS]pigmentation disease","0"
"Acute Myelomonocytic Leukemia[SEP][CLS]acute myeloid leukemia","1"
"Pancreatic Non-Invasive Mucinous Cystadenocarcinoma[SEP][CLS]medulloblastoma","0"
"Acute Cervicitis[SEP][CLS]small intestine benign neoplasm","0"
"Refractory Hematologic Malignancy[SEP][CLS]extrahepatic bile duct adenoma","0"
"Childhood Testicular Germ Cell Tumor[SEP][CLS]arteriosclerotic cardiovascular disease","0"
"Exhibitionism[SEP][CLS]chronic orbital inflammation","0"
"Dedifferentiated Chondrosarcoma[SEP][CLS]hemangioma","0"
"Mononeuritis Multiplex[SEP][CLS]mononeuritis of upper limb and mononeuritis multiplex","1"
"Spinal Muscular Atrophy Type 3[SEP][CLS]childhood spinal muscular atrophy","1"
"Refsum Disease[SEP][CLS]maxillary sinus benign neoplasm","0"
"Pyosalpinx[SEP][CLS]salpingitis","1"
"Anterior Urethral Malignant Neoplasm[SEP][CLS]nosophobia","0"
"Anemia[SEP][CLS]spinal canal and spinal cord meningioma","0"
"Duodenal Obstruction[SEP][CLS]sarcoma","0"
"Hymenolepiasis[SEP][CLS]uterine ligament cancer","0"
"Malignant Mediastinal Hemangiopericytoma[SEP][CLS]optic nerve astrocytoma","0"
"Immunodeficiency[SEP][CLS]glomerulonephritis","0"
"Metachromatic Leukodystrophy[SEP][CLS]hypersensitivity reaction type III disease","0"
"Anal Mucinous Adenocarcinoma[SEP][CLS]anus adenocarcinoma","1"
"Adult Central Nervous System Embryonal Tumor, Not Otherwise Specified[SEP][CLS]central nervous system embryonal tumor","1"
"Impulse-Control Disorder[SEP][CLS]disease of mental health","1"
"Conventional Angiosarcoma[SEP][CLS]angiosarcoma","1"
"Chronic Metabolic Polyneuropathy[SEP][CLS]keratitis","0"
"Acute Intestinal Ischemia[SEP][CLS]cardiovascular organ benign neoplasm","0"
"Thrombocytosis[SEP][CLS]blood platelet disease","1"
"Comedo-Type Adenocarcinoma[SEP][CLS]neuropathy","0"
"Childhood Yolk Sac Tumor[SEP][CLS]endodermal sinus tumor","1"
"Central Nervous System Embryonal Tumor, Not Otherwise Specified[SEP][CLS]pneumoconiosis","0"
"Bacillary Angiomatosis[SEP][CLS]stomach cancer","0"
"Hyperostosis[SEP][CLS]chronic cystitis","0"
"Gastrin-Producing Neuroendocrine Tumor[SEP][CLS]respiratory failure","0"
"Protozoal Infection[SEP][CLS]cerebral convexity meningioma","0"
"Gastrointestinal Stromal Tumor[SEP][CLS]cervix carcinoma","0"
"Endocardial Fibroelastosis[SEP][CLS]pigmentation disease","0"
"Intradural Extramedullary Cauda Equina Astrocytoma[SEP][CLS]papillary adenocarcinoma","0"
"Childhood Intraocular Retinoblastoma[SEP][CLS]type 2 diabetes mellitus","0"
"Epididymal Neoplasm[SEP][CLS]neurofibroma","0"
"Acute Erythroid Leukemia[SEP][CLS]acanthoma","0"
"Dyslexia[SEP][CLS]disorder of sexual development","0"
"Diffuse Astrocytoma, MYBL1-Altered[SEP][CLS]malignant exocrine pancreas neoplasm","0"
"Angular Cheilitis[SEP][CLS]female reproductive system disease","0"
"Iritis[SEP][CLS]kidney disease","0"
"Polycythemia Vera[SEP][CLS]myeloproliferative neoplasm","1"
"Acute Respiratory Failure[SEP][CLS]sleep apnea","0"
"Vulvar Basaloid Carcinoma[SEP][CLS]meningioma","0"
"Gastric Liposarcoma[SEP][CLS]endocrine pancreas disease","0"
"Pancreatic Serous Cystadenocarcinoma[SEP][CLS]viral infectious disease","0"
"Dissociative Identity Disorder[SEP][CLS]conjunctival degeneration","0"
"Anal Basaloid Carcinoma[SEP][CLS]nasopharyngeal disease","0"
"Charcot-Marie-Tooth Disease[SEP][CLS]meningioma","0"
"Encephalomyelitis[SEP][CLS]autosomal dominant cerebellar ataxia","0"
"Skin Adamantinoid Basal Cell Carcinoma[SEP][CLS]malignant mesothelioma","0"
"Hepatobiliary Disorder[SEP][CLS]gastrointestinal system disease","1"
"Renal Failure[SEP][CLS]anxiety disorder","0"
"Amenorrhea[SEP][CLS]acquired metabolic disease","0"
"Gastric Tubular Adenocarcinoma[SEP][CLS]cervical adenitis","0"
"Dissociative Identity Disorder[SEP][CLS]acute myeloid leukemia","0"
"Malignant Testicular Germ Cell Tumor[SEP][CLS]bone cancer","0"
"Breast Rhabdomyosarcoma[SEP][CLS]follicular adenoma","0"
"Hunter Syndrome[SEP][CLS]pilocytic astrocytoma","0"
"Mucin-Producing Intrahepatic Cholangiocarcinoma[SEP][CLS]small intestine benign neoplasm","0"
"Lateral Wall of the Bladder[SEP][CLS]cornea cancer","0"
"Vaginal Leiomyosarcoma[SEP][CLS]cranial nerve disease","0"
"Bile Duct Mucinous Cystic Neoplasm with an Associated Invasive Carcinoma[SEP][CLS]pituitary adenoma","0"
"Microsporidiosis[SEP][CLS]breast carcinoma","0"
"Glanzmann Thrombasthenia[SEP][CLS]renal hypertension","0"
"Ovarian Sex Cord-Stromal Tumor[SEP][CLS]pancreas disease","0"
"Vitamin K Deficiency[SEP][CLS]malignant mesenchymoma","0"
"Breast Adenosis[SEP][CLS]language disorder","0"
"Protein Energy Malnutrition[SEP][CLS]basal cell carcinoma","0"
"Gallbladder Obstruction[SEP][CLS]motor neuron disease","0"
"Benign Pericytic Neoplasm[SEP][CLS]brain glioma","0"
"Adrenal Gland Disorder[SEP][CLS]cervicitis","0"
"Ovarian Carcinosarcoma[SEP][CLS]extraocular retinoblastoma","0"
"Neuronitis[SEP][CLS]dilated cardiomyopathy","0"
"Posterior Urethral Malignant Neoplasm[SEP][CLS]dermatitis","0"
"Tanycytic Ependymoma[SEP][CLS]vaginal cancer","0"
"Pseudogout[SEP][CLS]GM2 gangliosidosis","0"
"Childhood Kidney Angiomyolipoma[SEP][CLS]ampulla of Vater adenocarcinoma","0"
"46,XY Gonadal Dysgenesis[SEP][CLS]pigmentation disease","0"
"Papillary Squamous Cell Carcinoma[SEP][CLS]diffuse large B-cell lymphoma","0"
"Cerebral Hemangioma[SEP][CLS]lung disease","0"
"Falciparum Malaria[SEP][CLS]carbohydrate metabolic disorder","0"
"Aleukemic Monocytic Leukemia Cutis[SEP][CLS]aleukemic leukemia cutis","1"
"Ataxia Telangiectasia Syndrome[SEP][CLS]hypothyroidism","0"
"Intestinal Perforation[SEP][CLS]hepatocellular carcinoma","0"
"Sphingolipidosis[SEP][CLS]nephrolithiasis","0"
"Intracranial Hypertension[SEP][CLS]breast metaplastic carcinoma","0"
"Brain Extraskeletal Myxoid Chondrosarcoma[SEP][CLS]thyroid gland disease","0"
"Encapsulated Thymoma[SEP][CLS]penis verrucous carcinoma","0"
"Evans Syndrome[SEP][CLS]movement disease","0"
"Cutaneous Granular Cell Tumor[SEP][CLS]myocarditis","0"
"Radiation Cystitis[SEP][CLS]hemoglobinopathy","0"
"Bone Paget Disease[SEP][CLS]thrombocytopenia","0"
"Psoriasis[SEP][CLS]psychotic disorder","0"
"Alastrim[SEP][CLS]hypothyroidism","0"
"Tracheal Adenoid Cystic Carcinoma[SEP][CLS]cerebrum cancer","0"
"Idiopathic Granulomatous Myositis[SEP][CLS]breast carcinoma","0"
"Childhood Kidney Neoplasm[SEP][CLS]nasal cavity carcinoma","0"
"Microcystic Meningioma[SEP][CLS]visceral heterotaxy","0"
"Benign Migratory Glossitis[SEP][CLS]mouth disease","0"
"Speech Disorder[SEP][CLS]cavernous hemangioma","0"
"Autonomic Nervous System Neoplasm[SEP][CLS]lung carcinoma","0"
"Junctional Epidermolysis Bullosa[SEP][CLS]bladder disease","0"
"Balanitis[SEP][CLS]cerebrum cancer","0"
"Glycine Encephalopathy[SEP][CLS]pancreatic adenocarcinoma","0"
"Obstructive Sleep Apnea[SEP][CLS]bilirubin metabolic disorder","0"
"Testicular Yolk Sac Tumor, Microcystic Pattern[SEP][CLS]angiosarcoma","0"
"Essential Hypertension[SEP][CLS]intestinal disease","0"
"Small Intestinal Sarcoma[SEP][CLS]ovarian carcinoma","0"
"Intradural Extramedullary Spinal Canal Neoplasm[SEP][CLS]meningioma","0"
"Extraskeletal Ewing Sarcoma[SEP][CLS]extraosseous Ewing sarcoma","1"
"Pleuropulmonary Blastoma[SEP][CLS]pulmonary blastoma","1"
"Lung Non-Squamous Non-Small Cell Carcinoma[SEP][CLS]benign vascular tumor","0"
"Liver Solitary Fibrous Tumor[SEP][CLS]bile duct carcinoma","0"
"Epithelioid Cell Melanoma[SEP][CLS]paranasal sinus benign neoplasm","0"
"Inflammatory Atypical Lipomatous Tumor/Well Differentiated Liposarcoma[SEP][CLS]cholestasis","0"
"Small Intestinal Sarcoma[SEP][CLS]tracheal disease","0"
"Ovarian Mixed Germ Cell Tumor[SEP][CLS]secondary hypertension","0"
"Central Pontine Myelinolysis[SEP][CLS]endocrine organ benign neoplasm","0"
"Oligodendroglioma[SEP][CLS]thyroiditis","0"
"Acute Hemorrhagic Leukoencephalitis[SEP][CLS]B-cell lymphoma","0"
"PEComa[SEP][CLS]skin squamous cell carcinoma","0"
"Ovarian Fetiform Teratoma[SEP][CLS]anaplastic oligodendroglioma","0"
"Uric Acid Urolithiasis[SEP][CLS]nephrolithiasis","1"
"Pancreatic Somatostatinoma[SEP][CLS]thymic carcinoma","0"
"Stomach Disorder[SEP][CLS]pancreatic adenocarcinoma","0"
"Dysembryoplastic Neuroepithelial Tumor[SEP][CLS]osteochondrodysplasia","0"
"Cervical Disorder[SEP][CLS]systemic mastocytosis","0"
"Hermaphrodite[SEP][CLS]ovarian cancer","0"
"Duane Syndrome[SEP][CLS]strabismus","1"
"Miliaria[SEP][CLS]reproductive organ cancer","0"
"Exostosis[SEP][CLS]aphasia","0"
"Prostate Acinar Mucinous Adenocarcinoma[SEP][CLS]prostate adenocarcinoma","1"
"Paraneoplastic Polyneuropathy[SEP][CLS]uterine disease","0"
"Mitral Valve Stenosis[SEP][CLS]aplastic anemia","0"
"Epicardial Neoplasm[SEP][CLS]breast benign neoplasm","0"
"Maternal Uniparental Disomy Chromosome 14 Syndrome[SEP][CLS]viral infectious disease","0"
"Posterolateral Myocardial Infarction by ECG Finding[SEP][CLS]chronic progressive external ophthalmoplegia","0"
"Gastrin-Producing Neuroendocrine Tumor[SEP][CLS]eccrine sweat gland neoplasm","0"
"Secondary Hyperparathyroidism[SEP][CLS]hyperparathyroidism","1"
"Aggressive Systemic Mastocytosis[SEP][CLS]neurodegenerative disease","0"
"Nevus of Ito[SEP][CLS]pineal gland cancer","0"
"Myocardial Infarction[SEP][CLS]cervical adenomyoma","0"
"Childhood Pilocytic Astrocytoma[SEP][CLS]communication disorder","0"
"Penile Verrucous Carcinoma[SEP][CLS]chondrosarcoma","0"
"Skin Fibroepithelial Basal Cell Carcinoma[SEP][CLS]parosteal osteosarcoma","0"
"Hyperuricemia[SEP][CLS]acquired metabolic disease","1"
"Mucinous Adenofibroma[SEP][CLS]pneumoconiosis","0"
"Twin-Twin Transfusion Syndrome[SEP][CLS]cervical adenocarcinoma","0"
"Tubular Adenocarcinoma[SEP][CLS]intestinal disease","0"
"Lung Papillary Adenocarcinoma[SEP][CLS]hemangioma","0"
"Pneumoconiosis[SEP][CLS]heart conduction disease","0"
"Early Gastric Cancer[SEP][CLS]osteochondrodysplasia","0"
"Chronic Fatigue Syndrome[SEP][CLS]liver sarcoma","0"
"Rectal Prolapse[SEP][CLS]rectal disease","1"
"Malignant Type A Thymoma[SEP][CLS]sarcomatoid carcinoma","0"
"Corneal Disorder[SEP][CLS]congenital nervous system abnormality","0"
"Kidney Oncocytoma[SEP][CLS]sebaceous gland neoplasm","0"
"Ventricular Septal Defect[SEP][CLS]follicular adenoma","0"
"Myotonic Dystrophy[SEP][CLS]diffuse large B-cell lymphoma","0"
"Pineal Region Yolk Sac Tumor[SEP][CLS]retinal disease","0"
"Apocrine Adenoma[SEP][CLS]pancreatic carcinoma","0"
"Pneumonia[SEP][CLS]plasma cell neoplasm","0"
"Melorheostosis[SEP][CLS]leiomyosarcoma","0"
"Non-Functioning Pituitary Neuroendocrine Tumor[SEP][CLS]kidney sarcoma","0"
"Inferolateral Myocardial Infarction by ECG Finding[SEP][CLS]lichen disease","0"
"Mature Ovarian Teratoma[SEP][CLS]ovarian biphasic or triphasic teratoma","1"
"Vulvar Non-Keratinizing Squamous Cell Carcinoma[SEP][CLS]intraocular retinoblastoma","0"
"Paranoid Personality Disorder[SEP][CLS]stomach cancer","0"
"Placenta Previa[SEP][CLS]bone sarcoma","0"
"B Lymphoblastic Leukemia/Lymphoma with Intrachromosomal Amplification of Chromosome 21[SEP][CLS]otitis media","0"
"Solid Pseudopapillary Carcinoma of the Pancreas[SEP][CLS]larynx cancer","0"
"Angiokeratoma of Mibelli[SEP][CLS]malignant peripheral nerve sheath tumor","0"
"Breast Oncocytic Carcinoma[SEP][CLS]hemangioma","0"
"Endometrioid Tumor[SEP][CLS]female reproductive organ cancer","1"
"Pleomorphic Carcinoma[SEP][CLS]acute orbital inflammation","0"
"Pleomorphic Liposarcoma[SEP][CLS]liposarcoma","1"
"Mediastinal Schwannoma[SEP][CLS]gastrointestinal system disease","0"
"Thyroid Gland Follicular Carcinoma[SEP][CLS]uterine body mixed cancer","0"
"Hypertensive Heart Disease[SEP][CLS]acute myeloid leukemia","0"
"Serous Surface Papilloma[SEP][CLS]lysosomal storage disease","0"
"MCD Diffuse Large B-Cell Lymphoma[SEP][CLS]ocular melanoma","0"
"Uterine Carcinosarcoma[SEP][CLS]uterine body mixed cancer","1"
"Hemophagocytic Lymphohistiocytosis[SEP][CLS]legionellosis","0"
"Inferolateral Myocardial Infarction by ECG Finding[SEP][CLS]myocardial infarction","1"
"Mucopolysaccharidosis[SEP][CLS]ovarian germ cell cancer","0"
"Achard Syndrome[SEP][CLS]syndrome","1"
"Ovarian Monodermal Teratoma[SEP][CLS]lymphoma","0"
"Adult Vaginal Botryoid-Type Embryonal Rhabdomyosarcoma[SEP][CLS]diencephalic neoplasm","0"
"B-Cell Non-Hodgkin Lymphoma[SEP][CLS]retinal degeneration","0"
"Malignant Ovarian Cyst[SEP][CLS]Goodpasture syndrome","0"
"Hypodiploid B Lymphoblastic Leukemia/Lymphoma[SEP][CLS]skin carcinoma","0"
"Childhood Botryoid-Type Embryonal Rhabdomyosarcoma[SEP][CLS]thyroid gland disease","0"
"Brain Liposarcoma[SEP][CLS]multiple myeloma","0"
"Meningeal Melanoma[SEP][CLS]malignant leptomeningeal neoplasm","1"
"Non Specific Chronic Endometritis[SEP][CLS]penis squamous cell carcinoma","0"
"Lacrimal Duct Obstruction[SEP][CLS]soft palate cancer","0"
"Giant Hypertrophic Gastritis[SEP][CLS]germ cell and embryonal cancer","0"
"Seborrheic Dermatitis[SEP][CLS]anterior cranial fossa meningioma","0"
"Cystadenocarcinoma[SEP][CLS]fallopian tube carcinoma","0"
"Macular Corneal Dystrophy[SEP][CLS]sleep apnea","0"
"Hypoglycemia[SEP][CLS]gastritis","0"
"Vasomotor Rhinitis[SEP][CLS]acrofacial dysostosis","0"
"Central Retinal Artery Occlusion[SEP][CLS]benign mesothelioma","0"
"Interstitial Cystitis[SEP][CLS]dysgerminoma","0"
"Multilocular Cystic Renal Neoplasm of Low Malignant Potential[SEP][CLS]color blindness","0"
"Spinal Cord Ependymoma, MYCN Amplified[SEP][CLS]carbohydrate metabolic disorder","0"
"Inflammatory Atypical Lipomatous Tumor/Well Differentiated Liposarcoma[SEP][CLS]hepatobiliary disease","0"
"Bruxism[SEP][CLS]myocardial infarction","0"
"Myopathy[SEP][CLS]stomach cancer","0"
"Bullous Keratopathy[SEP][CLS]breast cancer","0"
"Pleuropulmonary Blastoma[SEP][CLS]islet cell tumor","0"
"Serous Cystadenocarcinoma[SEP][CLS]primary bacterial infectious disease","0"
"Intravascular Nodular Fasciitis[SEP][CLS]liver sarcoma","0"
"Lymphocyte-Depleted Classic Hodgkin Lymphoma[SEP][CLS]ovarian germ cell cancer","0"
"Notochordal Tumor[SEP][CLS]duodenum cancer","0"
"Epidermolysis Bullosa Simplex[SEP][CLS]macrocytic anemia","0"
"Thrombophlebitis[SEP][CLS]lymphoma","0"
"Benign Mediastinal Schwannoma[SEP][CLS]female reproductive system disease","0"
"Breast Fibrocystic Change, Proliferative Type with Atypia[SEP][CLS]connective tissue cancer","0"
"Esophageal Small Cell Neuroendocrine Carcinoma[SEP][CLS]viral infectious disease","0"
"Adrenocortical Insufficiency[SEP][CLS]hereditary sensory neuropathy","0"
"Lichen Planus[SEP][CLS]osteochondrodysplasia","0"
"Metastatic Corticotroph Pituitary Neuroendocrine Tumor[SEP][CLS]arthropathy","0"
"African Trypanosomiasis[SEP][CLS]syndrome","0"
"Cervicocranial Syndrome[SEP][CLS]cerebral convexity meningioma","0"
"Gliosarcoma[SEP][CLS]retinal disease","0"
"Granular Cell Leiomyosarcoma[SEP][CLS]peripheral osteosarcoma","0"
"Malignant Tenosynovial Giant Cell Tumor[SEP][CLS]pleomorphic rhabdomyosarcoma","0"
"Aflatoxins-Related Hepatocellular Carcinoma[SEP][CLS]color blindness","0"
"Endemic Goiter[SEP][CLS]acute myeloid leukemia","0"
"External Ear Disorder[SEP][CLS]uremia","0"
"Diffuse Large B-Cell Lymphoma, Not Otherwise Specified[SEP][CLS]B-cell lymphoma","1"
"Intradural Extramedullary Spinal Canal Neoplasm[SEP][CLS]esophageal carcinoma","0"
"Epithelioid Mesothelioma[SEP][CLS]auditory system disease","0"
"Tanycytic Ependymoma[SEP][CLS]gastrointestinal system disease","0"
"Sertoli Cell-Only Syndrome[SEP][CLS]testicular malignant germ cell cancer","0"
"Fallopian Tube Clear Cell Adenocarcinoma[SEP][CLS]low grade glioma","0"
"Tubular Adenocarcinoma[SEP][CLS]central nervous system embryonal tumor","0"
"Endometrioid Stromal Sarcoma of the Cervix[SEP][CLS]rhabdoid meningioma","0"
"Peroxisomal Disorder[SEP][CLS]stomach carcinoma","0"
"Small Intestinal Neoplasm[SEP][CLS]childhood testicular mixed germ cell tumor","0"
"Breast Apocrine Adenoma[SEP][CLS]breast adenoma","1"
"Tetanus Neonatorum[SEP][CLS]gastrointestinal allergy","0"
"Mature Teratoma[SEP][CLS]acute megakaryocytic leukemia","0"
"Primary Carnitine Deficiency[SEP][CLS]impulse control disorder","0"
"Endophthalmitis[SEP][CLS]cytochrome-c oxidase deficiency disease","0"
"Adenosarcoma[SEP][CLS]peripheral nerve sheath neoplasm","0"
"Spindle Cell Squamous Cell Carcinoma[SEP][CLS]anal squamous cell carcinoma","0"
"Sebaceous Carcinoma[SEP][CLS]cholangitis","0"
"Primary Cutaneous T-Cell Non-Hodgkin Lymphoma[SEP][CLS]lung benign neoplasm","0"
"Breast Engorgement in Newborn[SEP][CLS]atherosclerosis","0"
"Noninvasive Malignant Thymoma[SEP][CLS]squamous cell carcinoma","0"
"Central Nervous System Leukemia[SEP][CLS]glucosephosphate dehydrogenase deficiency","0"
"Cervical Adenomyoma, Endocervical-Type[SEP][CLS]cervical adenomyoma","1"
"Vaginitis[SEP][CLS]liver sarcoma","0"
"Cerebritis[SEP][CLS]eye disease","0"
"Gastric Tubular Adenocarcinoma[SEP][CLS]oral cavity cancer","0"
"Paranoid Personality Disorder[SEP][CLS]rectum sarcoma","0"
"Hypopyon[SEP][CLS]malignant ovarian germ cell neoplasm","0"
"Childhood Kidney Neoplasm[SEP][CLS]pseudosarcomatous fibromatosis","0"
"Pleomorphic Xanthoastrocytoma[SEP][CLS]depressive disorder","0"
"Epidemic Keratoconjunctivitis[SEP][CLS]supratentorial ependymoma","0"
"Childhood Visual Pathway Astrocytoma[SEP][CLS]intestinal disease","0"
"Hepatoblastoma[SEP][CLS]male reproductive organ benign neoplasm","0"
"Adult Lymphoma[SEP][CLS]anaplastic astrocytoma","0"
"Urticaria Pigmentosa/Maculopapular Cutaneous Mastocytosis[SEP][CLS]vaginal benign neoplasm","0"
"Bladder Clear Cell Adenocarcinoma[SEP][CLS]female reproductive system disease","0"
"Teratoma[SEP][CLS]nasal cavity carcinoma","0"
"Wolf-Hirschhorn Syndrome[SEP][CLS]mixed glioma","0"
"Benign Pericytic Neoplasm[SEP][CLS]skin disease","0"
"Acute Respiratory Distress Syndrome[SEP][CLS]hemorrhagic disease","0"
"Acute Respiratory Distress Syndrome[SEP][CLS]chronic orbital inflammation","0"
"Liver Leiomyosarcoma[SEP][CLS]bladder adenocarcinoma","0"
"Adult Cystic Teratoma[SEP][CLS]kidney benign neoplasm","0"
"Eosinophilic Esophagitis[SEP][CLS]adult brain stem glioma","0"
"Epithelioid Malignant Peripheral Nerve Sheath Tumor[SEP][CLS]cervix carcinoma","0"
"Polycythemia[SEP][CLS]sexual health disorder","0"
"Dry Eye Syndrome[SEP][CLS]lacrimal apparatus disease","1"
"Selective IgG Immunodeficiency[SEP][CLS]disease by infectious agent","0"
"Nerve Root Neoplasm[SEP][CLS]gastrointestinal neuroendocrine benign tumor","0"
"Cholangitis[SEP][CLS]schizophrenia","0"
"Partial Retinal Arterial Occlusion[SEP][CLS]urea cycle disorder","0"
"Demyelinating Polyneuropathy[SEP][CLS]lung small cell carcinoma","0"
"Phenylketonuria[SEP][CLS]uterine ligament cancer","0"
"Leukodystrophy[SEP][CLS]inherited metabolic disorder","0"
"Cervical Small Cell Neuroendocrine Carcinoma[SEP][CLS]notochordal cancer","0"
"Ovarian Surface Papilloma[SEP][CLS]intestinal benign neoplasm","0"
"Megacolon[SEP][CLS]dermatitis","0"
"Intra-Abdominal Hemangioma[SEP][CLS]autosomal dominant distal hereditary motor neuronopathy","0"
"Hepatobiliary Neoplasm[SEP][CLS]pseudohypoparathyroidism","0"
"Invasive Bladder Microcystic Urothelial Carcinoma[SEP][CLS]basal cell carcinoma","0"
"Carotid Artery Dissection[SEP][CLS]acanthoma","0"
"Refractory Hematologic Malignancy[SEP][CLS]prostate adenocarcinoma","0"
"Post-Traumatic Stress Disorder[SEP][CLS]anxiety disorder","1"
"Malignant Neoplasm of Lower Jaw Bone[SEP][CLS]heart valve disease","0"
"Colon Kaposi Sarcoma[SEP][CLS]medulloblastoma","0"
"Extrahepatic Bile Duct Papillary Adenoma[SEP][CLS]keratitis","0"
"Type 2 Renal Papillary Adenoma[SEP][CLS]lysosomal acid lipase deficiency","0"
"Adenosarcoma[SEP][CLS]synovial sarcoma","0"
"Duodenitis[SEP][CLS]intestinal disease","1"
"Hypoglycemic Coma[SEP][CLS]breast disease","0"
"Trichinosis[SEP][CLS]yaws","0"
"Transitional Cell Papilloma[SEP][CLS]gastric adenocarcinoma","0"
"Adenocarcinoma In Situ[SEP][CLS]ovarian cystadenoma","0"
"Fallopian Tube Teratoma[SEP][CLS]thymus adenocarcinoma","0"
"Capgras Syndrome[SEP][CLS]meningioma","0"
"Bird Fancier's Lung[SEP][CLS]mature teratoma of the ovary","0"
"Lung Large Cell Carcinoma with Rhabdoid Phenotype[SEP][CLS]acute myeloid leukemia","0"
"Penile Papillary Carcinoma[SEP][CLS]cervical adenosquamous carcinoma","0"
"Aseptic Meningitis[SEP][CLS]lung adenocarcinoma","0"
"Small Intestinal VIP-Producing Neuroendocrine Tumor[SEP][CLS]small intestine cancer","1"
"Allergic Cutaneous Angiitis[SEP][CLS]epilepsy","0"
"Malignant Cutaneous Granular Cell Tumor[SEP][CLS]esophageal disease","0"
"Bronchiectasis[SEP][CLS]primary cutaneous T-cell non-Hodgkin lymphoma","0"
"Cervical Lymphoepithelioma-Like Carcinoma[SEP][CLS]neuropathy","0"
"Childhood Brain Germinoma[SEP][CLS]thymoma type B","0"
"Acute Myeloid Leukemia (Megakaryoblastic) with t(1;22)(p13.3;q13.1); RBM15-MKL1[SEP][CLS]lacrimal gland adenocarcinoma","0"
"Adult Meningeal Melanoma[SEP][CLS]gingival disease","0"
"Familial Polycythemia[SEP][CLS]laryngeal benign neoplasm","0"
"Thyroid Gland Anaplastic Carcinoma[SEP][CLS]glossopharyngeal nerve disease","0"
"Adult Central Nervous System Embryonal Carcinoma[SEP][CLS]brain infarction","0"
"Malignant Neoplasm of Lower Jaw Bone[SEP][CLS]syndrome","0"
"Aortitis[SEP][CLS]acquired polycythemia","0"
"Small Intestinal Neoplasm[SEP][CLS]eye disease","0"
"Granulomatous Colitis[SEP][CLS]inflammatory bowel disease","1"
"Chronic Maxillary Sinusitis[SEP][CLS]maxillary sinusitis","1"
"Childhood Testicular Mixed Germ Cell Tumor[SEP][CLS]prostate sarcoma","0"
"Diaphragmatic Eventration[SEP][CLS]benign giant cell tumor","0"
"Breast Sebaceous Carcinoma[SEP][CLS]muscular dystrophy","0"
"Toxoplasmosis[SEP][CLS]breast adenocarcinoma","0"
"Medullomyoblastoma[SEP][CLS]rhabdomyosarcoma","0"
"Encephalomyelitis[SEP][CLS]mucopolysaccharidosis","0"
"Testicular Atrophy[SEP][CLS]auditory system disease","0"
"Endocardial Fibroelastosis[SEP][CLS]female reproductive organ benign neoplasm","0"
"Palmoplantar Pustulosis[SEP][CLS]meningioma","0"
"Chronic Toxic Polyneuropathy[SEP][CLS]skin disease","0"
"Small Cell Osteosarcoma[SEP][CLS]pilocytic astrocytoma","0"
"Pancreatic Intraductal Papillary-Mucinous Neoplasm, High Grade[SEP][CLS]pancreatic intraductal papillary-colloid carcinoma","1"
"Squamous Papilloma[SEP][CLS]inflammatory and toxic neuropathy","0"
"Childhood Central Nervous System Choriocarcinoma[SEP][CLS]melanotic neurilemmoma","0"
"Arthritis[SEP][CLS]cervical mucinous adenocarcinoma","0"
"Gastric Liposarcoma[SEP][CLS]leiomyosarcoma","0"
"Divergent Strabismus[SEP][CLS]malignant ovarian surface epithelial-stromal neoplasm","0"
"Spinal Cord Neuroblastoma[SEP][CLS]cervix carcinoma","0"
"Lymphangitis[SEP][CLS]peritoneal carcinoma","0"
"Angle Closure Glaucoma[SEP][CLS]synovial sarcoma","0"
"Osteopetrosis[SEP][CLS]male reproductive organ benign neoplasm","0"
"Tetanus[SEP][CLS]peripheral nervous system neoplasm","0"
"Malignant Buccal Mucosa Neoplasm[SEP][CLS]thyroid gland papillary carcinoma","0"
"Testicular Seminoma, Cribriform Variant[SEP][CLS]breast adenoma","0"
"Progressive Myoclonus Epilepsy[SEP][CLS]congenital mesoblastic nephroma","0"
"Ankylosis[SEP][CLS]ampulla of Vater adenocarcinoma","0"
"Nodular Goiter[SEP][CLS]meningioma","0"
"Nasopharyngeal-Type Undifferentiated Carcinoma[SEP][CLS]gonadal dysgenesis","0"
"Vitreous Detachment[SEP][CLS]breast benign neoplasm","0"
"Mediastinitis[SEP][CLS]uterine disease","0"
"Eosinophilic Gastroenteritis[SEP][CLS]rete ovarii adenoma","0"
"Visual Epilepsy[SEP][CLS]yaws","0"
"Vaginal Mullerian Papilloma[SEP][CLS]viral gastritis","0"
"Leigh Disease[SEP][CLS]cytochrome-c oxidase deficiency disease","1"
"Pemphigus Vulgaris[SEP][CLS]congenital heart disease","0"
"Pyelonephritis[SEP][CLS]orbit rhabdomyosarcoma","0"
"B Lymphoblastic Leukemia/Lymphoma[SEP][CLS]B-cell acute lymphoblastic leukemia","1"
"Leigh Disease[SEP][CLS]angiolipoma","0"
"Bladder Small Cell Neuroendocrine Carcinoma[SEP][CLS]liposarcoma","0"
"Childhood Kidney Angiomyolipoma[SEP][CLS]parasitic helminthiasis infectious disease","0"
"Myxoid Leiomyosarcoma[SEP][CLS]anxiety disorder","0"
"Renal Pelvis Urothelial Papilloma[SEP][CLS]ethmoid sinusitis","0"
"Hereditary Hyperbilirubinemia[SEP][CLS]neurilemmoma","0"
"Anemia of Prematurity[SEP][CLS]parasitic helminthiasis infectious disease","0"
"Paroxysmal Nocturnal Hemoglobinuria[SEP][CLS]parasitic helminthiasis infectious disease","0"
"Proctitis[SEP][CLS]allergic conjunctivitis","0"
"Gastric Leiomyosarcoma[SEP][CLS]stomach cancer","1"
"Diabetic Retinopathy[SEP][CLS]lipid metabolism disorder","0"
"Intracranial Hemangioma[SEP][CLS]breast mucinous carcinoma","0"
"Single Episode of Major Depressive Disorder[SEP][CLS]esophageal disease","0"
"Anthrax[SEP][CLS]lipomatosis","0"
"Breast Mixed Epithelial/Mesenchymal Metaplastic Carcinoma[SEP][CLS]skin glomangioma","0"
"Hypoplastic Right Heart Syndrome[SEP][CLS]disease of cellular proliferation","0"
"Anal Mucinous Adenocarcinoma[SEP][CLS]choriocarcinoma of ovary","0"
"Mitral Valve Prolapse[SEP][CLS]leiomyoma","0"
"Protozoal Infection[SEP][CLS]basal cell carcinoma","0"
"Kleptomania[SEP][CLS]coronary artery disease","0"
"Ovarian Seromucinous Carcinoma[SEP][CLS]bladder disease","0"
"Mediastinal Melanotic Schwannoma[SEP][CLS]neurilemmoma","0"
"Urethral Verrucous Carcinoma[SEP][CLS]filariasis","0"
"Degenerative Disorder[SEP][CLS]germ cell and embryonal cancer","0"
"Malignant Mediastinal Hemangiopericytoma[SEP][CLS]hemangiopericytoma","1"
"Ciliary Body Disorder[SEP][CLS]iris disease","1"
"Ischemic Neuropathy[SEP][CLS]rete ovarii adenoma","0"
"Cervical Non-Keratinizing Squamous Cell Carcinoma[SEP][CLS]breast carcinoma","0"
"Gallbladder Small Cell Neuroendocrine Carcinoma[SEP][CLS]placenta disease","0"
"Cervical Mucinous Adenocarcinoma, Signet Ring Cell-Type[SEP][CLS]histiocytic and dendritic cell cancer","0"
"Jejunal Somatostatin-Producing Neuroendocrine Tumor[SEP][CLS]chronic orbital inflammation","0"
"Diabetic Retinopathy[SEP][CLS]retinal vascular disease","1"
"Macular Corneal Dystrophy[SEP][CLS]stromal dystrophy","1"
"Aflatoxins-Related Hepatocellular Carcinoma[SEP][CLS]skull base meningioma","0"
"Transvestic Fetishism[SEP][CLS]gastrointestinal system disease","0"
"Adult Embryonal Tumor with Multilayered Rosettes, C19MC-Altered[SEP][CLS]glottis squamous cell carcinoma","0"
"Argininosuccinic Aciduria[SEP][CLS]thymoma type B","0"
"Hymenolepiasis[SEP][CLS]cutaneous mycosis","0"
"Cryptogenic Organizing Pneumonia[SEP][CLS]breast duct papilloma","0"
"Sialic Acid Storage Disease[SEP][CLS]lysosomal storage disease","1"
"Chronic Atrophic Gastritis[SEP][CLS]gastritis","1"
"Primary Carnitine Deficiency[SEP][CLS]infective endocarditis","0"
"Mediastinal Psammomatous Schwannoma[SEP][CLS]lysosomal storage disease","0"
"Familial Hypertrophic Cardiomyopathy[SEP][CLS]mast cell neoplasm","0"
"Gastroesophageal Junction Adenocarcinoma[SEP][CLS]thyroid gland disease","0"
"Hypersensitivity[SEP][CLS]small intestine cancer","0"
"Rabies[SEP][CLS]non-proliferative fibrocystic change of the breast","0"
"Cystadenocarcinoma[SEP][CLS]contact dermatitis","0"
"Adult Cystic Teratoma[SEP][CLS]bladder urothelial carcinoma","0"
"Congo-Crimean Hemorrhagic Fever[SEP][CLS]female reproductive system disease","0"
"Ovarian Endometrioid Adenofibroma[SEP][CLS]ovarian benign neoplasm","1"
"Rectal Kaposi Sarcoma[SEP][CLS]meningioma","0"
"Childhood Liposarcoma[SEP][CLS]liposarcoma","1"
"Breast Intraductal Papillary Neoplasm[SEP][CLS]breast adenocarcinoma","0"
"Extrahepatic Bile Duct Embryonal Rhabdomyosarcoma[SEP][CLS]phobic disorder","0"
"Clear Cell Meningioma[SEP][CLS]testicular germ cell cancer","0"
"Tubular Adenocarcinoma[SEP][CLS]apocrine sweat gland neoplasm","0"
"Dracunculiasis[SEP][CLS]breast carcinoma","0"
"Primary Peritoneal Serous Papillary Adenocarcinoma[SEP][CLS]bone cancer","0"
"Skin Signet Ring Cell Basal Cell Carcinoma[SEP][CLS]extraosseous Ewing sarcoma","0"
"Leukorrhea[SEP][CLS]primary cutaneous T-cell non-Hodgkin lymphoma","0"
"Invasive Bladder Lymphoepithelioma-Like Carcinoma[SEP][CLS]eating disorder","0"
"Uterine Polyp[SEP][CLS]ulcerative stomatitis","0"
"Peripheral Motor Neuropathy[SEP][CLS]pituitary gland disease","0"
"Hidrocystoma[SEP][CLS]apocrine sweat gland neoplasm","1"
"Kidney Extraskeletal Osteosarcoma[SEP][CLS]diffuse large B-cell lymphoma","0"
"Situs Inversus[SEP][CLS]visceral heterotaxy","1"
"Tropical Sprue[SEP][CLS]bone resorption disease","0"
"Cauda Equina Neuroendocrine Tumor[SEP][CLS]lipoma","0"
"Hypoglossal Nerve Neoplasm[SEP][CLS]acute promyelocytic leukemia","0"
"Pancreatic Ductal Adenocarcinoma[SEP][CLS]thiamine deficiency disease","0"
"Diffuse Low Grade Glioma, MAPK Pathway-Altered[SEP][CLS]lipid storage disease","0"
"Maxillary Sinus Papilloma[SEP][CLS]maxillary sinus benign neoplasm","1"
"Telogen Effluvium[SEP][CLS]polyneuropathy","0"
"Capillary Leak Syndrome[SEP][CLS]mucinous cystadenocarcinoma of pancreas","0"
"Vaginal Yolk Sac Tumor[SEP][CLS]vaginal cancer","1"
"Ethmoid Sinus Adenoid Cystic Carcinoma[SEP][CLS]acute lymphoblastic leukemia","0"
"Malignant Labia Majora Neoplasm[SEP][CLS]viral infectious disease","0"
"Pulpitis[SEP][CLS]uveal disease","0"
"Porokeratosis[SEP][CLS]skin melanoma","0"
"Gastroparesis[SEP][CLS]islet cell tumor","0"
"Synchronous Multifocal Osteosarcoma[SEP][CLS]bile duct carcinoma","0"
"Hypogonadotropic Hypogonadism with Anosmia[SEP][CLS]breast carcinoma","0"
"Periventricular Leukomalacia[SEP][CLS]encephalomalacia","1"
"Malignant Broad Ligament Neoplasm[SEP][CLS]osteosarcoma","0"
"Rectal Rhabdomyosarcoma[SEP][CLS]inherited metabolic disorder","0"
"Vernal Conjunctivitis[SEP][CLS]gastrointestinal system cancer","0"
"Cardiac Sarcoidosis[SEP][CLS]chordoma","0"
"Stomach Disorder[SEP][CLS]chondrosarcoma","0"
"Adult Spinal Cord Ependymoma[SEP][CLS]neonatal jaundice","0"
"Adult Central Nervous System Embryonal Tumor, Not Otherwise Specified[SEP][CLS]chromosomal duplication syndrome","0"
"Achromatopsia[SEP][CLS]primary bacterial infectious disease","0"
"West Syndrome[SEP][CLS]acute conjunctivitis","0"
"Synovitis, Acne, Pustulosis, Hyperostosis, and Osteitis Syndrome[SEP][CLS]paranasal sinus cancer","0"
"Pharyngeal Neoplasm[SEP][CLS]hormone producing pituitary cancer","0"
"Ovarian Endometrioid Adenocarcinofibroma[SEP][CLS]thyroid gland carcinoma","0"
"Pyosalpinx[SEP][CLS]skin melanoma","0"
"Juvenile Myelomonocytic Leukemia[SEP][CLS]myelodysplastic/myeloproliferative neoplasm","1"
"Van der Woude Syndrome[SEP][CLS]corneal degeneration","0"
"Neuroleptic Malignant Syndrome[SEP][CLS]bladder benign neoplasm","0"
"Squamous Cell Carcinoma[SEP][CLS]carcinoma","1"
"Acute Myeloid Leukemia[SEP][CLS]foramen magnum meningioma","0"
"Skin Atrophy[SEP][CLS]gastrointestinal system benign neoplasm","0"
"Distal Muscular Dystrophy[SEP][CLS]muscular dystrophy","1"
"Breast Myoepithelial Tumor[SEP][CLS]brain disease","0"
"Intratubular Non-Seminoma[SEP][CLS]embryonal testis carcinoma","1"
"Pyosalpinx[SEP][CLS]bile duct cystadenoma","0"
"Choledochal Cyst[SEP][CLS]vagina sarcoma","0"
"Childhood Kidney Angiomyolipoma[SEP][CLS]kidney angiomyolipoma","1"
"Rectal Leiomyosarcoma[SEP][CLS]meningioma","0"
"Skin Tag[SEP][CLS]reactive cutaneous fibrous lesion","1"
"Mucin-Producing Intrahepatic Cholangiocarcinoma[SEP][CLS]paranasal sinus cancer","0"
"Phobia[SEP][CLS]spinal cancer","0"
"Diffuse Low Grade Glioma, MAPK Pathway-Altered[SEP][CLS]low grade glioma","1"
"Intraocular Retinoblastoma[SEP][CLS]ectodermal dysplasia","0"
"Liver Fibrosarcoma[SEP][CLS]acute erythroid leukemia","0"
"Rete Ovarii Adenocarcinoma[SEP][CLS]liver disease","0"
"Mixed Phenotype Acute Leukemia with BCR-ABL1 Fusion[SEP][CLS]uterine fibroid","0"
"Distal Hereditary Motor Neuronopathy Type I[SEP][CLS]autosomal dominant distal hereditary motor neuronopathy","1"
"Ovarian Wilms Tumor[SEP][CLS]vulvar benign neoplasm","0"
"Hydrocephalus[SEP][CLS]bronchial disease","0"
"Ovarian Rhabdomyosarcoma[SEP][CLS]pemphigoid","0"
"Platelet Disorder[SEP][CLS]nephroblastoma","0"
"Lumbar Intraspinal Meningioma[SEP][CLS]thymoma","0"
"Pancreatic Mucinous-Cystic Neoplasm[SEP][CLS]synovium cancer","0"
"Epidermolysis Bullosa[SEP][CLS]vesiculobullous skin disease","1"
"Colon Kaposi Sarcoma[SEP][CLS]liver cancer","0"
"Ovarian Mucinous Adenofibroma[SEP][CLS]sphenoid sinusitis","0"
"Malignant Rectosigmoid Neoplasm[SEP][CLS]adenoma","0"
"Intraventricular Brain Neoplasm[SEP][CLS]cervical cancer","0"
"Breast Myofibroblastoma[SEP][CLS]ovarian benign neoplasm","0"
"Hypogammaglobulinemia[SEP][CLS]endocrine organ benign neoplasm","0"
"Trichothiodystrophy[SEP][CLS]mouth disease","0"
"Membranous Glomerulonephritis[SEP][CLS]osteosarcoma","0"
"Lung Neuroendocrine Neoplasm[SEP][CLS]lung cancer","1"
"Granulomatous Hepatitis[SEP][CLS]iris disease","0"
"Uterine Polyp[SEP][CLS]childhood electroclinical syndrome","0"
"Asthma[SEP][CLS]low grade glioma","0"
"Middle Ear Disorder[SEP][CLS]cholangitis","0"
"Multicentric Castleman Disease[SEP][CLS]gastroesophageal adenocarcinoma","0"
"Acute Myocarditis[SEP][CLS]vulva squamous cell carcinoma","0"
"Embryonal Neoplasm[SEP][CLS]bilirubin metabolic disorder","0"
"Petit Mal Epilepsy[SEP][CLS]cholestasis","0"
"Osteitis Fibrosa Cystica[SEP][CLS]malignant peripheral nerve sheath tumor","0"
"Gliosarcoma[SEP][CLS]bone inflammation disease","0"
"Gonadal Dysgenesis[SEP][CLS]disorder of sexual development","1"
"Gnathostomiasis[SEP][CLS]parasitic helminthiasis infectious disease","1"
"Breast Pericanalicular Fibroadenoma[SEP][CLS]microglandular adenosis","0"
"Erythematosquamous Dermatosis[SEP][CLS]skin disease","1"
"Childhood Supratentorial Embryonal Tumor with Multilayered Rosettes, C19MC-Altered[SEP][CLS]hemoglobinuria","0"
"Hereditary Glomangioma[SEP][CLS]tertiary neurosyphilis","0"
"Malignant Cardiac Hemangiopericytoma[SEP][CLS]glomangioma","0"
"Proliferative Diabetic Retinopathy[SEP][CLS]dental pulp disease","0"
"Smooth Muscle Neoplasm[SEP][CLS]contact dermatitis","0"
"Hypopyon[SEP][CLS]adenoma","0"
"Syringoma[SEP][CLS]nutritional deficiency disease","0"
"Developmental Coordination Disorder[SEP][CLS]neural tube defect","0"
"Atypical Spitz Nevus[SEP][CLS]von Willebrand's disease","0"
"Status Epilepticus[SEP][CLS]personality disorder","0"
"Lacrimal Mucocele[SEP][CLS]chronic inflammation of lacrimal passage","1"
"Exostosis[SEP][CLS]syndrome","0"
"Burkitt Lymphoma[SEP][CLS]mature B-cell neoplasm","1"
"Thymic Small Cell Neuroendocrine Carcinoma[SEP][CLS]hemangioma","0"
"Dissociative Identity Disorder[SEP][CLS]carotid artery disease","0"
"Malignancy in Giant Cell Tumor of Bone[SEP][CLS]myositis","0"
"Acrocephalosyndactyly[SEP][CLS]adrenal gland disease","0"
"Lipoatrophic Diabetes Mellitus[SEP][CLS]esophageal disease","0"
"Childhood Testicular Germ Cell Tumor[SEP][CLS]breast fibroadenoma","0"
"Breast Intraductal Myoepitheliosis[SEP][CLS]upper respiratory tract disease","0"
"Brain Stem Intraparenchymal Clear Cell Meningioma[SEP][CLS]clear cell meningioma","1"
"Salpingitis Isthmica Nodosa[SEP][CLS]connective tissue cancer","0"
"Vulvovaginitis[SEP][CLS]chromosomal deletion syndrome","0"
"Childhood Testicular Embryonal Carcinoma[SEP][CLS]cervicitis","0"
"Intracranial Hypertension[SEP][CLS]neurilemmoma","0"
"Acute Erythroid Leukemia[SEP][CLS]acute myeloid leukemia","1"
"Breast Periductal Myoepitheliosis[SEP][CLS]panuveitis","0"
"Cholestasis[SEP][CLS]bone benign neoplasm","0"
"Gastric Teratoma[SEP][CLS]brain sarcoma","0"
"Malignant Uvula Neoplasm[SEP][CLS]ovary adenocarcinoma","0"
"Prostate Rhabdomyosarcoma[SEP][CLS]perivascular tumor","0"
"Nutritional Disorder[SEP][CLS]personality disorder","0"
"Submucosal Invasive Colon Adenocarcinoma[SEP][CLS]brain cancer","0"
"MCD Diffuse Large B-Cell Lymphoma[SEP][CLS]stomach cancer","0"
"High Grade B-Cell Lymphoma with MYC and BCL2 or BCL6 Rearrangements[SEP][CLS]angiosarcoma","0"
"Neonatal Jaundice[SEP][CLS]central nervous system lipoma","0"
"Testicular Infarction[SEP][CLS]beta thalassemia","0"
"Testicular Seminoma, Pseudoglandular Variant[SEP][CLS]vulvar benign neoplasm","0"
"Acute Necrotizing Encephalitis[SEP][CLS]syndactyly","0"
"Pinguecula[SEP][CLS]ovarian germ cell teratoma","0"
"Intestinal Volvulus[SEP][CLS]pneumoconiosis","0"
"Esophagitis[SEP][CLS]blepharitis","0"
"Thrombocytosis[SEP][CLS]carcinoma","0"
"Squamous Papilloma[SEP][CLS]myocarditis","0"
"Leiomyoma[SEP][CLS]malignant pineal area germ cell neoplasm","0"
"Generalized Epilepsy[SEP][CLS]lymphatic system disease","0"
"Ureterolithiasis[SEP][CLS]acute erythroid leukemia","0"
"Lung Adenoid Cystic Carcinoma[SEP][CLS]lung adenocarcinoma","0"
"GM2-Gangliosidosis, AB Variant[SEP][CLS]meningioma","0"
"Embryonal Tumor with Multilayered Rosettes[SEP][CLS]cranial nerve malignant neoplasm","0"
"Solitary Breast Cyst[SEP][CLS]dermatomyositis","0"
"Beckwith-Wiedemann Syndrome[SEP][CLS]non-Hodgkin lymphoma","0"
"Osteogenesis Imperfecta[SEP][CLS]retroperitoneal sarcoma","0"
"Acquired Keratoderma[SEP][CLS]supratentorial ependymoma","0"
"Blastomycosis[SEP][CLS]primary bacterial infectious disease","0"
"Colon Neuroendocrine Neoplasm[SEP][CLS]cervical benign neoplasm","0"
"Cervical Symmetrical Lipomatosis[SEP][CLS]non-Hodgkin lymphoma","0"
"Stomach Disorder[SEP][CLS]cranial nerve malignant neoplasm","0"
"Angioma Serpiginosum[SEP][CLS]breast mucinous carcinoma","0"
"Pulmonary Hypertension[SEP][CLS]auditory system disease","0"
"Childhood Dermatomyositis[SEP][CLS]heart septal defect","0"
"Pituitary Gland Hypoplasia[SEP][CLS]mixed cell type cancer","0"
"Diaphragmatic Eventration[SEP][CLS]glomerulonephritis","0"
"Ebstein Anomaly[SEP][CLS]bone development disease","0"
"Spinal Multifocal Clear Cell Meningioma[SEP][CLS]testicular yolk sac tumor","0"
"Tooth and Nail Syndrome[SEP][CLS]multiple system atrophy","0"
"Giant Hypertrophic Gastritis[SEP][CLS]gastritis","1"
"Adult Brain Stem Mixed Glioma[SEP][CLS]hypolipoproteinemia","0"
"Thyroid Gland Papillary Carcinoma[SEP][CLS]differentiated thyroid gland carcinoma","1"
"Leri-Weill Dyschondrosteosis[SEP][CLS]intestinal benign neoplasm","0"
"Uterine Corpus Epithelioid Leiomyoma[SEP][CLS]uterine fibroid","1"
"Cryptococcosis[SEP][CLS]nasal cavity carcinoma","0"
"Laryngeal Neuroendocrine Neoplasm[SEP][CLS]intestinal benign neoplasm","0"
"Fibrillary Astrocytoma[SEP][CLS]larynx cancer","0"
"Nodular Fasciitis[SEP][CLS]cranial nerve malignant neoplasm","0"
"Idiopathic CD4-Positive T-Lymphocytopenia[SEP][CLS]central nervous system lipoma","0"
"Breast Mixed Epithelial/Mesenchymal Metaplastic Carcinoma[SEP][CLS]oral cavity cancer","0"
"Ovarian Clear Cell Cystadenocarcinoma[SEP][CLS]pancreatic intraductal papillary-colloid carcinoma","0"
"Cerebral Infarction[SEP][CLS]skin disease","0"
"Solitary Reticulohistiocytoma[SEP][CLS]endometrial adenocarcinoma","0"
"Childhood Central Nervous System Germ Cell Tumor[SEP][CLS]breast cancer","0"
"Gallbladder Mucinous Adenocarcinoma[SEP][CLS]lipid metabolism disorder","0"
"Cerebral Sarcoidosis[SEP][CLS]lysosomal acid lipase deficiency","0"
"Metastatic Carotid Body Paraganglioma[SEP][CLS]brain stem glioma","0"
"Conjunctival Vascular Disorder[SEP][CLS]focal dystonia","0"
"Neuropathy, Hereditary Sensory and Autonomic, Type I[SEP][CLS]hereditary sensory neuropathy","1"
"Vulvar Sebaceous Carcinoma[SEP][CLS]dementia","0"
"Breast Giant Fibroadenoma[SEP][CLS]lymphadenitis","0"
"Osteopoikilosis[SEP][CLS]IDH-mutant anaplastic astrocytoma","0"
"Breast Apocrine Adenosis[SEP][CLS]gonadal disease","0"
"Cauda Equina Neoplasm[SEP][CLS]lung disease","0"
"Vulvar Trichoepithelioma[SEP][CLS]blood coagulation disease","0"
"Spindle Cell Melanoma[SEP][CLS]atrial heart septal defect","0"
"Uterine Corpus Myxoid Leiomyosarcoma[SEP][CLS]papilloma","0"
"Anterior Uveitis[SEP][CLS]brain disease","0"
"Glycogen Storage Disease Type I[SEP][CLS]ovarian disease","0"
"Giant Hemangioma[SEP][CLS]hypertension","0"
"Uterine Corpus Apoplectic Leiomyoma[SEP][CLS]ocular melanoma","0"
"Cranial Nodular Fasciitis[SEP][CLS]fallopian tube adenocarcinoma","0"
"Refractory Malignant Testicular Germ Cell Tumor[SEP][CLS]amino acid metabolic disorder","0"
"Astroblastoma, MN1-Altered[SEP][CLS]malignant astrocytoma","1"
"Chalazion[SEP][CLS]visual cortex disease","0"
"Vulvar Paget Disease[SEP][CLS]restrictive cardiomyopathy","0"
"Omphalocele[SEP][CLS]ovary adenocarcinoma","0"
"Necrotizing Fasciitis[SEP][CLS]aortic aneurysm","0"
"Brain Stem Astrocytoma[SEP][CLS]central nervous system benign neoplasm","0"
"Brain Extraskeletal Myxoid Chondrosarcoma[SEP][CLS]brain disease","0"
"Diffuse Cutaneous Mastocytosis[SEP][CLS]retinal disease","0"
"Endometrioid Stromal Sarcoma of the Cervix[SEP][CLS]spinal canal and spinal cord meningioma","0"
"Ectopia Lentis[SEP][CLS]intestinal cancer","0"
"Malignant Jejunal Neoplasm[SEP][CLS]vulvar benign neoplasm","0"
"Hypoglossal Nerve Neoplasm[SEP][CLS]cystic teratoma","0"
"Alastrim[SEP][CLS]glioblastoma","0"
"Testicular Yolk Sac Tumor[SEP][CLS]central nervous system germ cell tumor","0"
"Vulvar Paget Disease[SEP][CLS]breast benign neoplasm","0"
"Upper Clivus Meningioma[SEP][CLS]vascular disease","0"
"Serous Surface Papilloma[SEP][CLS]cerebellar astrocytoma","0"
"Cranial Nerve Palsy[SEP][CLS]cranial nerve disease","1"
"Diabetic Ketoacidosis[SEP][CLS]anemia","0"
"Argininemia[SEP][CLS]sweat gland benign neoplasm","0"
"Childhood Parosteal Osteosarcoma[SEP][CLS]hydrocephalus","0"
"Thymoma Type B[SEP][CLS]cholecystitis","0"
"Gynecomastia[SEP][CLS]mitral valve disease","0"
"Adult Extraskeletal Myxoid Chondrosarcoma[SEP][CLS]cervix endometrial stromal tumor","0"
"Meningothelial Cell Neoplasm[SEP][CLS]ureter transitional cell carcinoma","0"
"Acute Myeloid Leukemia with KMT2A Rearrangement[SEP][CLS]skin disease","0"
"Gingival Polyp[SEP][CLS]sinoatrial node disease","0"
"Dyschromatosis Symmetrica Hereditaria[SEP][CLS]aortic valve stenosis","0"
"Prostate Angiosarcoma[SEP][CLS]intrinsic cardiomyopathy","0"
"IgA Nephropathy[SEP][CLS]clivus meningioma","0"
"Pilomyxoid Astrocytoma[SEP][CLS]pilocytic astrocytoma","1"
"Serous Surface Papilloma[SEP][CLS]malignant astrocytoma","0"
"Breast Myofibroblastoma[SEP][CLS]gastric adenocarcinoma","0"
"Ampulla of Vater Clear Cell Adenocarcinoma[SEP][CLS]mucopolysaccharidosis","0"
"Clivus Chordoma[SEP][CLS]ischemic bone disease","0"
"Noninvasive Malignant Thymoma[SEP][CLS]rhinitis","0"
"Vulvar Squamous Papillomatosis[SEP][CLS]malaria","0"
"Pituitary Gland Infarction[SEP][CLS]skin carcinoma","0"
"Thyroiditis[SEP][CLS]disease of anatomical entity","0"
"Hartnup Disease[SEP][CLS]salpingitis","0"
"Juvenile Pilocytic Astrocytoma[SEP][CLS]breast carcinoma","0"
"Adamantinoma[SEP][CLS]primary bacterial infectious disease","0"
"Vaginal Squamous Papilloma[SEP][CLS]eye disease","0"
"Synchronous Multifocal Osteosarcoma[SEP][CLS]central nervous system benign neoplasm","0"
"Lung Papillary Adenocarcinoma[SEP][CLS]psychotic disorder","0"
"Breast Squamous Cell Carcinoma, Large Cell Keratinizing Variant[SEP][CLS]cerebellar astrocytoma","0"
"Galloway-Mowat Syndrome[SEP][CLS]hyperparathyroidism","0"
"Papillary Adenocarcinoma[SEP][CLS]diverticulitis","0"
"Angiomatous Meningioma[SEP][CLS]suppurative otitis media","0"
"Cardiac Neurofibroma[SEP][CLS]blindness","0"
"Postencephalitic Parkinsonism[SEP][CLS]skin benign neoplasm","0"
"Rheumatic Fever[SEP][CLS]lice infestation","0"
"Childhood Brain Stem Astrocytoma[SEP][CLS]heart conduction disease","0"
"Ectopia Lentis[SEP][CLS]benign mediastinal neurilemmoma","0"
"Pericholangitis[SEP][CLS]sweat gland benign neoplasm","0"
"Angiokeratoma Circumscriptum[SEP][CLS]gastroenteritis","0"
"Acute Chest Syndrome[SEP][CLS]lupus erythematosus","0"
"Nipple Neoplasm[SEP][CLS]encephalitis","0"
"Stevens-Johnson Syndrome[SEP][CLS]frontal sinus benign neoplasm","0"
"Breast Mucoepidermoid Carcinoma[SEP][CLS]kidney benign neoplasm","0"
"Periosteal Chondrosarcoma[SEP][CLS]spinal cancer","0"
"Mixed Embryonal Carcinoma and Teratoma[SEP][CLS]myeloid and lymphoid neoplasms with eosinophilia and abnormalities of PDGFRA, PDGFRB, and FGFR1","0"
"Testicular Yolk Sac Tumor[SEP][CLS]fallopian tube carcinoma","0"
"Hematologic and Lymphocytic Disorder[SEP][CLS]disease of anatomical entity","1"
"Juvenile Xanthogranuloma[SEP][CLS]plasma cell neoplasm","0"
"Retroperitoneal Sarcoma[SEP][CLS]retroperitoneal cancer","1"
"Agnosia[SEP][CLS]eye disease","0"
"Gastric Gastrin-Producing Neuroendocrine Tumor[SEP][CLS]uterine ligament cancer","0"
"Adult Spinal Cord Ependymoma[SEP][CLS]brain disease","0"
"Signet Ring Cell Carcinoma[SEP][CLS]sex cord-gonadal stromal tumor","0"
"Malignant Ovarian Epithelial Tumor[SEP][CLS]osteosarcoma","0"
"Alcoholic Polyneuropathy[SEP][CLS]periodontal disease","0"
"Skin Acantholytic Squamous Cell Carcinoma[SEP][CLS]breast myoepithelial neoplasm","0"
"Uveitis[SEP][CLS]neurofibroma","0"
"Tick-Borne Relapsing Fever[SEP][CLS]chromosomal deletion syndrome","0"
"Alopecia[SEP][CLS]small intestine benign neoplasm","0"
"Lichen Planus[SEP][CLS]lichen disease","1"
"Scleritis[SEP][CLS]plasmacytoma","0"
"Malignant Ethmoid Sinus Neoplasm[SEP][CLS]syndrome","0"
"Hermaphrodite[SEP][CLS]corneal endothelial dystrophy","0"
"Esophagitis[SEP][CLS]esophageal disease","1"
"Scirrhous Hepatocellular Carcinoma[SEP][CLS]cholestasis","0"
"Uric Acid Urolithiasis[SEP][CLS]small intestine benign neoplasm","0"
"Childhood Central Nervous System Germ Cell Tumor[SEP][CLS]nervous system disease","0"
"Germ Cell Tumor[SEP][CLS]aortic valve disease","0"
"Acute Myeloid Leukemia with Biallelic CEBPA Mutation[SEP][CLS]malignant astrocytoma","0"
"Thymic Low Grade Papillary Adenocarcinoma[SEP][CLS]testicular yolk sac tumor","0"
"Hypohidrosis[SEP][CLS]peripheral T-cell lymphoma","0"
"Childhood Visual Pathway Astrocytoma[SEP][CLS]facial nerve disease","0"
"Cerebral Embryonal Tumor, Not Otherwise Specified[SEP][CLS]organic acidemia","0"
"Dermatophytosis[SEP][CLS]renal hypertension","0"
"Cardiac Malignant Peripheral Nerve Sheath Tumor[SEP][CLS]malignant peripheral nerve sheath tumor","1"
"Chronic Lymphocytic Leukemia/Small Lymphocytic Lymphoma with Unmutated Immunoglobulin Heavy Chain Variable-Region Gene[SEP][CLS]glioblastoma","0"
"Amelanotic Melanoma[SEP][CLS]nutritional deficiency disease","0"
"Pancreatic Serous Cystadenoma[SEP][CLS]pancreatic adenocarcinoma","0"
"Brain Glioblastoma[SEP][CLS]nosophobia","0"
"Endometrial Disorder[SEP][CLS]neonatal anemia","0"
"Cervical Lymphoepithelioma-Like Carcinoma[SEP][CLS]cervical squamous cell carcinoma","1"
"Chronic Conjunctivitis[SEP][CLS]disease by infectious agent","0"
"Oligospermia[SEP][CLS]heart valve disease","0"
"External Ear Disorder[SEP][CLS]coronary artery disease","0"
"Mixed Embryonal Carcinoma and Teratoma[SEP][CLS]essential hypertension","0"
"Malignant Testicular Non-Seminomatous Germ Cell Tumor[SEP][CLS]glossopharyngeal nerve neoplasm","0"
"Bilateral Retinoblastoma[SEP][CLS]chorioretinitis","0"
"Adult Central Nervous System Teratoma[SEP][CLS]acquired metabolic disease","0"
"Dermatosis Papulosa Nigra[SEP][CLS]glycogen storage disease","0"
"Pancreatic Intraductal Papillary-Mucinous Neoplasm with an Associated Invasive Carcinoma[SEP][CLS]upper respiratory tract disease","0"
"Hepatic Encephalopathy[SEP][CLS]chronic progressive external ophthalmoplegia","0"
"Incompetent Cervix[SEP][CLS]polycythemia","0"
"Buerger Disease[SEP][CLS]teeth hard tissue disease","0"
"Adult Papillary Meningioma[SEP][CLS]gastrointestinal system disease","0"
"Chronic Fatigue Syndrome[SEP][CLS]syndrome","1"
"Urethral Diverticulum[SEP][CLS]pervasive developmental disorder","0"
"Leigh Disease[SEP][CLS]chordoma","0"
"Orbital Cellulitis[SEP][CLS]acute orbital inflammation","1"
"Endometrial Endometrioid Adenocarcinoma, Secretory Variant[SEP][CLS]prostate sarcoma","0"
"Sexual Dysfunction[SEP][CLS]thyroid gland carcinoma","0"
"Infiltrating Angiolipoma[SEP][CLS]carotid artery disease","0"
"Leptospirosis[SEP][CLS]penis squamous cell carcinoma","0"
"Gingival Polyp[SEP][CLS]ovary epithelial cancer","0"
"Thymus Disorder[SEP][CLS]lymphatic system disease","1"
"Ureter Disorder[SEP][CLS]intrinsic cardiomyopathy","0"
"Immunodeficiency[SEP][CLS]immune system disease","1"
"Mixed Cell Type Kidney Wilms Tumor[SEP][CLS]primary hyperaldosteronism","0"
"Noninvasive Malignant Thymoma[SEP][CLS]malignant astrocytoma","0"
"Thyroid Storm[SEP][CLS]thyroid gland disease","1"
"Periocular Meningioma[SEP][CLS]acute myeloid leukemia","0"
"Malignancy in Giant Cell Tumor of Bone[SEP][CLS]vulva carcinoma","0"
"Chronic Eosinophilic Pneumonia[SEP][CLS]hepatocellular carcinoma","0"
"Occult Lung Small Cell Carcinoma[SEP][CLS]acute lymphoblastic leukemia","0"
"Sezary Syndrome[SEP][CLS]skin squamous cell carcinoma","0"
"Testicular Yolk Sac Tumor, Papillary Pattern[SEP][CLS]demyelinating disease","0"
"Acute Erythroid Leukemia[SEP][CLS]viral infectious disease","0"
"Limb-Girdle Muscular Dystrophy[SEP][CLS]testicular disease","0"
"Ovarian Yolk Sac Tumor[SEP][CLS]pleomorphic rhabdomyosarcoma","0"
"Frontal Lobe Neoplasm[SEP][CLS]hemangiopericytoma","0"
"Malignant Colorectal Neoplasm[SEP][CLS]rectal disease","0"
"Sphenoid Sinus Neoplasm[SEP][CLS]vulvar sarcoma","0"
"Flying Phobia[SEP][CLS]globe disease","0"
"Neonatal Jaundice[SEP][CLS]neurofibroma","0"
"Liver Angiomyolipoma[SEP][CLS]osteosarcoma","0"
"Exhibitionism[SEP][CLS]muscular dystrophy","0"
"Tuberculous Laryngitis[SEP][CLS]skin benign neoplasm","0"
"Cholecystitis[SEP][CLS]neurilemmoma","0"
"Gastric Germ Cell Tumor[SEP][CLS]sweat gland benign neoplasm","0"
"Vulvar Keratoacanthoma[SEP][CLS]osteosarcoma","0"
"Transient Ischemic Attack[SEP][CLS]brain ischemia","1"
"Malignant Ovarian Epithelial Tumor[SEP][CLS]viral infectious disease","0"
"Ovarian Mucinous Adenocarcinofibroma[SEP][CLS]gangliosidosis","0"
"Testicular Leukemia[SEP][CLS]bone cancer","0"
"Cervical Adenomyoma, Endocervical-Type[SEP][CLS]lung adenocarcinoma","0"
"Diphyllobothriasis[SEP][CLS]paranasal sinus disease","0"
"Parosteal Osteosarcoma[SEP][CLS]lipid-rich carcinoma","0"
"Keratinizing Squamous Cell Carcinoma[SEP][CLS]skin papilloma","0"
"Severe Combined Immunodeficiency[SEP][CLS]glucosephosphate dehydrogenase deficiency","0"
"Hepatoerythropoietic Porphyria[SEP][CLS]acute porphyria","1"
"Plexiform Neurofibroma[SEP][CLS]autoimmune disease of endocrine system","0"
"Lymphocele[SEP][CLS]dissociative disorder","0"
"Hallermann Syndrome[SEP][CLS]chronic inflammation of lacrimal passage","0"
"Exocervical Carcinoma[SEP][CLS]anterior cranial fossa meningioma","0"
"Malignant Apocrine Neoplasm[SEP][CLS]sweat gland cancer","1"
"Pilomyxoid Astrocytoma[SEP][CLS]hyperparathyroidism","0"
"Extrahepatic Bile Duct Papillary Adenoma[SEP][CLS]cerebellar astrocytoma","0"
"Ovarian Germ Cell Tumor[SEP][CLS]heart disease","0"
"Maple Syrup Urine Disease[SEP][CLS]organic acidemia","1"
"Generalized Anxiety Disorder[SEP][CLS]ampulla of Vater adenocarcinoma","0"
"Intracranial Meningioma[SEP][CLS]meningioma","1"
"B Lymphoblastic Leukemia/Lymphoma[SEP][CLS]purine-pyrimidine metabolic disorder","0"
"Lewy Body Dementia[SEP][CLS]dementia","1"
"Glossitis[SEP][CLS]connective tissue disease","0"
"Blepharoconjunctivitis[SEP][CLS]hypersensitivity reaction type III disease","0"
"Obsessive-Compulsive Personality Disorder[SEP][CLS]esophageal cancer","0"
"Smooth Muscle Neoplasm[SEP][CLS]personality disorder","0"
"Early Invasive Cervical Adenocarcinoma[SEP][CLS]communication disorder","0"
"Myotonic Dystrophy[SEP][CLS]brain cancer","0"
"Esophageal Leukoplakia[SEP][CLS]dysgammaglobulinemia","0"
"Vaginal Leiomyosarcoma[SEP][CLS]breast cancer","0"
"Tonsillitis[SEP][CLS]impulse control disorder","0"
"Thymoma Type B2[SEP][CLS]lung small cell carcinoma","0"
"Refsum Disease[SEP][CLS]neurilemmoma","0"
"Intrahepatic Bile Duct Mucinous Cystic Neoplasm[SEP][CLS]congenital heart disease","0"
"Meckel Diverticulitis[SEP][CLS]lung adenocarcinoma","0"
"Axonal Neuropathy[SEP][CLS]cystitis","0"
"Tuberculum Sellae Meningioma[SEP][CLS]botryoid rhabdomyosarcoma","0"
"Yaws[SEP][CLS]physical disorder","0"
"Optic Nerve Disorder[SEP][CLS]breast metaplastic carcinoma","0"
"Embryonal Rhabdomyosarcoma[SEP][CLS]chronic orbital inflammation","0"
"B Acute Lymphoblastic Leukemia with t(5;14)(q31.1;q32.3); IL3-IGH[SEP][CLS]B-lymphoblastic leukemia/lymphoma","1"
"Irritant Contact Dermatitis[SEP][CLS]cranial nerve disease","0"
"Impulse-Control Disorder[SEP][CLS]central nervous system benign neoplasm","0"
"Breast Acinic Cell Carcinoma[SEP][CLS]breast adenocarcinoma","1"
"Meesmann Corneal Dystrophy[SEP][CLS]liposarcoma","0"
"Childhood Yolk Sac Tumor[SEP][CLS]thyroid gland disease","0"
"CIC-Rearranged Sarcoma[SEP][CLS]deep keratitis","0"
"Breast Mucinous Carcinoma[SEP][CLS]disease of anatomical entity","0"
"Melanomatosis[SEP][CLS]syndrome","0"
"Sarcoidosis[SEP][CLS]organic acidemia","0"
"Hereditary Glomangioma[SEP][CLS]corneal disease","0"
"Pleomorphic Rhabdomyosarcoma[SEP][CLS]primary bacterial infectious disease","0"
"Transient Hypogammaglobulinemia[SEP][CLS]brain glioma","0"
"Diffuse Infiltrative Lymphocytosis Syndrome[SEP][CLS]disease by infectious agent","0"
"Ovarian Serous Adenofibroma[SEP][CLS]ovarian benign neoplasm","1"
"Acute Myelomonocytic Leukemia[SEP][CLS]angiolipoma","0"
"Fallopian Tube Adenosarcoma[SEP][CLS]seminoma","0"
"Breast Sclerosing Papilloma[SEP][CLS]congenital nervous system abnormality","0"
"WAGR Syndrome[SEP][CLS]disease","0"
"Childhood Central Nervous System Mature Teratoma[SEP][CLS]glomerulonephritis","0"
"Undifferentiated Pleomorphic Sarcoma with Osteoclast-Like Giant Cells[SEP][CLS]female urethral cancer","0"
"Rete Ovarii Adenocarcinoma[SEP][CLS]dilated cardiomyopathy","0"
"Melanoma[SEP][CLS]cell type cancer","1"
"Pulmonary Valvular Insufficiency[SEP][CLS]uveal melanoma","0"
"Xanthogranulomatous Pyelonephritis[SEP][CLS]small intestine benign neoplasm","0"
"Systemic Mastocytosis[SEP][CLS]thymus gland disease","0"
"Synpolydactyly[SEP][CLS]endometrial adenocarcinoma","0"
"Dumping Syndrome[SEP][CLS]postgastrectomy syndrome","1"
"Hypoplastic Left Heart Syndrome[SEP][CLS]intestinal obstruction","0"
"T-Cell Non-Hodgkin Lymphoma[SEP][CLS]lung disease","0"
"Tetanus[SEP][CLS]connective tissue disease","0"
"Hereditary Retinal Dystrophy[SEP][CLS]fundus dystrophy","1"
"Benign Granular Cell Tumor[SEP][CLS]arteriosclerosis","0"
"Comedo-Type Adenocarcinoma[SEP][CLS]lung large cell carcinoma","0"
"Rhabdoid Meningioma[SEP][CLS]anal canal adenocarcinoma","0"
"Pick's Disease[SEP][CLS]beta thalassemia","0"
"Serous Cystadenocarcinoma[SEP][CLS]penile disease","0"
"Carpal Tunnel Syndrome[SEP][CLS]amino acid metabolic disorder","0"
"Well Differentiated Papillary Mesothelial Tumor[SEP][CLS]glucose metabolism disease","0"
"Tracheitis[SEP][CLS]central nervous system benign neoplasm","0"
"Liver Inflammatory Myofibroblastic Tumor[SEP][CLS]intestinal cancer","0"
"Intussusception[SEP][CLS]mature teratoma of the ovary","0"
"Malignant Nasolacrimal Duct Neoplasm[SEP][CLS]skin benign neoplasm","0"
"Childhood Mediastinal Neurogenic Neoplasm[SEP][CLS]malignant mediastinal neurogenic neoplasm","1"
"Castration-Resistant Prostate Carcinoma[SEP][CLS]uterine corpus cancer","0"
"Extrahepatic Bile Duct Adenoma[SEP][CLS]cystitis","0"
"Ovarian Mucinous Adenofibroma[SEP][CLS]anaplastic astrocytoma","0"
"Acute Laryngitis[SEP][CLS]systemic mastocytosis","0"
"Waardenburg Syndrome Type 1[SEP][CLS]mouth disease","0"
"Non-Invasive Verrucous Carcinoma of the Penis[SEP][CLS]vaginal adenoma","0"
"Polyhydramnios[SEP][CLS]hypolipoproteinemia","0"
"Beta-Mannosidosis[SEP][CLS]breast sarcoma","0"
"Malignant Melanotic Peripheral Nerve Sheath Tumor[SEP][CLS]kidney sarcoma","0"
"Vulvar Leiomyoma[SEP][CLS]cranial nerve disease","0"
"Focal Epithelial Hyperplasia[SEP][CLS]fallopian tube cancer","0"
"Supraglottic Carcinoma[SEP][CLS]vulvar benign neoplasm","0"
"Kidney Angiomyolipoma[SEP][CLS]testicular malignant germ cell cancer","0"
"Chalazion[SEP][CLS]neural tube defect","0"
"Wernicke-Korsakoff Syndrome[SEP][CLS]male reproductive system disease","0"
"Lymphohistiocytoid Mesothelioma[SEP][CLS]hematopoietic system disease","0"
"Selective IgE Immunodeficiency[SEP][CLS]syndrome","0"
"Kernicterus[SEP][CLS]invasive bladder transitional cell carcinoma","0"
"Uveal Disorder[SEP][CLS]basal cell carcinoma","0"
"Bird Fancier's Lung[SEP][CLS]female reproductive system disease","0"
"Depression[SEP][CLS]diabetes mellitus","0"
"Breast Solid Papillary Carcinoma[SEP][CLS]brain glioma","0"
"Skin Angiosarcoma[SEP][CLS]intestinal benign neoplasm","0"
"Adult Astrocytic Tumor[SEP][CLS]hemangioma","0"
"Migraine Without Aura[SEP][CLS]central nervous system sarcoma","0"
"Acute Myeloid Leukemia with BCR-ABL1[SEP][CLS]retinal detachment","0"
"Hartnup Disease[SEP][CLS]urea cycle disorder","0"
"Ciliary Motility Defect[SEP][CLS]eye disease","0"
"Kimura Disease[SEP][CLS]viral infectious disease","0"
"Calcification[SEP][CLS]cerebellum cancer","0"
"Hemoglobin D Disease[SEP][CLS]eye lymphoma","0"
"Thymic Lymphoepithelial Carcinoma[SEP][CLS]monocytic leukemia","0"
"Cervical Lymphadenitis[SEP][CLS]papilloma","0"
"Lysosomal Storage Disease[SEP][CLS]choriocarcinoma","0"
"Childhood Pleomorphic Rhabdomyosarcoma[SEP][CLS]pleomorphic rhabdomyosarcoma","1"
"Pancreatic Gastrin-Producing Neuroendocrine Tumor[SEP][CLS]cataract","0"
"Facial Nerve Disorder[SEP][CLS]neutropenia","0"
"Malignant Gastric Granular Cell Tumor[SEP][CLS]thrombophilia","0"
"Postpartum Depression[SEP][CLS]inflammatory bowel disease","0"
"Retinopathy of Prematurity[SEP][CLS]foramen magnum meningioma","0"
"Urethral Urothelial Papilloma[SEP][CLS]acute kidney failure","0"
"Anal Disorder[SEP][CLS]adult brain stem glioma","0"
"Pleomorphic Liposarcoma[SEP][CLS]ovary epithelial cancer","0"
"Coloboma of the Eye[SEP][CLS]eye disease","1"
"Childhood Ovarian Choriocarcinoma[SEP][CLS]cervix endometrial stromal tumor","0"
"Myeloid/Lymphoid Neoplasms with PDGFRB Rearrangement[SEP][CLS]myeloid and lymphoid neoplasms with eosinophilia and abnormalities of PDGFRA, PDGFRB, and FGFR1","1"
"Selective IgE Immunodeficiency[SEP][CLS]botryoid rhabdomyosarcoma","0"
"Well Differentiated Papillary Mesothelial Tumor[SEP][CLS]hematopoietic system disease","0"
"Primary Cutaneous T-Cell Non-Hodgkin Lymphoma[SEP][CLS]childhood electroclinical syndrome","0"
"Neonatal Candidiasis[SEP][CLS]liposarcoma","0"
"Carcinoma In Situ[SEP][CLS]acute megakaryocytic leukemia","0"
"Isovaleric Acidemia[SEP][CLS]syndrome","0"
"Waterhouse-Friderichsen Syndrome[SEP][CLS]myocardial infarction","0"
"Classic Congenital Mesoblastic Nephroma[SEP][CLS]carcinoma","0"
"Cranial Nerve IV Palsy[SEP][CLS]vaginal discharge","0"
"Pharyngoconjunctival Fever[SEP][CLS]ganglioneuroblastoma","0"
"Complete Trisomy 18 Syndrome[SEP][CLS]vaginal adenoma","0"
"Bullous Pemphigoid[SEP][CLS]osteosclerosis","0"
"Skin Appendage Neoplasm[SEP][CLS]glomus tumor","0"
"Hypothyroidism[SEP][CLS]movement disease","0"
"Polymicrogyria[SEP][CLS]embryonal testis carcinoma","0"
"Ovarian Yolk Sac Tumor, Polyvesicular Vitelline Pattern[SEP][CLS]myeloid leukemia","0"
"Hemangiopericytic Neoplasm[SEP][CLS]upper respiratory tract disease","0"
"Dacryocystitis[SEP][CLS]intestinal obstruction","0"
"Diabetic Ketoacidosis[SEP][CLS]carotid artery disease","0"
"Occult Lung Adenocarcinoma[SEP][CLS]lung adenocarcinoma","1"
"Hypertensive Retinopathy[SEP][CLS]nephroblastoma","0"
"Non-Muscle Invasive Bladder Carcinoma[SEP][CLS]bladder carcinoma","1"
"Superficial Multifocal Basal Cell Carcinoma[SEP][CLS]basal cell carcinoma","1"
"Nodular Fasciitis[SEP][CLS]fasciitis","1"
"Emery-Dreifuss Muscular Dystrophy[SEP][CLS]mucopolysaccharidosis","0"
"Acute Myeloid Leukemia with BCR-ABL1[SEP][CLS]myocardial infarction","0"
"Deep Leiomyoma[SEP][CLS]lung adenocarcinoma","0"
"Testicular Rhabdomyosarcoma[SEP][CLS]migraine","0"
"Retinoblastoma[SEP][CLS]retinal cell cancer","1"
"Thyroid Gland Follicular Carcinoma[SEP][CLS]substance-related disorder","0"
"Dumping Syndrome[SEP][CLS]meningioma","0"
"Rubella Infection[SEP][CLS]West Nile encephalitis","1"
"Hydrocephalus[SEP][CLS]cerebral degeneration","1"
"Testicular Pure Germ Cell Tumor[SEP][CLS]viral infectious disease","0"
"Narcissistic Personality Disorder[SEP][CLS]personality disorder","1"
"Granular Cell Leiomyosarcoma[SEP][CLS]glomerulonephritis","0"
"Mixed Astrocytoma-Ependymoma[SEP][CLS]cervix carcinoma","0"
"Inflammatory Leiomyosarcoma[SEP][CLS]neurilemmoma","0"
"Granular Cell Leiomyosarcoma[SEP][CLS]leiomyosarcoma","1"
"Acute Intermittent Porphyria[SEP][CLS]childhood electroclinical syndrome","0"
"Vulvar Squamous Papilloma[SEP][CLS]apocrine sweat gland neoplasm","0"
"Ectodermal Dysplasia[SEP][CLS]lung leiomyoma","0"
"Chronic Myelomonocytic Leukemia[SEP][CLS]chronic leukemia","1"
"Hyperestrogenism[SEP][CLS]larynx cancer","0"
"Plexiform Schwannoma[SEP][CLS]uterine ligament cancer","0"
"Glucose Metabolism Disorder[SEP][CLS]carbohydrate metabolic disorder","1"
"Vulvar Non-Keratinizing Squamous Cell Carcinoma[SEP][CLS]gastrointestinal neuroendocrine benign tumor","0"
"Nephrocalcinosis[SEP][CLS]heart sarcoma","0"
"Epithelioid Neurofibroma[SEP][CLS]carbohydrate metabolic disorder","0"
"Anthrax[SEP][CLS]primary bacterial infectious disease","1"
"Pyelitis[SEP][CLS]kidney disease","1"
"Petit Mal Epilepsy[SEP][CLS]sarcoidosis","0"
"Suprasellar Meningioma[SEP][CLS]hemoglobinopathy","0"
"Progressive Supranuclear Palsy[SEP][CLS]scleroderma","0"
"Uveal Necrotic Melanoma[SEP][CLS]chronic inflammation of lacrimal passage","0"
"Alcohol Abuse[SEP][CLS]substance abuse","1"
"Gallbladder Mucinous Adenocarcinoma[SEP][CLS]viral exanthem","0"
"Flying Phobia[SEP][CLS]specific phobia","1"
"Mesenchymoma[SEP][CLS]carcinoma","0"
"Arteriolosclerosis[SEP][CLS]skin benign neoplasm","0"
"Sarcomatoid Renal Cell Carcinoma[SEP][CLS]renal cell carcinoma","1"
"Tubular Adenocarcinoma[SEP][CLS]arteriosclerosis","0"
"Creutzfeldt-Jakob Disease[SEP][CLS]syphilis","0"
"Falciparum Malaria[SEP][CLS]rectal disease","0"
"Uterine Corpus Epithelioid Leiomyosarcoma[SEP][CLS]uterus leiomyosarcoma","1"
"Glanders[SEP][CLS]skin melanoma","0"
"Asperger Syndrome[SEP][CLS]autism spectrum disorder","1"
"Metastatic Lactotroph Pituitary Neuroendocrine Tumor[SEP][CLS]ovarian benign neoplasm","0"
"Rothmund-Thomson Syndrome[SEP][CLS]idiopathic interstitial pneumonia","0"
"Iris Disorder[SEP][CLS]osteosarcoma","0"
"Mesangial Proliferative Glomerulonephritis[SEP][CLS]papilloma","0"
"Malignant Adult Hemangiopericytoma[SEP][CLS]dermatitis","0"
"Diffuse Large B-Cell Lymphoma Germinal Center B-Cell Type[SEP][CLS]neuropathy","0"
"Non-Neoplastic Reproductive System Disorder[SEP][CLS]intestinal benign neoplasm","0"
"Learning Disorder[SEP][CLS]anus benign neoplasm","0"
"Undifferentiated High Grade Pleomorphic Sarcoma of Bone[SEP][CLS]medulloblastoma SHH activated","0"
"Ganglioneuroblastoma, Intermixed[SEP][CLS]cystitis","0"
"Periosteal Chondrosarcoma[SEP][CLS]central nervous system disease","0"
"Histiocytoma[SEP][CLS]non-Langerhans-cell histiocytosis","0"
"Adenoid Cystic Carcinoma[SEP][CLS]testicular cancer","0"
"Central Neurocytoma[SEP][CLS]intrahepatic cholangiocarcinoma","0"
"Acute Myeloid Leukemia with t(6;9)(p22.3;q34.1); DEK-NUP214[SEP][CLS]benign teratoma","0"
"Chronic Laryngitis[SEP][CLS]lymphoproliferative syndrome","0"
"Immune Complex Glomerulonephritis[SEP][CLS]intestinal cancer","0"
"Heroin Dependence[SEP][CLS]opiate dependence","1"
"Occipital Lobe Neoplasm[SEP][CLS]myeloproliferative neoplasm","0"
"Retinoschisis[SEP][CLS]urethral disease","0"
"Myeloproliferative Neoplasm[SEP][CLS]kidney disease","0"
"Sick Euthyroid Syndrome[SEP][CLS]breast carcinoma","0"
"Mature Gastric Teratoma[SEP][CLS]central nervous system adult germ cell tumor","0"
"Meckel Diverticulitis[SEP][CLS]diverticulitis","1"
"Mikulicz Disease[SEP][CLS]mouth disease","0"
"Intermediate Immature Teratoma[SEP][CLS]psychosexual disorder","0"
"Fibrous Meningioma[SEP][CLS]ovarian benign neoplasm","0"
"Osteopetrosis[SEP][CLS]brain disease","0"
"Intraventricular Brain Neoplasm[SEP][CLS]cerebrum cancer","1"
"Clear Cell Meningioma[SEP][CLS]congenital nervous system abnormality","0"
"Localized Pulmonary Fibrosis[SEP][CLS]pulmonary fibrosis","1"
"Brain Glioblastoma[SEP][CLS]kidney cancer","0"
"Extragonadal Seminoma[SEP][CLS]seminoma","1"
"Skin Atrophy[SEP][CLS]skin disease","1"
"Jejunal Neoplasm[SEP][CLS]cervix carcinoma","0"
"Thyrotroph Pituitary Neuroendocrine Tumor[SEP][CLS]amino acid metabolic disorder","0"
"Anhidrosis[SEP][CLS]bone development disease","0"
"Penile Paget Disease[SEP][CLS]myopia","0"
"Hypertensive Heart Disease[SEP][CLS]gestational choriocarcinoma","0"
"Prostate Acinar Mucinous Adenocarcinoma[SEP][CLS]distal arthrogryposis","0"
"Conventional Lipoma[SEP][CLS]lipoma","1"
"Agoraphobia[SEP][CLS]uterine corpus cancer","0"
"Ovarian Mucinous Adenofibroma[SEP][CLS]leiomyosarcoma","0"
"Avoidant Personality Disorder[SEP][CLS]retinal artery occlusion","0"
"Eye Disorder[SEP][CLS]primary bacterial infectious disease","0"
"Breast Intraductal Proliferative Lesion[SEP][CLS]muscular dystrophy","0"
"Incontinentia Pigmenti[SEP][CLS]pigmentation disease","1"
"Alcoholic Gastritis[SEP][CLS]brain disease","0"
"Undifferentiated Pleomorphic Sarcoma with Osteoclast-Like Giant Cells[SEP][CLS]articulation disorder","0"
"Adult Choroid Plexus Neoplasm[SEP][CLS]ethmoid sinusitis","0"
"Childhood Malignant Peripheral Nerve Sheath Tumor[SEP][CLS]rectum sarcoma","0"
"Rhesus Isoimmunization[SEP][CLS]prostate sarcoma","0"
"Papillary Tumor of the Pineal Region[SEP][CLS]acute porphyria","0"
"Acute Myeloid Leukemia with CEBPA Mutation[SEP][CLS]malignant astrocytoma","0"
"Frohlich Syndrome[SEP][CLS]carcinoma","0"
"Pancreatic Serous Cystadenocarcinoma[SEP][CLS]osteochondrodysplasia","0"
"Cerebellopontine Angle Schwannoma[SEP][CLS]cerebellopontine angle tumor","1"
"Arachnoiditis[SEP][CLS]vascular disease","0"
"Arrhythmogenic Right Ventricular Dysplasia[SEP][CLS]intrinsic cardiomyopathy","1"
"Astroblastoma, MN1-Altered[SEP][CLS]muscular dystrophy","0"
"Vulvovaginitis[SEP][CLS]female reproductive system disease","1"
"Ovarian Small Cell Carcinoma, Pulmonary-Type[SEP][CLS]ovarian small cell carcinoma","1"
"Hereditary Spastic Paraplegia[SEP][CLS]renal cell carcinoma","0"
"Differentiating Neuroblastoma[SEP][CLS]retinal detachment","0"
"Granulomatous Dermatitis[SEP][CLS]disease of anatomical entity","0"
"Cerebral Hemisphere Lipoma[SEP][CLS]benign mesothelioma","0"
"Myocardial Infarction[SEP][CLS]gallbladder carcinoma","0"
"Thymic Clear Cell Carcinoma[SEP][CLS]thymic carcinoma","1"
"Ethmoid Sinus Neoplasm[SEP][CLS]endometritis","0"
"Childhood Malignant Germ Cell Tumor[SEP][CLS]connective tissue disease","0"
"Skin Undifferentiated Pleomorphic Sarcoma[SEP][CLS]liver cirrhosis","0"
"Acute Promyelocytic Leukemia with t(15;17)(q24.1;q21.2); PML-RARA[SEP][CLS]ureteral disease","0"
"Childhood Ovarian Immature Teratoma[SEP][CLS]mucopolysaccharidosis","0"
"Pituitary Gland Chromophobe Adenoma[SEP][CLS]eccrine sweat gland cancer","0"
"Acute Interstitial Pneumonia[SEP][CLS]herpes simplex","0"
"Myeloid Leukemia Associated with Down Syndrome[SEP][CLS]nutritional deficiency disease","0"
"B Acute Lymphoblastic Leukemia with t(1;19)(q23;p13.3); TCF3-PBX1[SEP][CLS]medulloblastoma","0"
"Anisakiasis[SEP][CLS]viral infectious disease","0"
"Mixed Tumor of the Salivary Gland[SEP][CLS]acute myeloid leukemia","0"
"Craniopharyngioma[SEP][CLS]teeth hard tissue disease","0"
"Aortic Valve Insufficiency[SEP][CLS]osteosarcoma","0"
"Holmes-Adie Syndrome[SEP][CLS]skin disease","0"
"Alzheimer's Disease[SEP][CLS]viral infectious disease","0"
"Skin Clear Cell Basal Cell Carcinoma[SEP][CLS]basal cell carcinoma","1"
"Paraneoplastic Polyneuropathy[SEP][CLS]inflammatory and toxic neuropathy","1"
"Pineal Parenchymal Tumor of Intermediate Differentiation[SEP][CLS]pineoblastoma","1"
"Osteosclerosis[SEP][CLS]kidney cancer","0"
"Herpes Simplex Virus Infection[SEP][CLS]myopathy","0"
"Juvenile Xanthogranuloma[SEP][CLS]type 2 diabetes mellitus","0"
"Lymphedema[SEP][CLS]benign mesothelioma","0"
"Hepatitis B Infection[SEP][CLS]neuropathy","0"
"Paranasal Sinus Disorder[SEP][CLS]intrinsic cardiomyopathy","0"
"Dry Eye Syndrome[SEP][CLS]breast benign neoplasm","0"
"Vulvar Angiokeratoma[SEP][CLS]skin benign neoplasm","0"
"Carcinoma In Situ[SEP][CLS]melancholic depression","0"
"Synovitis, Acne, Pustulosis, Hyperostosis, and Osteitis Syndrome[SEP][CLS]musculoskeletal system disease","0"
"Laryngeal Neuroendocrine Neoplasm[SEP][CLS]embryonal testis carcinoma","0"
"Thyroid Gland Medullary Carcinoma[SEP][CLS]eye disease","0"
"Persistent Fetal Circulation[SEP][CLS]synovial sarcoma","0"
"Appendix L-Cell Glucagon-Like Peptide-Producing Neuroendocrine Tumor[SEP][CLS]cholestasis","0"
"Eccrine Neoplasm[SEP][CLS]sweat gland benign neoplasm","1"
"Duodenitis[SEP][CLS]lung adenocarcinoma","0"
"Nasal Cavity and Paranasal Sinus Lethal Midline Granuloma[SEP][CLS]amino acid metabolic disorder","0"
"Subglottic Verrucous Carcinoma[SEP][CLS]subglottis squamous cell carcinoma","1"
"Hepatitis B Infection[SEP][CLS]spinal cord disease","0"
"Organic Mental Disorder[SEP][CLS]uterine benign neoplasm","0"
"Louse-Borne Relapsing Fever[SEP][CLS]sex cord-stromal benign neoplasm","0"
"Synchronous Bilateral Breast Carcinoma[SEP][CLS]lysosomal storage disease","0"
"Intracranial Aneurysm[SEP][CLS]ovary adenocarcinoma","0"
"Sanfilippo Syndrome[SEP][CLS]syndrome","0"
"Lung Adenoid Cystic Carcinoma[SEP][CLS]coronary artery disease","0"
"Childhood Central Nervous System Choriocarcinoma[SEP][CLS]nerve plexus neoplasm","0"
"Protoplasmic Astrocytoma[SEP][CLS]malignant astrocytoma","1"
"Lymphocele[SEP][CLS]facial nerve disease","0"
"Physiological Polycythemia[SEP][CLS]breast sarcoma","0"
"Central Nervous System Germinoma[SEP][CLS]specific developmental disorder","0"
"Acute Myeloid Leukemia with Biallelic CEBPA Mutation[SEP][CLS]autoimmune disease of endocrine system","0"
"Adrenocortical Insufficiency[SEP][CLS]medulloblastoma SHH activated","0"
"Cranial Nerve IV Palsy[SEP][CLS]cranial nerve disease","1"
"Cardiac Neurofibroma[SEP][CLS]metal metabolism disorder","0"
"Angiocentric Glioma[SEP][CLS]paranasal sinus benign neoplasm","0"
"Myeloid Leukemia Associated with Down Syndrome[SEP][CLS]acute megakaryocytic leukemia","1"
"Nevus of Ito[SEP][CLS]bone resorption disease","0"
"Collagenous Colitis[SEP][CLS]diffuse large B-cell lymphoma","0"
"Drug Induced Lupus Erythematosus[SEP][CLS]pancreatic intraductal papillary-colloid carcinoma","0"
"Neurogenic Bladder[SEP][CLS]dysgerminoma","0"
"Occult Lung Adenocarcinoma[SEP][CLS]diaphragm disease","0"
"Lacrimal Gland Adenoid Cystic Carcinoma[SEP][CLS]germ cell cancer","0"
"Bladder Small Cell Neuroendocrine Carcinoma[SEP][CLS]colonic benign neoplasm","0"
"Malignant Sublingual Gland Neoplasm[SEP][CLS]complex regional pain syndrome","0"
"Sex Cord-Stromal Tumor[SEP][CLS]urethral benign neoplasm","0"
"Adult Central Nervous System Germinoma[SEP][CLS]orbital disease","0"
"Pleural Disorder[SEP][CLS]testis seminoma","0"
"Mucinous Tubular and Spindle Cell Carcinoma of the Kidney[SEP][CLS]renal cell carcinoma","1"
"Ureter Disorder[SEP][CLS]sebaceous gland neoplasm","0"
"Rubella Infection[SEP][CLS]skin squamous cell carcinoma","0"
"Uterine Corpus Epithelioid Leiomyosarcoma[SEP][CLS]retinoblastoma","0"
"Bronchiectasis[SEP][CLS]neuropathy","0"
"Chronic Lymphocytic Leukemia/Small Lymphocytic Lymphoma with Unmutated Immunoglobulin Heavy Chain Variable-Region Gene[SEP][CLS]lipomatosis","0"
"Adenocarcinoma In Situ[SEP][CLS]primary bacterial infectious disease","0"
"Endometrial Disorder[SEP][CLS]rectum sarcoma","0"
"Breast Angiosarcoma[SEP][CLS]ectodermal dysplasia","0"
"Sensorineural Hearing Loss[SEP][CLS]connective tissue cancer","0"
"Hirschsprung Disease[SEP][CLS]fibrosarcoma","0"
"Renal Pelvis Papillary Urothelial Carcinoma[SEP][CLS]skin melanoma","0"
"Glomerulonephritis[SEP][CLS]epilepsy","0"
"Spindle Cell Squamous Cell Carcinoma[SEP][CLS]hypertension","0"
"Colon Leiomyosarcoma[SEP][CLS]leiomyosarcoma","1"
"Type 1 Renal Papillary Adenoma[SEP][CLS]glottis squamous cell carcinoma","0"
"Arthritis[SEP][CLS]glomerulonephritis","0"
"Benign Mediastinal Schwannoma[SEP][CLS]epithelioid sarcoma","0"
"Penile Mixed Squamous Cell Carcinoma[SEP][CLS]autoimmune disease of gastrointestinal tract","0"
"Isovaleric Acidemia[SEP][CLS]vascular hemostatic disease","0"
"Hyperostosis[SEP][CLS]lung small cell carcinoma","0"
"Panhypopituitarism[SEP][CLS]testicular yolk sac tumor","0"
"Lymphoid Leukemia[SEP][CLS]glycogen storage disease","0"
"Tetanic Cataract[SEP][CLS]von Willebrand's disease","0"
"Mucinous Adenofibroma[SEP][CLS]auditory system disease","0"
"Keratosis[SEP][CLS]pancreatic intraductal papillary-colloid carcinoma","0"
"Oligohydramnios[SEP][CLS]skin disease","0"
"Pancreatoblastoma[SEP][CLS]keratosis","0"
"Ovarian Adenosarcoma[SEP][CLS]extraosseous Ewing sarcoma","0"
"Griscelli Syndrome Type 2[SEP][CLS]microscopic colitis","0"
"Primary Cutaneous T-Cell Non-Hodgkin Lymphoma[SEP][CLS]personality disorder","0"
"Multiple System Atrophy[SEP][CLS]synucleinopathy","1"
"Thymic Dysplasia[SEP][CLS]thymus gland disease","1"
"Obstructive Sleep Apnea[SEP][CLS]carcinosarcoma","0"
"Ovarian Primitive Germ Cell Tumor[SEP][CLS]peripheral nerve schwannoma","0"
"Chronic Hepatitis[SEP][CLS]diffuse large B-cell lymphoma","0"
"Pleural Solitary Fibrous Tumor[SEP][CLS]vulva cancer","0"
"Gastric Immature Teratoma[SEP][CLS]vaginal adenoma","0"
"Composite Lymphoma[SEP][CLS]central nervous system teratoma","0"
"Chronic Tic Disorder[SEP][CLS]acute myeloid leukemia","0"
"Tibial Adamantinoma[SEP][CLS]hemoglobinopathy","0"
"Vitamin C Deficiency[SEP][CLS]pulmonary neuroendocrine tumor","0"
"Salivary Cyst[SEP][CLS]gastrointestinal system disease","0"
"Colon Neuroendocrine Neoplasm[SEP][CLS]agammaglobulinemia","0"
"Myositis[SEP][CLS]malignant mesenchymoma","0"
"Tibial Adamantinoma[SEP][CLS]female reproductive system disease","0"
"Obsessive Compulsive Disorder[SEP][CLS]kidney angiomyolipoma","0"
"Dependent Personality Disorder[SEP][CLS]smooth muscle cancer","0"
"Selective IgD Immunodeficiency[SEP][CLS]pancreatic adenocarcinoma","0"
"Adult Hepatocellular Carcinoma[SEP][CLS]anemia","0"
"Pleural Solitary Fibrous Tumor[SEP][CLS]benign mesothelioma","1"
"Corneal Melanoma[SEP][CLS]teeth hard tissue disease","0"
"Malignant Giant Cell Neoplasm[SEP][CLS]brain sarcoma","0"
"Galactokinase Deficiency[SEP][CLS]endocrine system disease","0"
"Glomangioma[SEP][CLS]myocarditis","0"
"Venezuelan Equine Fever[SEP][CLS]breast adenocarcinoma","0"
"Occult Lung Squamous Cell Carcinoma[SEP][CLS]breast adenoma","0"
"Xanthogranulomatous Cholecystitis[SEP][CLS]eating disorder","0"
"Clubfoot[SEP][CLS]retinal degeneration","0"
"Pancreatic Intraductal Papillary-Mucinous Neoplasm with an Associated Invasive Carcinoma[SEP][CLS]uterine disease","0"
"Heroin Dependence[SEP][CLS]osteochondrodysplasia","0"
"Carotenemia[SEP][CLS]rectum cancer","0"
"Klinefelter Syndrome[SEP][CLS]cranial nerve palsy","0"
"Richter Syndrome[SEP][CLS]benign vascular tumor","0"
"Ovarian Large Cell Neuroendocrine Carcinoma[SEP][CLS]autoimmune disease of the nervous system","0"
"Neonatal Leukemia[SEP][CLS]yaws","0"
"Paranasal Sinus Disorder[SEP][CLS]bone inflammation disease","0"
"Hepatocellular Carcinoma[SEP][CLS]liver carcinoma","1"
"Corneal Abscess[SEP][CLS]smooth muscle cancer","0"
"Horner Syndrome[SEP][CLS]ovarian benign neoplasm","0"
"Enophthalmos[SEP][CLS]pineal gland cancer","0"
"Endometrioid Stromal Sarcoma[SEP][CLS]prolymphocytic leukemia","0"
"Vaginal Tubulovillous Adenoma[SEP][CLS]specific phobia","0"
"Acute Myeloid Leukemia with KMT2A Rearrangement[SEP][CLS]spinal cancer","0"
"Epithelioid Hemangioma[SEP][CLS]malignant ovarian surface epithelial-stromal neoplasm","0"
"Canker Sore[SEP][CLS]stomatitis","1"
"Meningeal Melanocytoma[SEP][CLS]central nervous system benign neoplasm","1"
"Proteus Syndrome[SEP][CLS]familial hyperlipidemia","0"
"Central Nervous System Embryonal Tumor, Not Otherwise Specified[SEP][CLS]muscle benign neoplasm","0"
"Glomus Tumor[SEP][CLS]myopathy","0"
"Bilateral Retinoblastoma[SEP][CLS]pituitary carcinoma","0"
"Hepatitis C Infection[SEP][CLS]small intestine cancer","0"
"Plague[SEP][CLS]germ cell cancer","0"
"Pinguecula[SEP][CLS]cranial nerve disease","0"
"Liver Inflammatory Myofibroblastic Tumor[SEP][CLS]chronic lymphocytic leukemia/small lymphocytic lymphoma","0"
"Neonatal Thyrotoxicosis[SEP][CLS]corneal disease","0"
"X-Linked Centronuclear Myopathy[SEP][CLS]pituitary carcinoma","0"
"Pleomorphic Liposarcoma[SEP][CLS]breast squamous cell carcinoma","0"
"Myelodysplastic/Myeloproliferative Neoplasm[SEP][CLS]myeloid neoplasm","1"
"Metanephric Adenofibroma[SEP][CLS]kidney benign neoplasm","1"
"Pancreatic Mucinous Cystadenoma[SEP][CLS]pancreatic cystadenoma","1"
"Necrotizing Ulcerative Gingivitis[SEP][CLS]sweat gland cancer","0"
"Liver Leiomyosarcoma[SEP][CLS]female reproductive system disease","0"
"Idiopathic CD4-Positive T-Lymphocytopenia[SEP][CLS]carcinoma","0"
"Acute Intestinal Ischemia[SEP][CLS]acute kidney failure","0"
"Ankylosis[SEP][CLS]arthropathy","1"
"Skull Base Chordoma[SEP][CLS]neuropathy","0"
"Epithelial Synovial Sarcoma[SEP][CLS]breast carcinoma","0"
"Breast Epithelioid Hemangioma[SEP][CLS]brain meningioma","0"
"Favus[SEP][CLS]tinea capitis","1"
"Cervicocranial Syndrome[SEP][CLS]basal cell carcinoma","0"
"Buerger Disease[SEP][CLS]germ cell benign neoplasm","0"
"Castration-Resistant Prostate Carcinoma[SEP][CLS]prostate carcinoma","1"
"Acute Endometritis[SEP][CLS]pancreatic carcinoma","0"
"Lymphocyte-Depleted Classic Hodgkin Lymphoma[SEP][CLS]sweat gland disease","0"
"B Acute Lymphoblastic Leukemia with t(12;21)(p13.2;q22.1); ETV6-RUNX1[SEP][CLS]central nervous system benign neoplasm","0"
"Atypical Spindle Cell/Pleomorphic Lipomatous Tumor[SEP][CLS]liver disease","0"
"Chorioretinitis[SEP][CLS]rectal disease","0"
"Plexiform Schwannoma[SEP][CLS]skin carcinoma","0"
"Splenic Hemangioma[SEP][CLS]vulva cancer","0"
"Cardiac Malignant Peripheral Nerve Sheath Tumor[SEP][CLS]ethmoid sinus cancer","0"
"Type 2 Diabetes Mellitus[SEP][CLS]acute myeloid leukemia","0"
"Acanthosis Nigricans[SEP][CLS]malignant gastric germ cell tumor","0"
"Synchronous Multifocal Osteosarcoma[SEP][CLS]multifocal osteogenic sarcoma","1"
"Lupus Erythematosus[SEP][CLS]chronic lymphocytic leukemia","0"
"Testicular Yolk Sac Tumor, Glandular-Alveolar Pattern[SEP][CLS]peripheral nervous system neoplasm","0"
"Pituitary Dwarfism[SEP][CLS]hypopituitarism","1"
"Liposarcoma[SEP][CLS]uterine ligament adenocarcinoma","0"
"Myeloid Leukemia[SEP][CLS]blindness","0"
"Uveal Spindle Cell Melanoma[SEP][CLS]calcinosis","0"
"Eyelid Disorder[SEP][CLS]syndrome","0"
"Mitral Valve Disorder[SEP][CLS]urinary bladder cancer","0"
"Rosacea[SEP][CLS]corneal degeneration","0"
"Spindle Cell Lipoma[SEP][CLS]leiomyosarcoma","0"
"Vulvar Verrucous Carcinoma[SEP][CLS]basal cell carcinoma","0"
"Skin Tag[SEP][CLS]lysosomal storage disease","0"
"Malignant Ethmoid Sinus Neoplasm[SEP][CLS]paranasal sinus cancer","1"
"Visual Cortex Disorder[SEP][CLS]thymus cancer","0"
"Childhood Brain Stem Astrocytoma[SEP][CLS]chromosomal deletion syndrome","0"
"Fallopian Tube Teratoma[SEP][CLS]male reproductive organ benign neoplasm","0"
"Mood Disorder[SEP][CLS]paranasal sinus benign neoplasm","0"
"Embryonal Tumor with Multilayered Rosettes[SEP][CLS]central nervous system disease","0"
"Urethritis[SEP][CLS]syndrome","0"
"Pituitary Gland Chromophobe Adenoma[SEP][CLS]eye disease","0"
"Laryngeal Stenosis[SEP][CLS]sweat gland benign neoplasm","0"
"Neurodermatitis[SEP][CLS]acute disseminated encephalomyelitis","0"
"Granulomatous Hepatitis[SEP][CLS]eye disease","0"
"Breast Peripheral Papilloma[SEP][CLS]breast duct papilloma","1"
"Vulvar Paget Disease[SEP][CLS]duodenal obstruction","0"
"Thymic Large Cell Neuroendocrine Carcinoma[SEP][CLS]female reproductive system disease","0"
"Cervical Disc Degenerative Disorder[SEP][CLS]thalassemia","0"
"Richter Syndrome[SEP][CLS]bone remodeling disease","0"
"Gastroparesis[SEP][CLS]endometrial disease","0"
"Esophageal Verrucous Carcinoma[SEP][CLS]uterine disease","0"
"Central Nervous System Tumor with BCOR Internal Tandem Duplication[SEP][CLS]syndrome","0"
"Esophageal Leukoplakia[SEP][CLS]esophageal disease","1"
"Fabry Disease[SEP][CLS]pancreatic adenocarcinoma","0"
"Ovarian Mucinous Cystadenoma[SEP][CLS]heart sarcoma","0"
"Amenorrhea[SEP][CLS]conjunctival disease","0"
"Penile Sarcomatoid Carcinoma[SEP][CLS]angiomyoma","0"
"Nasal Cavity Inverted Papilloma[SEP][CLS]acquired metabolic disease","0"
"Pyelitis[SEP][CLS]cervix disease","0"
"Mycobacterium Avium Infection[SEP][CLS]B-lymphoblastic leukemia/lymphoma","0"
"Adult Brain Stem Gliosarcoma[SEP][CLS]arthritis","0"
"Childhood Intraocular Retinoblastoma[SEP][CLS]hematopoietic system disease","0"
"Intravascular Angioleiomyoma[SEP][CLS]malignant teratoma","0"
"Gastric Leiomyoma[SEP][CLS]dry eye syndrome","0"
"Spermatocele[SEP][CLS]male reproductive system disease","1"
"Pleural Solitary Fibrous Tumor[SEP][CLS]malignant mediastinal neurogenic neoplasm","0"
"Duodenitis[SEP][CLS]appendix cancer","0"
"Botryoid-Type Embryonal Rhabdomyosarcoma[SEP][CLS]embryonal rhabdomyosarcoma","1"
"Pelvic Lipomatosis[SEP][CLS]lipomatosis","1"
"Chest Wall Solitary Plasmacytoma[SEP][CLS]reproductive system disease","0"
"Gonadal Dysgenesis[SEP][CLS]primary bacterial infectious disease","0"
"Skin Pseudovascular Squamous Cell Carcinoma[SEP][CLS]skin cancer","0"
"Diffuse Glomerulonephritis[SEP][CLS]female urethral cancer","0"
"Hyperthyroxinemia[SEP][CLS]skin benign neoplasm","0"
"Renal Failure[SEP][CLS]uterine body mixed cancer","0"
"Gliofibroma[SEP][CLS]bone remodeling disease","0"
"Dermatophytosis[SEP][CLS]breast carcinoma","0"
"Biliary Atresia[SEP][CLS]cervix carcinoma","0"
"Acute Respiratory Failure[SEP][CLS]arthropathy","0"
"Frontal Lobe Neoplasm[SEP][CLS]intestinal disease","0"
"Essential Thrombocythemia[SEP][CLS]Castleman disease","0"
"Mucopolysaccharidosis Type I[SEP][CLS]seminoma","0"
"Arteriovenous Malformation/Hemangioma[SEP][CLS]skin benign neoplasm","0"
"Broad Ligament Adenocarcinoma[SEP][CLS]clivus meningioma","0"
"Thyroid Gland Well-Differentiated Tumor of Uncertain Malignant Potential[SEP][CLS]von Willebrand's disease","0"
"Arthritis[SEP][CLS]thymoma type B","0"
"Intracranial Embryonal Tumor, Not Otherwise Specified[SEP][CLS]central nervous system embryonal tumor","1"
"Lip Disorder[SEP][CLS]lung benign neoplasm","0"
"Malignant Mixed Epithelial and Stromal Tumor of the Kidney[SEP][CLS]perivascular tumor","0"
"Duodenal Ulcer[SEP][CLS]cavernous hemangioma","0"
"Glanzmann Thrombasthenia[SEP][CLS]ovarian carcinosarcoma","0"
"Transient Hypogammaglobulinemia of Infancy[SEP][CLS]schizophrenia","0"
"Social Anxiety Disorder[SEP][CLS]skin disease","0"
"Malignant Ovarian Germ Cell Tumor[SEP][CLS]amino acid metabolic disorder","0"
"Idiopathic Pulmonary Fibrosis[SEP][CLS]physical disorder","0"
"Gastroesophageal Junction Adenocarcinoma[SEP][CLS]apocrine carcinoma","0"
"Malignant Neoplasm[SEP][CLS]disease of cellular proliferation","1"
"Cardiac Granular Cell Tumor[SEP][CLS]lung carcinoma","0"
"Penile Verrucous Carcinoma[SEP][CLS]ovarian primitive germ cell tumor","0"
"Ovarian Papillary Cystadenoma[SEP][CLS]hypothalamic disease","0"
"Wolff-Parkinson-White Syndrome[SEP][CLS]adenocarcinoma","0"
"Prostate Adenoid Cystic Carcinoma[SEP][CLS]kidney disease","0"
"Broad Ligament Endometrioid Adenocarcinoma[SEP][CLS]tibial neuropathy","0"
"Hypokalemic Periodic Paralysis[SEP][CLS]ovary epithelial cancer","0"
"Mediastinal Melanotic Schwannoma[SEP][CLS]melanotic neurilemmoma","1"
"Papilledema[SEP][CLS]rectum sarcoma","0"
"Splenic Manifestation of Leukemia[SEP][CLS]postgastrectomy syndrome","0"
"Childhood Oligodendroglioma[SEP][CLS]oligodendroglioma","1"
"Wolff-Parkinson-White Syndrome[SEP][CLS]choriocarcinoma","0"
"Panniculitis[SEP][CLS]parasitic helminthiasis infectious disease","0"
"Myocarditis[SEP][CLS]cardiovascular system disease","0"
"Kidney Extraskeletal Osteosarcoma[SEP][CLS]extraosseous Ewing sarcoma","0"
"AIDS Phobia[SEP][CLS]lymphangioma","0"
"Adrenal Rest Tumor[SEP][CLS]retinal artery occlusion","0"
"Adult Infiltrating Astrocytic Tumor[SEP][CLS]keratoconjunctivitis","0"
"Adenomyoma[SEP][CLS]breast carcinoma","0"
"Aleukemic Monocytic Leukemia Cutis[SEP][CLS]endocrine organ benign neoplasm","0"
"Hypochromic Anemia[SEP][CLS]myeloid leukemia","0"
"Interstitial Nephritis[SEP][CLS]mouth disease","0"
"Congenital Glaucoma[SEP][CLS]breast benign neoplasm","0"
"Indolent Systemic Mastocytosis[SEP][CLS]IDH-mutant anaplastic astrocytoma","0"
"Duodenal Somatostatin-Producing Neuroendocrine Tumor[SEP][CLS]thymoma type B","0"
"Renal Cell Carcinoma[SEP][CLS]conjunctival degeneration","0"
"Hypercalcemic Sarcoidosis[SEP][CLS]degeneration of macula and posterior pole","0"
"Myoclonic Epilepsy of Unverricht and Lundborg[SEP][CLS]lung squamous cell carcinoma","0"
"Uremic Neuropathy[SEP][CLS]malignant pineal area germ cell neoplasm","0"
"Aortic Valve Insufficiency[SEP][CLS]urethra squamous cell carcinoma","0"
"Prolymphocytic Leukemia[SEP][CLS]primary bacterial infectious disease","0"
"Embryonal Neoplasm[SEP][CLS]diffuse large B-cell lymphoma","0"
"Pharyngeal Neoplasm[SEP][CLS]gastrointestinal system cancer","1"
"Thrombophlebitis[SEP][CLS]adenoma","0"
"Breast Secretory Carcinoma[SEP][CLS]cervix endometrial stromal tumor","0"
"Eosinophilic Variant of Chromophobe Renal Cell Carcinoma[SEP][CLS]laryngeal disease","0"
"Multicentric Thyroid Gland Papillary Carcinoma[SEP][CLS]macular retinal edema","0"
"West Syndrome[SEP][CLS]breast duct papilloma","0"
"Irritant Contact Dermatitis[SEP][CLS]acute porphyria","0"
"Childhood Botryoid-Type Embryonal Rhabdomyosarcoma[SEP][CLS]oral cavity cancer","0"
"Clivus Chondroid Chordoma[SEP][CLS]vein disease","0"
"Childhood Choroid Plexus Neoplasm[SEP][CLS]ovarian cystadenocarcinoma","0"
"EWSR1-Negative Small Round Cell Tumor[SEP][CLS]personality disorder","0"
"Fasciitis[SEP][CLS]coronary artery disease","0"
"Thyroid Gland Papillary and Follicular Carcinoma[SEP][CLS]melanoma","0"
"Lactotroph Pituitary Neuroendocrine Tumor[SEP][CLS]intestinal disease","0"
"Adult Spinal Cord Glioblastoma[SEP][CLS]spinal cord glioma","1"
"Transient Hypogammaglobulinemia of Infancy[SEP][CLS]pancreatic ductal adenocarcinoma","0"
"Composite Lymphoma[SEP][CLS]smooth muscle cancer","0"
"Spiradenoma[SEP][CLS]hypersensitivity vasculitis","0"
"Apraxia[SEP][CLS]breast carcinoma","0"
"Sphenoidal Sinusitis[SEP][CLS]dermatitis","0"
"Endometrial Endometrioid Adenocarcinoma, Secretory Variant[SEP][CLS]lower respiratory tract disease","0"
"Malignant Hard Palate Neoplasm[SEP][CLS]lung large cell carcinoma","0"
"Venous Insufficiency[SEP][CLS]vein disease","1"
"Ovarian Mucinous Adenofibroma[SEP][CLS]bile duct adenoma","0"
"Cervical Basaloid Carcinoma[SEP][CLS]synucleinopathy","0"
"Keratoconjunctivitis[SEP][CLS]chromosomal duplication syndrome","0"
"Hemolytic Anemia[SEP][CLS]nerve plexus neoplasm","0"
"Conventional Osteosarcoma[SEP][CLS]acquired polycythemia","0"
"Chronic Frontal Sinusitis[SEP][CLS]pneumonia","0"
"Tarsal Tunnel Syndrome[SEP][CLS]pancreatic intraductal papillary-colloid carcinoma","0"
"Dental Agenesis[SEP][CLS]amino acid metabolic disorder","0"
"CADASIL Syndrome[SEP][CLS]leukodystrophy","1"
"African Trypanosomiasis[SEP][CLS]trypanosomiasis","1"
"Granuloma Annulare[SEP][CLS]small intestine cancer","0"
"Cutaneous Ganglioneuroma[SEP][CLS]hemoglobinopathy","0"
"Stutter[SEP][CLS]mucopolysaccharidosis","0"
"Psychogenic Vaginismus[SEP][CLS]peripheral nervous system disease","0"
"Pneumonia[SEP][CLS]blood group incompatibility","0"
"Erythematosquamous Dermatosis[SEP][CLS]posterior pituitary gland neoplasm","0"
"EWSR1-Negative Small Round Cell Tumor[SEP][CLS]osteosarcoma","0"
"B Acute Lymphoblastic Leukemia with t(1;19)(q23;p13.3); TCF3-PBX1[SEP][CLS]B-lymphoblastic leukemia/lymphoma","1"
"Granulomatous Hepatitis[SEP][CLS]central nervous system melanocytic neoplasm","0"
"Uterine Ligament Serous Adenocarcinoma[SEP][CLS]liver cancer","0"
"Hereditary Melanoma[SEP][CLS]osteochondrodysplasia","0"
"Galactokinase Deficiency[SEP][CLS]galactosemia","1"
"Migraine With Aura[SEP][CLS]hypogonadotropic hypogonadism","0"
"Anal Canal Paget Disease[SEP][CLS]paraphilia disorder","0"
"High Grade Astrocytoma with Piloid Features[SEP][CLS]central nervous system germinoma","0"
"Malignant Ovarian Brenner Tumor[SEP][CLS]bacterial conjunctivitis","0"
"Ventricular Septal Defect[SEP][CLS]heart septal defect","1"
"Glycogen-Rich Carcinoma[SEP][CLS]skin carcinoma","0"
"Malignant Hypopharyngeal Neoplasm[SEP][CLS]pharynx cancer","1"
"Muscle Atrophy[SEP][CLS]pancreatic cystadenocarcinoma","0"
"Salpingitis Isthmica Nodosa[SEP][CLS]basal cell carcinoma","0"
"Endometrial Endometrioid Adenocarcinoma with Spindled Epithelial Cells[SEP][CLS]malignant astrocytoma","0"
"Bird Fancier's Lung[SEP][CLS]extrinsic allergic alveolitis","1"
"Testicular Fibroma[SEP][CLS]skin melanoma","0"
"Malignant Pylorus Neoplasm[SEP][CLS]skin disease","0"
"Pick's Disease[SEP][CLS]peripheral nerve schwannoma","0"
"Childhood Germ Cell Tumor[SEP][CLS]hyperpituitarism","0"
"B-Cell Non-Hodgkin Lymphoma[SEP][CLS]megacolon","0"
"Nephrogenic Diabetes Insipidus[SEP][CLS]anterior cranial fossa meningioma","0"
"Bone Osteosarcoma[SEP][CLS]uveitis","0"
"Organic Mental Disorder[SEP][CLS]severe combined immunodeficiency","0"
"Lichen Planus[SEP][CLS]intestinal obstruction","0"
"Childhood Testicular Choriocarcinoma[SEP][CLS]microglandular adenosis","0"
"Uterine Corpus Lipoleiomyoma[SEP][CLS]uterine fibroid","1"
"Bullous Pemphigoid[SEP][CLS]epidermolysis bullosa","0"
"Spina Bifida[SEP][CLS]childhood leukemia","0"
"Premature Ejaculation[SEP][CLS]disease of anatomical entity","0"
"Epidermolysis Bullosa[SEP][CLS]extrinsic cardiomyopathy","0"
"Vulvar Sarcoma[SEP][CLS]ovary sarcoma","0"
"Stromal Predominant Kidney Wilms Tumor[SEP][CLS]immune system organ benign neoplasm","0"
"Invasive Thymoma[SEP][CLS]thymoma","1"
"Infant-Type Hemispheric Glioma[SEP][CLS]adenocarcinoma","0"
"Ovarian Clear Cell Cystadenofibroma[SEP][CLS]adenoma","0"
"Cauda Equina Neoplasm[SEP][CLS]bladder adenocarcinoma","0"
"Prostate Adenoid Cystic Carcinoma[SEP][CLS]skin disease","0"
"Squamous Cell Neoplasm[SEP][CLS]breast sarcoma","0"
"Barrett Esophagus[SEP][CLS]central nervous system teratoma","0"
"Cerebral Hemangioma[SEP][CLS]brain angioma","1"
"Cervical Alveolar Soft Part Sarcoma[SEP][CLS]urinary tract obstruction","0"
"Childhood Meningeal Melanoma[SEP][CLS]female reproductive system disease","0"
"Intracranial Hypertension[SEP][CLS]brain disease","1"
"Exhibitionism[SEP][CLS]breast fibrocystic disease","0"
"Adult Malignant Mesenchymoma[SEP][CLS]female reproductive system disease","0"
"Pancreatic Mucinous Ductal Ectasia[SEP][CLS]retinoblastoma","0"
"Botulism[SEP][CLS]primary bacterial infectious disease","1"
"Hypoglycemic Coma[SEP][CLS]hydrocephalus","0"
"Cervical Villoglandular Adenocarcinoma[SEP][CLS]nosophobia","0"
"Adult Yolk Sac Tumor[SEP][CLS]endodermal sinus tumor","1"
"Parietal Lobe Neoplasm[SEP][CLS]hyperthyroidism","0"
"Maxillary Sinus Papilloma[SEP][CLS]spinal cord disease","0"
"Gastroschisis[SEP][CLS]human immunodeficiency virus infectious disease","0"
"Ptosis[SEP][CLS]thymoma","0"
"Mental Retardation, Autosomal Dominant 9[SEP][CLS]synovial sarcoma","0"
"Sleep Apnea[SEP][CLS]spinal canal and spinal cord meningioma","0"
"Keratoconus[SEP][CLS]bone remodeling disease","0"
"Extragonadal Seminoma[SEP][CLS]nephroblastoma","0"
"Normocytic Anemia[SEP][CLS]malignant leptomeningeal neoplasm","0"
"Ovarian Primitive Germ Cell Tumor[SEP][CLS]malignant ovarian germ cell neoplasm","1"
"Lymphangioma[SEP][CLS]impulse control disorder","0"
"Refractive Error[SEP][CLS]stomach disease","0"
"Hyperkalemic Periodic Paralysis[SEP][CLS]synucleinopathy","0"
"Irritable Bowel Syndrome[SEP][CLS]lice infestation","0"
"Testicular Mixed Germ Cell Tumor[SEP][CLS]palmoplantar keratosis","0"
"Duodenitis[SEP][CLS]breast benign neoplasm","0"
"Trigeminal Schwannoma[SEP][CLS]syndrome","0"
"Cervical Adenoid Basal Carcinoma[SEP][CLS]primary bacterial infectious disease","0"
"Mixed Astrocytoma-Ependymoma-Oligodendroglioma[SEP][CLS]benign teratoma","0"
"Chronic Laryngitis[SEP][CLS]laryngitis","1"
"Suppurative Cholangitis[SEP][CLS]cholangitis","1"
"Hypoparathyroidism[SEP][CLS]intestinal disease","0"
"Vulvar Keratoacanthoma[SEP][CLS]vaginal cancer","0"
"Rectal Sarcomatoid Carcinoma[SEP][CLS]carcinoma","0"
"Paracoccidioidomycosis[SEP][CLS]primary systemic mycosis","1"
"Complement Deficiency[SEP][CLS]gastrointestinal system benign neoplasm","0"
"Mixed Cellularity Classic Hodgkin Lymphoma[SEP][CLS]cytochrome-c oxidase deficiency disease","0"
"Thymic Dysplasia[SEP][CLS]thoracic disease","0"
"Gonadal Dysgenesis[SEP][CLS]myocardial infarction","0"
"Neuroma[SEP][CLS]dermatitis","0"
"Nipple Neoplasm[SEP][CLS]spinal cord glioma","0"
"Mitral Valve Insufficiency[SEP][CLS]cholecystitis","0"
"Immature Ovarian Teratoma[SEP][CLS]male urethral cancer","0"
"Prosopagnosia[SEP][CLS]liposarcoma","0"
"Sandhoff Disease[SEP][CLS]GM2 gangliosidosis","1"
"Pituitary Gland Necrosis[SEP][CLS]dysgammaglobulinemia","0"
"Acinar Cell Carcinoma[SEP][CLS]hypotrichosis","0"
"Intraocular Pressure Decreased[SEP][CLS]connective tissue disease","0"
"Calciphylaxis[SEP][CLS]calcinosis","1"
"Hypopituitarism[SEP][CLS]benign mesothelioma","0"
"Glossopharyngeal Nerve Neoplasm[SEP][CLS]primary thrombocytopenia","0"
"Idiopathic Pulmonary Fibrosis[SEP][CLS]pseudosarcomatous fibromatosis","0"
"Breast Carcinoma[SEP][CLS]glossopharyngeal nerve disease","0"
"NUT Carcinoma[SEP][CLS]cerebrum cancer","0"
"Spindle Cell Lipoma[SEP][CLS]sleep apnea","0"
"Panic Disorder[SEP][CLS]anxiety disorder","1"
"Ovarian Yolk Sac Tumor, Polyvesicular Vitelline Pattern[SEP][CLS]acute biphenotypic leukemia","0"
"Cogan-Reese Syndrome[SEP][CLS]germ cell and embryonal cancer","0"
"Primary Hyperoxaluria Type II[SEP][CLS]carcinosarcoma","0"
"HIV Infection[SEP][CLS]congenital heart disease","0"
"Granular Cell Tumor[SEP][CLS]lung squamous cell carcinoma","0"
"Blastema Predominant Kidney Wilms Tumor[SEP][CLS]splenic disease","0"
"Syndactyly[SEP][CLS]breast metaplastic carcinoma","0"
"Choroid Plexus Neoplasm[SEP][CLS]heart septal defect","0"
"Adenoid Cystic Carcinoma[SEP][CLS]colonic benign neoplasm","0"
"Sphenoid Sinus Neoplasm[SEP][CLS]panuveitis","0"
"Palmoplantar Pustulosis[SEP][CLS]bone benign neoplasm","0"
"Otorrhea[SEP][CLS]spinal canal and spinal cord meningioma","0"
"Intermittent Explosive Disorder[SEP][CLS]childhood kidney cancer","0"
"Kluver-Bucy Syndrome[SEP][CLS]subglottis cancer","0"
"Complete Androgen Insensitivity Syndrome[SEP][CLS]acquired metabolic disease","0"
"Thyrotoxicosis[SEP][CLS]maxillary sinusitis","0"
"Grand Mal Epilepsy[SEP][CLS]phimosis","0"
"Aspartylglycosaminuria[SEP][CLS]in situ carcinoma","0"
"Cervical Wilms Tumor[SEP][CLS]specific developmental disorder","0"
"Chronic Renal Failure[SEP][CLS]pancreatic adenocarcinoma","0"
"Mixed Tumor of the Salivary Gland[SEP][CLS]childhood germ cell cancer","0"
"Adult Infiltrating Astrocytic Tumor[SEP][CLS]ureteral disease","0"
"Parapsoriasis[SEP][CLS]central nervous system germ cell tumor","0"
"Chondroblastic Osteosarcoma[SEP][CLS]gastrointestinal neuroendocrine benign tumor","0"
"Small Cell Intermediate Cell Carcinoma[SEP][CLS]cerebellum cancer","0"
"Bartholin Gland Transitional Cell Carcinoma[SEP][CLS]leiomyoma","0"
"Glomangioma[SEP][CLS]benign perivascular tumor","1"
"Pineal Region Yolk Sac Tumor[SEP][CLS]acrofacial dysostosis","0"
"Parietal Lobe Neoplasm[SEP][CLS]penis squamous cell carcinoma","0"
"Diabetic Neuropathy[SEP][CLS]tic disorder","0"
"Hepatitis A Infection[SEP][CLS]sphingolipidosis","0"
"Diffuse Cutaneous Systemic Sclerosis[SEP][CLS]dissociative disorder","0"
"Intermediate Immature Teratoma[SEP][CLS]breast carcinoma","0"
"Portal Hypertension[SEP][CLS]acute myeloid leukemia","0"
"Atypical Teratoid/Rhabdoid Tumor[SEP][CLS]retinal disease","0"
"Hypoglycemia[SEP][CLS]intrinsic cardiomyopathy","0"
"Cervical Adenomyoma, Endocervical-Type[SEP][CLS]Crohn's disease","0"
"Macular Hole[SEP][CLS]retinal disease","1"
"Invasive Bladder Lymphoepithelioma-Like Carcinoma[SEP][CLS]breast carcinoma","0"
"Cervicocranial Syndrome[SEP][CLS]uveal melanoma","0"
"Central Nervous System Angiosarcoma[SEP][CLS]central nervous system sarcoma","1"
"Gastroenteritis[SEP][CLS]epithelioid sarcoma","0"
"Primary Intracranial Sarcoma, DICER1-Mutant[SEP][CLS]cholestasis","0"
"Endometrioid Stromal Sarcoma[SEP][CLS]nephroblastoma","0"
"Breast Intraductal Papillary Neoplasm[SEP][CLS]sleep disorder","0"
"Nesidioblastosis[SEP][CLS]orbit rhabdomyosarcoma","0"
"Osteochondrosis[SEP][CLS]corneal degeneration","0"
"Vagus Nerve Neoplasm[SEP][CLS]chondrosarcoma","0"
"Aleukemic Monocytic Leukemia Cutis[SEP][CLS]childhood brain stem glioma","0"
"Congo-Crimean Hemorrhagic Fever[SEP][CLS]personality disorder","0"
"Dermatitis Herpetiformis[SEP][CLS]lung large cell carcinoma","0"
"Chronic Conjunctivitis[SEP][CLS]cerebrum cancer","0"
"Endocervicitis[SEP][CLS]keratoconjunctivitis","0"
"Malignant Testicular Sex Cord-Stromal Tumor[SEP][CLS]renal carcinoma","0"
"Thymoma Type B[SEP][CLS]vein disease","0"
"Krukenberg Tumor[SEP][CLS]intrahepatic cholangiocarcinoma","0"
"Hypertensive Retinopathy[SEP][CLS]blindness","0"
"Melanomatosis[SEP][CLS]male reproductive system disease","0"
"Anal Margin Basal Cell Carcinoma[SEP][CLS]adrenal cortex disease","0"
"Small Intestinal Sarcoma[SEP][CLS]capillary disease","0"
"Lymphomatoid Granulomatosis[SEP][CLS]disease of anatomical entity","0"
"Dermatitis Herpetiformis[SEP][CLS]bullous skin disease","1"
"Pyelitis[SEP][CLS]bone osteosarcoma","0"
"Ischemic Fasciitis[SEP][CLS]stomatitis","0"
"Childhood Infratentorial Neoplasm[SEP][CLS]brain stem cancer","1"
"Multidrug-Resistant Tuberculosis[SEP][CLS]cystitis","0"
"Epidermolytic Acanthoma[SEP][CLS]retinoblastoma","0"
"Meniere Disease[SEP][CLS]lymphoma","0"
"Conventional Angiosarcoma[SEP][CLS]bilirubin metabolic disorder","0"
"Acute Hemorrhagic Leukoencephalitis[SEP][CLS]IDH-mutant anaplastic astrocytoma","0"
"Adult Acute Lymphoblastic Leukemia[SEP][CLS]opportunistic mycosis","0"
"Adenosine Deaminase Deficiency[SEP][CLS]histiocytic and dendritic cell cancer","0"
"Frontal Sinus Papilloma[SEP][CLS]malignant teratoma","0"
"Paraplegia[SEP][CLS]dissociative disorder","0"
"Prostate Acinar Adenocarcinoma[SEP][CLS]ovary epithelial cancer","0"
"Anemia[SEP][CLS]pyelonephritis","0"
"Esophagitis[SEP][CLS]microscopic colitis","0"
"Childhood Central Nervous System Embryonal Tumor, Not Otherwise Specified[SEP][CLS]malignant cystadenoma","0"
"Vasomotor Rhinitis[SEP][CLS]ocular motility disease","0"
"Phlebitis[SEP][CLS]anaplastic astrocytoma","0"
"Bladder Urothelial Carcinoma In Situ[SEP][CLS]breast carcinoma","0"
"Glycine Encephalopathy[SEP][CLS]teratoma","0"
"Extrahepatic Bile Duct Intraductal Papillary Neoplasm[SEP][CLS]cervical squamous cell carcinoma","0"
"Leishmaniasis[SEP][CLS]Bartholin's gland carcinoma","0"
"Brain Oligodendroglioma[SEP][CLS]brain glioma","1"
"Vasomotor Rhinitis[SEP][CLS]rhinitis","1"
"Breast Medullary Carcinoma[SEP][CLS]malignant peripheral nerve sheath tumor","0"
"Benign Recurrent Intrahepatic Cholestasis[SEP][CLS]intrahepatic cholestasis","1"
"Synchronous Bilateral Breast Carcinoma[SEP][CLS]bilateral breast cancer","1"
"Inferolateral Myocardial Infarction by ECG Finding[SEP][CLS]chronic lymphocytic leukemia","0"
"Frontal Sinus Papilloma[SEP][CLS]sarcoma","0"
"Buerger Disease[SEP][CLS]thymoma","0"
"Galloway-Mowat Syndrome[SEP][CLS]syndrome","1"
"Head and Neck Neoplasm[SEP][CLS]cranial nerve disease","0"
"Diabetic Retinopathy[SEP][CLS]neuropathy","0"
"Breast Epithelioid Hemangioma[SEP][CLS]esophageal carcinoma","0"
"Thyroid Gland Microfollicular Adenoma[SEP][CLS]osteochondrodysplasia","0"
"Subglottis Neoplasm[SEP][CLS]central nervous system lipoma","0"
"Subendocardial Myocardial Infarction by ECG Finding[SEP][CLS]parasitic infectious disease","0"
"Ovarian Polyembryoma[SEP][CLS]ovarian primitive germ cell tumor","1"
"Kleptomania[SEP][CLS]endometrial stromal tumor","0"
"Ophthalmia Neonatorum[SEP][CLS]disorder of sexual development","0"
"Calcification[SEP][CLS]vascular disease","0"
"Malignant Cardiac Germ Cell Tumor[SEP][CLS]autism spectrum disorder","0"
"Infantile Refsum Disease[SEP][CLS]gonadal disease","0"
"Hypohidrosis[SEP][CLS]uterine fibroid","0"
"Malignant Ethmoid Sinus Neoplasm[SEP][CLS]peroxisomal disease","0"
"Conjunctival Disorder[SEP][CLS]benign mediastinal neurilemmoma","0"
"Granulomatous Arteritis[SEP][CLS]high grade glioma","0"
"Polyarteritis Nodosa[SEP][CLS]vasculitis","1"
"Wolffian Tumor[SEP][CLS]male reproductive organ benign neoplasm","0"
"Psammomatous Meningioma[SEP][CLS]cerebellar astrocytoma","0"
"Intestinal Volvulus[SEP][CLS]smallpox","0"
"Acquired Immunodeficiency Syndrome[SEP][CLS]impulse control disorder","0"
"Acute Myeloid Leukemia with t(8;21)(q22; q22.1); RUNX1-RUNX1T1[SEP][CLS]breast sarcoma","0"
"Renal Pelvis Neoplasm[SEP][CLS]urethra cancer","0"
"Eye Disorder[SEP][CLS]vestibular gland benign neoplasm","0"
"Brachial Plexopathy[SEP][CLS]malignant astrocytoma","0"
"Ovarian Monodermal and Highly Specialized Teratoma[SEP][CLS]artery disease","0"
"Paralytic Ileus[SEP][CLS]eating disorder","0"
"Bladder Mucinous Adenocarcinoma[SEP][CLS]corneal degeneration","0"
"Epithelial Predominant Kidney Wilms Tumor[SEP][CLS]pneumonia","0"
"Heart Disorder[SEP][CLS]ovarian endodermal sinus tumor","0"
"Coagulation Disorder[SEP][CLS]cranial nerve malignant neoplasm","0"
"Bladder Squamous Papilloma[SEP][CLS]hyperostosis","0"
"Kabuki Syndrome[SEP][CLS]testis seminoma","0"
"Childhood Dermatomyositis[SEP][CLS]neurofibroma","0"
"Medulloblastoma, Non-WNT/Non-SHH, Group 4[SEP][CLS]supratentorial cancer","0"
"Hemangiopericytic Neoplasm[SEP][CLS]intestinal disease","0"
"Dermal Neoplasm[SEP][CLS]B-cell lymphoma","0"
"Thyroid Gland Medullary Carcinoma[SEP][CLS]pituitary gland disease","0"
"Asbestosis[SEP][CLS]glucose metabolism disease","0"
"Periosteal Osteosarcoma[SEP][CLS]third cranial nerve disease","0"
"Spindle Cell Oncocytoma[SEP][CLS]uveitis","0"
"Nephrogenic Diabetes Insipidus[SEP][CLS]ureteral disease","0"
"Skin Pseudovascular Squamous Cell Carcinoma[SEP][CLS]amino acid metabolic disorder","0"
"Ectodermal Dysplasia[SEP][CLS]syndrome","1"
"Ovarian Yolk Sac Tumor, Polyvesicular Vitelline Pattern[SEP][CLS]skin disease","0"
"Neonatal Thyrotoxicosis[SEP][CLS]malignant peripheral nerve sheath tumor","0"
"Mediastinal Ganglioneuroblastoma[SEP][CLS]malignant mediastinal neurogenic neoplasm","1"
"Anovulation[SEP][CLS]skin benign neoplasm","0"
"Functioning Pituitary Neuroendocrine Tumor[SEP][CLS]arthritis","0"
"Lipodystrophy[SEP][CLS]leiomyosarcoma","0"
"Amebiasis[SEP][CLS]parasitic protozoa infectious disease","1"
"Retinal Disorder[SEP][CLS]clivus chordoma","0"
"Dilated Cardiomyopathy[SEP][CLS]atherosclerosis","0"
"Hairy Tongue[SEP][CLS]lung small cell carcinoma","0"
"Non-Hodgkin Lymphoma[SEP][CLS]candidiasis","0"
"B Acute Lymphoblastic Leukemia with t(1;19)(q23;p13.3); TCF3-PBX1[SEP][CLS]anal squamous cell carcinoma","0"
"Glioblastoma, IDH-Wildtype[SEP][CLS]disease of anatomical entity","0"
"Chronic Polyneuropathy[SEP][CLS]ovarian primitive germ cell tumor","0"
"Ovarian Small Cell Carcinoma[SEP][CLS]central nervous system benign neoplasm","0"
"Osteitis Fibrosa Cystica[SEP][CLS]childhood germ cell cancer","0"
"Pituitary Dwarfism[SEP][CLS]cheilitis","0"
"Epithelioid Neurofibroma[SEP][CLS]integumentary system disease","0"
"Vestibular Schwannoma[SEP][CLS]hemoglobinuria","0"
"Pancreatoblastoma[SEP][CLS]lung carcinoma","0"
"Thyroid Gland Mucoepidermoid Carcinoma[SEP][CLS]liposarcoma","0"
"Complete Androgen Insensitivity Syndrome[SEP][CLS]fallopian tube benign neoplasm","0"
"Ovarian Papillary Tumor[SEP][CLS]contact dermatitis","0"
"Uveal Disorder[SEP][CLS]nervous system disease","0"
"Essential Thrombocythemia[SEP][CLS]polycythemia","0"
"Intestinal Disorder[SEP][CLS]gastric adenocarcinoma","0"
"Sexual Dysfunction[SEP][CLS]angiosarcoma","0"
"Calciphylaxis[SEP][CLS]Ehlers-Danlos syndrome","0"
"Incontinentia Pigmenti[SEP][CLS]liposarcoma","0"
"Testicular Torsion[SEP][CLS]pemphigoid","0"
"Polyneuropathy[SEP][CLS]bladder carcinoma","0"
"Monophasic Synovial Sarcoma[SEP][CLS]uterine cancer","0"
"Childhood Pilocytic Astrocytoma[SEP][CLS]Ehlers-Danlos syndrome","0"
"Cystic Hygroma[SEP][CLS]PTEN hamartoma tumor syndrome","0"
"Blepharoconjunctivitis[SEP][CLS]adenocarcinoma","0"
"Acalculous Cholecystitis[SEP][CLS]cardiovascular organ benign neoplasm","0"
"Urethral Diverticulum[SEP][CLS]hemangioma","0"
"Dermoid Cyst[SEP][CLS]malignant astrocytoma","0"
"Amelanotic Melanoma[SEP][CLS]arthritis","0"
"Proliferative Glomerulonephritis[SEP][CLS]malignant astrocytoma","0"
"Retinitis[SEP][CLS]skin carcinoma","0"
"Pernicious Anemia[SEP][CLS]ovarian endodermal sinus tumor","0"
"Ovarian Endometrioid Cystadenoma[SEP][CLS]bladder disease","0"
"Sex Cord-Stromal Tumor[SEP][CLS]parasitic protozoa infectious disease","0"
"Melanoma in Congenital Melanocytic Nevus[SEP][CLS]fasciitis","0"
"Pseudohypoparathyroidism[SEP][CLS]acute porphyria","0"
"Senile Cataract[SEP][CLS]cerebellopontine angle tumor","0"
"Cholesteatoma[SEP][CLS]pituitary infarct","0"
"Atypical Chronic Myeloid Leukemia[SEP][CLS]histiocytosis","0"
"Plasmacytoma[SEP][CLS]complex regional pain syndrome","0"
"Posterolateral Myocardial Infarction by ECG Finding[SEP][CLS]epilepsy","0"
"Intestinal Pseudo-Obstruction[SEP][CLS]endometrial disease","0"
"Breast Capillary Hemangioma[SEP][CLS]brain disease","0"
"Rosette-Forming Glioneuronal Tumor[SEP][CLS]central nervous system benign neoplasm","1"
"Darier Disease[SEP][CLS]cervical squamous cell carcinoma","0"
"Childhood Conventional Osteosarcoma[SEP][CLS]aortic disease","0"
"Dengue Fever[SEP][CLS]ciliary body cancer","0"
"Hypochromic Anemia[SEP][CLS]central nervous system disease","0"
"Potassium Deficiency Disorder[SEP][CLS]follicular adenoma","0"
"Leiomyosarcoma[SEP][CLS]leukocyte disease","0"
"Choriocarcinoma[SEP][CLS]metabolic acidosis","0"
"Keratitis[SEP][CLS]mesenchymal cell neoplasm","0"
"Adult Extraskeletal Osteosarcoma[SEP][CLS]kidney disease","0"
"Lung Adenoid Cystic Carcinoma[SEP][CLS]megacolon","0"
"Hand Foot and Mouth Disease[SEP][CLS]mitral valve disease","0"
"Intraneural Perineurioma[SEP][CLS]contact dermatitis","0"
"Temporal Lobe Epilepsy[SEP][CLS]vascular disease","0"
"Adult Teratoma[SEP][CLS]childhood leukemia","0"
"Pulmonary Veno-Occlusive Disease[SEP][CLS]choriocarcinoma","0"
"Mucolipidosis[SEP][CLS]mature T-cell and NK-cell lymphoma","0"
"Chronic Inflammatory Demyelinating Polyneuropathy[SEP][CLS]ureteral benign neoplasm","0"
"Cervical Basaloid Carcinoma[SEP][CLS]parathyroid adenoma","0"
"Tall Cell Variant Thyroid Gland Papillary Carcinoma[SEP][CLS]viral infectious disease","0"
"Testicular Atrophy[SEP][CLS]viral infectious disease","0"
"Blackwater Fever[SEP][CLS]vaginal adenoma","0"
"Ureter Urothelial Papilloma[SEP][CLS]interstitial lung disease","0"
"Porphyria Cutanea Tarda[SEP][CLS]peroxisomal disease","0"
"Fuchs Endothelial Dystrophy[SEP][CLS]amino acid metabolic disorder","0"
"Acute Contagious Conjunctivitis[SEP][CLS]duodenal obstruction","0"
"Irritant Contact Dermatitis[SEP][CLS]primary cutaneous T-cell non-Hodgkin lymphoma","0"
"Clear Cell Cystadenofibroma[SEP][CLS]intestinal obstruction","0"
"Endometrial Endometrioid Adenocarcinoma with Spindled Epithelial Cells[SEP][CLS]glossopharyngeal nerve disease","0"
"Refsum Disease[SEP][CLS]purine-pyrimidine metabolic disorder","0"
"Gliofibroma[SEP][CLS]medulloblastoma","0"
"Anal Disorder[SEP][CLS]inherited metabolic disorder","0"
"Pilocytic Astrocytoma[SEP][CLS]childhood low-grade glioma","1"
"Medulloblastoma, WNT-Activated[SEP][CLS]central nervous system embryonal tumor","0"
"Hypertensive Heart Disease[SEP][CLS]hidradenoma","0"
"Cystic Hygroma[SEP][CLS]encephalitis","0"
"Childhood Spinal Cord Neoplasm[SEP][CLS]uterine fibroid","0"
"Jugular Foramen Meningioma[SEP][CLS]male reproductive system disease","0"
"Multiple Intraspinal Meningiomas[SEP][CLS]extraocular retinoblastoma","0"
"Peroxisomal Disorder[SEP][CLS]inherited metabolic disorder","1"
"Chest Wall Solitary Plasmacytoma[SEP][CLS]opportunistic mycosis","0"
"Solitary Plasmacytoma of Bone[SEP][CLS]plasmacytoma","1"
"Sporadic Breast Carcinoma[SEP][CLS]salpingitis","0"
"Classic Variant of Chromophobe Renal Cell Carcinoma[SEP][CLS]chromophobe renal cell carcinoma","1"
"Malignant Cutaneous Granular Cell Tumor[SEP][CLS]brain angioma","0"
"Osteochondrosis[SEP][CLS]endocrine system disease","0"
"Maxillary Sinus Neoplasm[SEP][CLS]aortic aneurysm","0"
"Breast Atypical Papilloma[SEP][CLS]central nervous system benign neoplasm","0"
"Porokeratosis[SEP][CLS]central nervous system disease","0"
"Ankylosis[SEP][CLS]psychosexual disorder","0"
"Ovarian Serous Cystadenocarcinoma[SEP][CLS]B-cell lymphoma","0"
"Uveal Disorder[SEP][CLS]retinoblastoma","0"
"Kidney Leiomyosarcoma[SEP][CLS]lymphoproliferative syndrome","0"
"Cranial Nerve VII Palsy[SEP][CLS]laryngeal benign neoplasm","0"
"Uterine Ligament Neoplasm[SEP][CLS]choroid plexus cancer","0"
"Breast Tubular Carcinoma[SEP][CLS]neuroblastoma","0"
"Hypoactive Sexual Desire Disorder[SEP][CLS]acute biphenotypic leukemia","0"
"Malignant Oculomotor Nerve Neoplasm[SEP][CLS]cranial nerve III tumor","1"
"Hilar Cholangiocarcinoma[SEP][CLS]intrahepatic cholangiocarcinoma","1"
"Idiopathic Granulomatous Myositis[SEP][CLS]mucopolysaccharidosis","0"
"Vaginal Yolk Sac Tumor[SEP][CLS]focal dystonia","0"
"Parkinson's Disease[SEP][CLS]childhood spinal muscular atrophy","0"
"Somatotroph Pituitary Neuroendocrine Tumor[SEP][CLS]arthritis","0"
"Fallopian Tube Teratoma[SEP][CLS]B-cell lymphoma","0"
"Giant Cell Tumor of Bone[SEP][CLS]autism spectrum disorder","0"
"MMIH Syndrome[SEP][CLS]dissociative disorder","0"
"Endosalpingiosis[SEP][CLS]neurofibroma","0"
"Non-Functioning Pancreatic Neuroendocrine Tumor[SEP][CLS]myeloid and lymphoid neoplasms with eosinophilia and abnormalities of PDGFRA, PDGFRB, and FGFR1","0"
"Supravalvular Aortic Stenosis[SEP][CLS]bone sarcoma","0"
"Laryngeal Leiomyosarcoma[SEP][CLS]neuroma","0"
"Lung Basaloid Large Cell Carcinoma[SEP][CLS]rectal disease","0"
"Salpingo-Oophoritis[SEP][CLS]ovary adenocarcinoma","0"
"Central Nervous System Embryonal Tumor, Not Otherwise Specified[SEP][CLS]jejunal cancer","0"
"Cystitis[SEP][CLS]bladder disease","1"
"Malignant Thymoma[SEP][CLS]brain angioma","0"
"Breast Mucoepidermoid Carcinoma[SEP][CLS]acute myeloid leukemia","0"
"Focal Segmental Glomerulosclerosis[SEP][CLS]glomerulosclerosis","1"
"Hemoglobin D Disease[SEP][CLS]hemoglobinopathy","1"
"Infant-Type Hemispheric Glioma[SEP][CLS]malignant astrocytoma","1"
"Lacrimal Mucocele[SEP][CLS]penis squamous cell carcinoma","0"
"Syndrome[SEP][CLS]viral infectious disease","0"
"Cerebellopontine Angle Embryonal Tumor, Not Otherwise Specified[SEP][CLS]pneumoconiosis","0"
"Extraosseous Plasmacytoma[SEP][CLS]medulloblastoma","0"
"Breast Squamous Cell Carcinoma, Spindle Cell Variant[SEP][CLS]melanoma","0"
"Nelson Syndrome[SEP][CLS]adrenal cortex disease","1"
"Leishmaniasis[SEP][CLS]vulvar sarcoma","0"
"Thymoma Type AB[SEP][CLS]thymoma","1"
"Cutaneous Granular Cell Tumor[SEP][CLS]metal metabolism disorder","0"
"Thymoma Type A[SEP][CLS]cystitis","0"
"Mesothelioma[SEP][CLS]angiomyolipoma","1"
"Malignant Myoepithelioma[SEP][CLS]functioning pituitary adenoma","0"
"Central Retinal Vein Occlusion[SEP][CLS]renal tubular transport disease","0"
"Breast Intraductal Proliferative Lesion[SEP][CLS]peripheral nervous system neoplasm","0"
"Vasomotor Rhinitis[SEP][CLS]pre-eclampsia","0"
"Thyroid Gland Angiosarcoma[SEP][CLS]aortic aneurysm","0"
"Primary Hyperoxaluria[SEP][CLS]specific developmental disorder","0"
"Impulse-Control Disorder[SEP][CLS]postgastrectomy syndrome","0"
"Plantar Verrucous Carcinoma[SEP][CLS]central nervous system embryonal tumor","0"
"Urethral Obstruction[SEP][CLS]salpingitis","0"
"Occult Lung Squamous Cell Carcinoma[SEP][CLS]lung squamous cell carcinoma","1"
"Echolalia[SEP][CLS]retinal artery occlusion","0"
"Paranoid Type Schizophrenia[SEP][CLS]disseminated intravascular coagulation","0"
"Sex Cord-Stromal Tumor[SEP][CLS]ovarian papillary neoplasm","0"
"Aicardi Syndrome[SEP][CLS]disease of mental health","0"
"Ovarian Endometrioid Adenocarcinofibroma[SEP][CLS]mucopolysaccharidosis","0"
"Impetigo[SEP][CLS]perivascular tumor","0"
"Thyroid Gland Medullary Carcinoma[SEP][CLS]auditory system disease","0"
"Parathyroid Gland Disorder[SEP][CLS]bile duct cystadenoma","0"
"Persistent Fetal Circulation[SEP][CLS]congenital heart disease","0"
"Falx Cerebri Meningioma[SEP][CLS]eccrine sweat gland cancer","0"
"Juvenile Myelomonocytic Leukemia[SEP][CLS]reproductive organ cancer","0"
"Testicular Yolk Sac Tumor, Endodermal Sinus/Perivascular Pattern[SEP][CLS]testicular yolk sac tumor","1"
"Paralytic Ileus[SEP][CLS]ovarian small cell carcinoma","0"
"Pleural Disorder[SEP][CLS]idiopathic interstitial pneumonia","0"
"Rhesus Isoimmunization[SEP][CLS]acute kidney failure","0"
"Dedifferentiated Liposarcoma[SEP][CLS]viral infectious disease","0"
"Breast Granular Cell Tumor[SEP][CLS]Pancoast tumor","0"
"Cerebral Convexity Meningioma[SEP][CLS]skin disease","0"
"Falciparum Malaria[SEP][CLS]central nervous system melanocytic neoplasm","0"
"Epidural Spinal Canal Neoplasm[SEP][CLS]vaginal discharge","0"
"Microphthalmos[SEP][CLS]basal cell carcinoma","0"
"Malignant Mediastinal Hemangiopericytoma[SEP][CLS]endocrine organ benign neoplasm","0"
"Exudative Glomerulonephritis[SEP][CLS]glomerulonephritis","1"
"Uterine Corpus Myxoid Leiomyoma[SEP][CLS]mitral valve disease","0"
"Breast Fibrocystic Change, Proliferative Type with Atypia[SEP][CLS]neuropathy","0"
"Graves Disease[SEP][CLS]glomerulosclerosis","0"
"Scabies[SEP][CLS]personality disorder","0"
"Benign Vaginal Mixed Tumor[SEP][CLS]microscopic colitis","0"
"Vitamin B6 Deficiency[SEP][CLS]cholangitis","0"
"Glottis Verrucous Carcinoma[SEP][CLS]germ cell cancer","0"
"Skin Mucoepidermoid Carcinoma[SEP][CLS]bladder adenocarcinoma","0"
"Granular Cell Carcinoma[SEP][CLS]peripheral nervous system disease","0"
"Dissociative Disorder[SEP][CLS]cavernous hemangioma","0"
"Liver Solitary Fibrous Tumor[SEP][CLS]vascular cancer","0"
"Carcinoma ex Pleomorphic Adenoma[SEP][CLS]hematopoietic system disease","0"
"Childhood Acute Lymphoblastic Leukemia[SEP][CLS]hidradenoma","0"
"Bladder Diverticulum[SEP][CLS]lacrimal system cancer","0"
"Olfactory Groove Meningioma[SEP][CLS]ovarian small cell carcinoma","0"
"Sexual Sadism[SEP][CLS]Griscelli syndrome","0"
"Endometrial Disorder[SEP][CLS]uterine disease","1"
"Thymoma Type AB[SEP][CLS]primary hyperaldosteronism","0"
"Malignant Eccrine Neoplasm[SEP][CLS]reactive cutaneous fibrous lesion","0"
"45,X/46,XY Mixed Gonadal Dysgenesis[SEP][CLS]gonadal dysgenesis","1"
"Laryngeal Squamous Papilloma[SEP][CLS]laryngeal benign neoplasm","1"
"Sellar Region Neoplasm[SEP][CLS]breast cyst","0"
"Mixed Cell Adenoma[SEP][CLS]penile disease","0"
"Endometrioid Stromal Sarcoma of the Vagina[SEP][CLS]acute monocytic leukemia","0"
"Breast Acinic Cell Carcinoma[SEP][CLS]synovial sarcoma","0"
"Fredrickson Type IV Lipidemia[SEP][CLS]paraphilia disorder","0"
"Anal Intraepithelial Neoplasia 3[SEP][CLS]malignant astrocytoma","0"
"Vulvar Disorder[SEP][CLS]organic acidemia","0"
"Columnar Cell Variant Thyroid Gland Papillary Carcinoma[SEP][CLS]colitis","0"
"Bladder Enteric Type Adenocarcinoma[SEP][CLS]Ewing sarcoma of bone","0"
"Aggressive Systemic Mastocytosis[SEP][CLS]myeloid and lymphoid neoplasms with eosinophilia and abnormalities of PDGFRA, PDGFRB, and FGFR1","0"
"Esophageal Disorder[SEP][CLS]syndrome","0"
"Favus[SEP][CLS]breast adenoma","0"
"Lysinuric Protein Intolerance[SEP][CLS]osteosarcoma","0"
"Ornithosis[SEP][CLS]retinal artery occlusion","0"
"Nasopharyngeal-Type Undifferentiated Carcinoma[SEP][CLS]cholestasis","0"
"Melorheostosis[SEP][CLS]intrinsic cardiomyopathy","0"
"Acquired Keratoderma[SEP][CLS]visual cortex disease","0"
"Uterine Corpus Myxoid Leiomyoma[SEP][CLS]colon adenocarcinoma","0"
"Mycosis Fungoides[SEP][CLS]fibrosarcoma","0"
"Myotonic Disorder[SEP][CLS]drug dependence","0"
"Temporal Lobe Neoplasm[SEP][CLS]primary bacterial infectious disease","0"
"Placental Choriocarcinoma[SEP][CLS]central nervous system lipoma","0"
"Central Sleep Apnea[SEP][CLS]periapical periodontitis","0"
"Rift Valley Fever[SEP][CLS]viral infectious disease","1"
"Cystadenoma[SEP][CLS]endocrine system disease","0"
"Secondary Hyperparathyroidism[SEP][CLS]muscular dystrophy","0"
"Primary Lateral Sclerosis[SEP][CLS]motor neuron disease","1"
"Placenta Accreta[SEP][CLS]malignant peripheral nerve sheath tumor","0"
"Pinta[SEP][CLS]peritoneal carcinoma","0"
"Voyeurism[SEP][CLS]physical disorder","0"
"Childhood Acute Myeloid Leukemia[SEP][CLS]hepatocellular carcinoma","0"
"Irritable Bowel Syndrome[SEP][CLS]pneumonia","0"
"Pancreatic Neuroendocrine Carcinoma[SEP][CLS]islet cell tumor","1"
"Nasopharyngeal Disorder[SEP][CLS]liver benign neoplasm","0"
"Bone Marrow Disorder[SEP][CLS]viral infectious disease","0"
"Skull Base Chordoma[SEP][CLS]psychosexual disorder","0"
"Vitreous Detachment[SEP][CLS]spinal muscular atrophy","0"
"Localized Pulmonary Fibrosis[SEP][CLS]capillary disease","0"
"Ovarian Yolk Sac Tumor, Hepatoid Pattern[SEP][CLS]hidradenoma","0"
"Dermatitis Herpetiformis[SEP][CLS]panuveitis","0"
"Malignant Thymoma[SEP][CLS]autonomic nervous system neoplasm","0"
"Colitis[SEP][CLS]meningioma","0"
"Skull Base Meningioma[SEP][CLS]acanthoma","0"
"Lung Non-Squamous Non-Small Cell Carcinoma[SEP][CLS]bone benign neoplasm","0"
"Malignant Rectosigmoid Neoplasm[SEP][CLS]small intestine cancer","0"
"Nevoid Basal Cell Carcinoma Syndrome[SEP][CLS]long bone adamantinoma","0"
"Necatoriasis[SEP][CLS]breast cancer","0"
"Functioning Pituitary Neuroendocrine Tumor[SEP][CLS]rhabdomyosarcoma","0"
"Mucin-Producing Intrahepatic Cholangiocarcinoma[SEP][CLS]intrahepatic cholangiocarcinoma","1"
"Composite Ganglioneuroblastoma, Schwannian Stroma-Rich and Stroma-Poor[SEP][CLS]spinal cancer","0"
"Tertiary Syphilis[SEP][CLS]hidradenoma","0"
"Peripheral Sensory Neuropathy[SEP][CLS]neuropathy","1"
"Intrahepatic Cholestasis[SEP][CLS]bone development disease","0"
"Mevalonate Kinase Deficiency[SEP][CLS]endocrine system disease","0"
"Hydranencephaly[SEP][CLS]fallopian tube adenofibroma","0"
"Ovarian Gestational Choriocarcinoma[SEP][CLS]chondrosarcoma","0"
"Cervical Mullerian Papilloma[SEP][CLS]breast carcinoma","0"
"Malignant Melanotic Peripheral Nerve Sheath Tumor[SEP][CLS]malignant peripheral nerve sheath tumor","1"
"Protoplasmic Astrocytoma[SEP][CLS]germ cell and embryonal cancer","0"
"Complex Regional Pain Syndrome I[SEP][CLS]cecal disease","0"
"Hypoglycemia[SEP][CLS]stomach cancer","0"
"Amino Acid Metabolism Disorder[SEP][CLS]myotonic disease","0"
"Cervical Adenoid Cystic Carcinoma[SEP][CLS]supraglottis cancer","0"
"Plexopathy[SEP][CLS]connective tissue benign neoplasm","0"
"Ureter Urothelial Papilloma[SEP][CLS]basal cell carcinoma","0"
"Herpes Simplex Virus Infection[SEP][CLS]viral infectious disease","1"
"Mucolipidosis[SEP][CLS]lung disease","0"
"Blastoma[SEP][CLS]retinal vascular disease","0"
"Syringoma[SEP][CLS]congenital heart disease","0"
"Angular Cheilitis[SEP][CLS]neuropathy","0"
"Acute Atopic Conjunctivitis[SEP][CLS]vascular hemostatic disease","0"
"Omphalocele[SEP][CLS]breast disease","0"
"Rectosigmoid Neoplasm[SEP][CLS]nephrolithiasis","0"
"Alcoholic Gastritis[SEP][CLS]neurodegenerative disease","0"
"Adamantinomatous Craniopharyngioma[SEP][CLS]syndrome","0"
"Gonadal Disorder[SEP][CLS]endocrine system disease","1"
"Undifferentiated Pleomorphic Sarcoma[SEP][CLS]renal cell carcinoma","0"
"Fructose-1,6-Bisphosphatase Deficiency[SEP][CLS]invasive bladder transitional cell carcinoma","0"
"Acute Nasopharyngitis[SEP][CLS]male reproductive organ cancer","0"
"Phosphorus Metabolic Disorder[SEP][CLS]breast adenocarcinoma","0"
"Nipple Carcinoma[SEP][CLS]breast carcinoma","1"
"Duodenitis[SEP][CLS]connective tissue cancer","0"
"Uterine Corpus Dissecting Leiomyoma[SEP][CLS]epidermolysis bullosa","0"
"Anterior Foramen Magnum Meningioma[SEP][CLS]foramen magnum meningioma","1"
"Angiomatous Meningioma[SEP][CLS]synovial sarcoma","0"
"Temporal Lobe Neoplasm[SEP][CLS]leiomyosarcoma","0"
"Anhidrotic Ectodermal Dysplasia 1[SEP][CLS]fibrosarcoma","0"
"Hereditary Spherocytosis[SEP][CLS]gastric adenocarcinoma","0"
"Cystitis Cystica[SEP][CLS]primary bacterial infectious disease","0"
"Retroperitoneal Hemangiopericytoma[SEP][CLS]spinal canal and spinal cord meningioma","0"
"Extracranial Neuroblastoma[SEP][CLS]neuroblastoma","1"
"Anal Margin Basal Cell Carcinoma[SEP][CLS]dermatitis","0"
"Pancreatic Mucinous Ductal Ectasia[SEP][CLS]prostate disease","0"
"Demyelinating Polyneuropathy[SEP][CLS]benign mediastinal neurilemmoma","0"
"Sanfilippo Syndrome[SEP][CLS]heart valve disease","0"
"Central Giant Cell Granuloma[SEP][CLS]medulloblastoma","0"
"Cervical Mesonephric Adenocarcinoma[SEP][CLS]endometrial adenocarcinoma","0"
"Ataxia with Isolated Vitamin E Deficiency[SEP][CLS]chronic lymphocytic leukemia","0"
"Gastric Neuroendocrine Neoplasm[SEP][CLS]gastrointestinal neuroendocrine benign tumor","1"
"Urethral Obstruction[SEP][CLS]spinal cord disease","0"
"Extrahepatic Bile Duct Intraductal Papillary Neoplasm[SEP][CLS]biliary papillomatosis","1"
"Pericholangitis[SEP][CLS]parasitic helminthiasis infectious disease","0"
"Rete Ovarii Adenocarcinoma[SEP][CLS]ovary adenocarcinoma","1"
"Epidermolysis Bullosa Dystrophica[SEP][CLS]bile duct cystadenoma","0"
"Pediculosis[SEP][CLS]vascular disease","0"
"Vasomotor Rhinitis[SEP][CLS]uveal melanoma","0"
"Sertoli Cell Tumor[SEP][CLS]laryngeal benign neoplasm","0"
"Skin Squamous Papilloma[SEP][CLS]mitochondrial encephalomyopathy","0"
"Eosinophilic Variant of Chromophobe Renal Cell Carcinoma[SEP][CLS]thyroiditis","0"
"Renal Pelvis Neoplasm[SEP][CLS]malignant giant cell tumor","0"
"Ovarian Surface Papilloma[SEP][CLS]primary ciliary dyskinesia","0"
"Progressive Bulbar Palsy[SEP][CLS]viral gastritis","0"
"Polycythemia Neonatorum[SEP][CLS]amino acid metabolic disorder","0"
"Hyperlysinemia[SEP][CLS]kidney disease","0"
"Uterine Carcinosarcoma[SEP][CLS]cystadenofibroma","0"
"Kidney Extraskeletal Osteosarcoma[SEP][CLS]nose disease","0"
"Anthrax[SEP][CLS]myositis","0"
"Myeloid Leukemia[SEP][CLS]amino acid metabolic disorder","0"
"Colon L-Cell Glucagon-Like Peptide-Producing Neuroendocrine Tumor[SEP][CLS]arthropathy","0"
"Asbestosis[SEP][CLS]skin carcinoma","0"
"Diffuse Glomerulonephritis[SEP][CLS]vulva carcinoma","0"
"Cerebritis[SEP][CLS]neurodegenerative disease","0"
"Ethmoid Sinus Papilloma[SEP][CLS]pneumoconiosis","0"
"Hemoglobinuria[SEP][CLS]refractive error","0"
"B Acute Lymphoblastic Leukemia with t(1;19)(q23;p13.3); TCF3-PBX1[SEP][CLS]mitochondrial encephalomyopathy","0"
"Ethmoid Sinus Primary Ectopic Meningioma[SEP][CLS]cervical carcinosarcoma","0"
"Hypoactive Sexual Desire Disorder[SEP][CLS]skin disease","0"
"Thyroid Gland Macrofollicular Adenoma[SEP][CLS]endodermal sinus tumor","0"
"Breast Signet Ring Cell Carcinoma[SEP][CLS]uterine ligament adenocarcinoma","0"
"Testicular Yolk Sac Tumor, Papillary Pattern[SEP][CLS]papillary conjunctivitis","0"
"Extrahepatic Cholestasis[SEP][CLS]cholestasis","1"
"Familial Polycythemia[SEP][CLS]polycythemia","1"
"Baritosis[SEP][CLS]disorder of sexual development","0"
"Periosteal Chondrosarcoma[SEP][CLS]tic disorder","0"
"Testicular Seminoma, Cribriform Variant[SEP][CLS]herpes simplex","0"
"Pancreatitis[SEP][CLS]primary bacterial infectious disease","0"
"Fructose-1,6-Bisphosphatase Deficiency[SEP][CLS]iris disease","0"
"Glomangioma[SEP][CLS]acute porphyria","0"
"Androgen Insensitivity Syndrome[SEP][CLS]cerebellum cancer","0"
"Mitral Valve Disorder[SEP][CLS]agnosia","0"
"Ossifying Fibromyxoid Tumor[SEP][CLS]syndrome","0"
"Mycobacterium Avium Infection[SEP][CLS]differentiated thyroid gland carcinoma","0"
"Peripheral Primitive Neuroectodermal Tumor of Bone[SEP][CLS]carcinoma","0"
"Pneumonia[SEP][CLS]severe combined immunodeficiency","0"
"Partial Epilepsy[SEP][CLS]central nervous system benign neoplasm","0"
"Adult Liposarcoma[SEP][CLS]chronic cystitis","0"
"Intraneural Perineurioma[SEP][CLS]sex cord-gonadal stromal tumor","0"
"Mediastinal Soft Tissue Neoplasm[SEP][CLS]breast fibroadenoma","0"
"Adult Extraskeletal Myxoid Chondrosarcoma[SEP][CLS]breast squamous cell carcinoma","0"
"Breast Neuroendocrine Neoplasm[SEP][CLS]autoimmune disease","0"
"Pancreatic Acinar Cell Cystadenocarcinoma[SEP][CLS]delusional disorder","0"
"Dyschromatosis Symmetrica Hereditaria[SEP][CLS]personality disorder","0"
"Eosinophilic Granulomatosis with Polyangiitis[SEP][CLS]muscular dystrophy","0"
"Post-Streptococcal Glomerulonephritis[SEP][CLS]neurilemmoma","0"
"Epithelioid Cell Melanoma[SEP][CLS]multifocal osteogenic sarcoma","0"
"Pseudohypoparathyroidism[SEP][CLS]viral infectious disease","0"
"Gastric Neuroendocrine Neoplasm[SEP][CLS]hepatitis","0"
"Proliferative Glomerulonephritis[SEP][CLS]glomerulonephritis","1"
"Acute Hemorrhagic Encephalitis[SEP][CLS]syndrome","0"
"Jejunal Somatostatin-Producing Neuroendocrine Tumor[SEP][CLS]cognitive disorder","0"
"Amebiasis[SEP][CLS]lipid metabolism disorder","0"
"Cholecystitis[SEP][CLS]viral infectious disease","0"
"Retinoblastoma[SEP][CLS]adenomyoma of uterine corpus","0"
"Chronic Sphenoidal Sinusitis[SEP][CLS]retinal edema","0"
"Spindle Cell Hemangioma[SEP][CLS]neurofibroma","0"
"Bartholin Gland Cyst[SEP][CLS]vulva carcinoma","0"
"Trigonitis[SEP][CLS]eye disease","0"
"Extraskeletal Osteosarcoma[SEP][CLS]urethral benign neoplasm","0"
"Granular Cell Tumor[SEP][CLS]apocrine sweat gland neoplasm","0"
"Scleritis[SEP][CLS]papilloma","0"
"Pancreatic Serous Cystadenoma[SEP][CLS]vagina botryoid rhabdomyosarcoma","0"
"Adrenal Gland Neuroblastoma[SEP][CLS]chronic lymphocytic leukemia/small lymphocytic lymphoma","0"
"Osteogenesis Imperfecta[SEP][CLS]vulva carcinoma","0"
"Landau-Kleffner Syndrome[SEP][CLS]small intestine benign neoplasm","0"
"Blind Loop Syndrome[SEP][CLS]B-lymphoblastic leukemia/lymphoma","0"
"Myopathy[SEP][CLS]muscle tissue disease","1"
"Hepatoerythropoietic Porphyria[SEP][CLS]angiosarcoma","0"
"Rothmund-Thomson Syndrome[SEP][CLS]bone osteosarcoma","0"
"Lecithin Acyltransferase Deficiency[SEP][CLS]sweat gland disease","0"
"Pineal Region Mature Teratoma[SEP][CLS]phobic disorder","0"
"Skin Follicular Basal Cell Carcinoma[SEP][CLS]low grade glioma","0"
"Adamantinoma[SEP][CLS]meningioma","0"
"Esophageal Adenoid Cystic Carcinoma[SEP][CLS]skin carcinoma","0"
"Uveal Disorder[SEP][CLS]osteosarcoma","0"
"Cherry Hemangioma[SEP][CLS]benign perivascular tumor","0"
"Leukemia[SEP][CLS]malignant ovarian surface epithelial-stromal neoplasm","0"
"Liver Fibrosarcoma[SEP][CLS]gastrointestinal system cancer","0"
"Pathological Myopia[SEP][CLS]lung small cell carcinoma","0"
"Encapsulated Thymoma[SEP][CLS]myeloid neoplasm","0"
"Malignant Ovarian Brenner Tumor[SEP][CLS]breast sarcoma","0"
"Alagille Syndrome[SEP][CLS]meningioma","0"
"Dermoid Cyst[SEP][CLS]Pancoast tumor","0"
"Rosacea[SEP][CLS]blood platelet disease","0"
"Sertoli Cell-Only Syndrome[SEP][CLS]invasive bladder transitional cell carcinoma","0"
"Hairy Cell Leukemia Variant[SEP][CLS]endocrine system disease","0"
"Histrionic Personality Disorder[SEP][CLS]specific developmental disorder","0"
"Cortical Blindness[SEP][CLS]liver benign neoplasm","0"
"Splenic Abscess[SEP][CLS]lysosomal acid lipase deficiency","0"
"Pneumoconiosis[SEP][CLS]carcinoma","0"
"Cervical Disorder[SEP][CLS]cranial nerve disease","0"
"Meningitis[SEP][CLS]B-lymphoblastic leukemia/lymphoma","0"
"Gastric Neuroendocrine Neoplasm[SEP][CLS]liposarcoma","0"
"Infertility[SEP][CLS]testicular malignant germ cell cancer","0"
"Central Nervous System Leukemia[SEP][CLS]central nervous system cancer","1"
"Chromophobe Renal Cell Carcinoma[SEP][CLS]parasitic helminthiasis infectious disease","0"
"Cholestasis[SEP][CLS]ductal carcinoma in situ","0"
"Meningoencephalitis[SEP][CLS]central nervous system disease","1"
"Nasal Cavity Disorder[SEP][CLS]nose disease","1"
"Fanconi Anemia[SEP][CLS]congenital hypoplastic anemia","1"
"Spermatocele[SEP][CLS]skin disease","0"
"HIV Infection[SEP][CLS]ovarian primitive germ cell tumor","0"
"Thyroid Hormone Resistance Syndrome[SEP][CLS]hair disease","0"
"Amelanotic Melanoma[SEP][CLS]invasive bladder transitional cell carcinoma","0"
"Benign Exocrine Pancreas Neoplasm[SEP][CLS]peripheral vascular disease","0"
"Keratinizing Squamous Cell Carcinoma[SEP][CLS]hepatocellular carcinoma","0"
"Amyloidosis[SEP][CLS]Usher syndrome","0"
"Stress Polycythemia[SEP][CLS]skin disease","0"
"Malignant Childhood Hemangiopericytoma[SEP][CLS]liposarcoma","0"
"Blomstrand Type Chondrodysplasia[SEP][CLS]skin squamous cell carcinoma","0"
"Neonatal Jaundice[SEP][CLS]eye disease","0"
"Malignant Smooth Muscle Neoplasm[SEP][CLS]esophageal disease","0"
"Lung Neuroendocrine Neoplasm[SEP][CLS]lymphadenitis","0"
"Prostate Acinar Adenocarcinoma[SEP][CLS]kidney disease","0"
"Schizotypal Personality Disorder[SEP][CLS]ovarian papillary neoplasm","0"
"Choroid Disorder[SEP][CLS]childhood kidney cancer","0"
"Breast Squamous Cell Carcinoma, Acantholytic Variant[SEP][CLS]hypolipoproteinemia","0"
"Coccidioidomycosis[SEP][CLS]fasciitis","0"
"Childhood Extraskeletal Osteosarcoma[SEP][CLS]cervical squamous cell carcinoma","0"
"Fallopian Tube Adenosarcoma[SEP][CLS]adult brain stem glioma","0"
"Verruca Plantaris[SEP][CLS]mononeuropathy","0"
"Neuritis[SEP][CLS]B-cell lymphoma","0"
"Cervical Keratinizing Squamous Cell Carcinoma[SEP][CLS]esophagus sarcoma","0"
"Adult Vaginal Botryoid-Type Embryonal Rhabdomyosarcoma[SEP][CLS]vagina botryoid rhabdomyosarcoma","1"
"Sialic Acid Storage Disease[SEP][CLS]metal metabolism disorder","0"
"Tay-Sachs Disease[SEP][CLS]pleural empyema","0"
"Cervicocranial Syndrome[SEP][CLS]psychosexual disorder","0"
"Hereditary Elliptocytosis[SEP][CLS]frontal sinusitis","0"
"Female Stress Incontinence[SEP][CLS]ovarian disease","0"
"Yellow Fever Virus Infection[SEP][CLS]intestinal disease","0"
"Adrenal Gland Disorder[SEP][CLS]endocrine system disease","1"
"Ureter Abscess[SEP][CLS]lymphadenitis","0"
"Apocrine Neoplasm[SEP][CLS]fallopian tube adenocarcinoma","0"
"Penile Paget Disease[SEP][CLS]kidney disease","0"
"Skin Angiosarcoma[SEP][CLS]congenital nervous system abnormality","0"
"Ovarian Large Cell Neuroendocrine Carcinoma[SEP][CLS]ovarian carcinoma","1"
"Adrenal Gland Neuroblastoma[SEP][CLS]sweat gland benign neoplasm","0"
"Thyroid Gland Hyalinizing Trabecular Tumor[SEP][CLS]follicular adenoma","1"
"Hypertrichosis[SEP][CLS]hair disease","1"
"Sarcomatoid Intrahepatic Cholangiocarcinoma[SEP][CLS]intrahepatic cholangiocarcinoma","1"
"Pericardial Effusion[SEP][CLS]endometrial adenocarcinoma","0"
"Thyroid Gland Macrofollicular Adenoma[SEP][CLS]histiocytoma","0"
"Obstructive Jaundice[SEP][CLS]ovarian cystadenocarcinoma","0"
"Hair Follicle Neoplasm[SEP][CLS]primary bacterial infectious disease","0"
"Wolffian Tumor[SEP][CLS]uterine ligament cancer","1"
"Adult Hepatocellular Carcinoma[SEP][CLS]acute promyelocytic leukemia","0"
"Extragonadal Seminoma[SEP][CLS]parosteal osteosarcoma","0"
"Femoral Neuropathy[SEP][CLS]cerebral degeneration","0"
"Plasma Cell Leukemia[SEP][CLS]skin carcinoma","0"
"Mastitis[SEP][CLS]pericarditis","0"
"Whipple Disease[SEP][CLS]congenital heart disease","0"
"Membranous Glomerulonephritis[SEP][CLS]mood disorder","0"
"GM1 Gangliosidosis[SEP][CLS]apocrine sweat gland neoplasm","0"
"Pituitary Gland Mixed Acidophil-Basophil Adenoma[SEP][CLS]low grade glioma","0"
"Congenital Pure Red Cell Aplasia[SEP][CLS]cholangitis","0"
"Mediastinal Liposarcoma[SEP][CLS]cerebral meningioma","0"
"Castleman Disease[SEP][CLS]lymphoproliferative syndrome","1"
"Acute Sinusitis[SEP][CLS]breast benign neoplasm","0"
"Incompetent Cervix[SEP][CLS]communication disorder","0"
"Pineal Region Dysgerminoma[SEP][CLS]nephritis","0"
"Ophthalmia Neonatorum[SEP][CLS]hyperparathyroidism","0"
"Refractory Malignant Testicular Germ Cell Tumor[SEP][CLS]cerebral meningioma","0"
"Thoracic Outlet Syndrome[SEP][CLS]esophageal cancer","0"
"Onchocerciasis[SEP][CLS]syndrome","0"
"Meckel Diverticulum[SEP][CLS]melanoma","0"
"Bladder Verrucous Carcinoma[SEP][CLS]intestinal obstruction","0"
"Gastric Papillary Adenocarcinoma[SEP][CLS]glucose metabolism disease","0"
"Baritosis[SEP][CLS]testicular non-seminomatous germ cell cancer","0"
"Ulcerative Stomatitis[SEP][CLS]melanotic neurilemmoma","0"
"Tangier Disease[SEP][CLS]male urethral cancer","0"
"Malignant Ovarian Epithelial Tumor[SEP][CLS]low grade glioma","0"
"Gastric Antral Vascular Ectasia[SEP][CLS]macrocytic anemia","0"
"Extracranial Neuroblastoma[SEP][CLS]chromophobe renal cell carcinoma","0"
"Lymphocytic Gastritis[SEP][CLS]spinal cord glioma","0"
"Splenic Hemangioma[SEP][CLS]bronchial disease","0"
"Thoracic Outlet Syndrome[SEP][CLS]liposarcoma","0"
"Expressive Language Disorder[SEP][CLS]lymphoma","0"
"Binocular Vision Disorder[SEP][CLS]thymoma","0"
"Dermatographism[SEP][CLS]physical urticaria","1"
"Adamantinomatous Craniopharyngioma[SEP][CLS]glaucoma","0"
"Cerebral Hemangioma[SEP][CLS]visceral heterotaxy","0"
"Extrahepatic Bile Duct Embryonal Rhabdomyosarcoma[SEP][CLS]lymphatic system disease","0"
"Tetanus Neonatorum[SEP][CLS]testicular yolk sac tumor","0"
"Bladder Clear Cell Adenocarcinoma[SEP][CLS]skin squamous cell carcinoma","0"
"Primary Parapharyngeal Meningioma[SEP][CLS]meningioma","1"
"Partial Retinal Vein Occlusion[SEP][CLS]breast adenoma","0"
"Vaginal Leiomyosarcoma[SEP][CLS]uveal melanoma","0"
"Central Giant Cell Granuloma[SEP][CLS]skin benign neoplasm","0"
"Photosensitive Dermatitis[SEP][CLS]chronic leukemia","0"
"Large Cell Acanthoma[SEP][CLS]acanthoma","1"
"Migraine[SEP][CLS]nosophobia","0"
"Thyroid Gland Malformation[SEP][CLS]adrenal cortical hypofunction","0"
"Occult Lung Squamous Cell Carcinoma[SEP][CLS]coronary artery disease","0"
"Acute Promyelocytic Leukemia with t(15;17)(q24.1;q21.2); PML-RARA[SEP][CLS]musculoskeletal system disease","0"
"Anorexia Nervosa[SEP][CLS]disease of anatomical entity","0"
"Allergic Cutaneous Angiitis[SEP][CLS]hypersensitivity reaction type III disease","1"
"Childhood Ovarian Embryonal Carcinoma[SEP][CLS]breast disease","0"
"Prostate Embryonal Rhabdomyosarcoma[SEP][CLS]breast benign neoplasm","0"
"Primary Hyperoxaluria[SEP][CLS]connective tissue cancer","0"
"Breast Cyst[SEP][CLS]breast benign neoplasm","1"
"Adult Central Nervous System Germ Cell Tumor[SEP][CLS]gangliosidosis","0"
"Gynecomastia[SEP][CLS]malignant cystadenoma","0"
"Kidney Fibrosarcoma[SEP][CLS]tauopathy","0"
"Metastatic Somatotroph Pituitary Neuroendocrine Tumor[SEP][CLS]laryngeal disease","0"
"Malignant Type AB Thymoma[SEP][CLS]heart aneurysm","0"
"Plantar Fibromatosis[SEP][CLS]dermatitis","0"
"Alastrim[SEP][CLS]gastric adenocarcinoma","0"
"Extramammary Paget Disease[SEP][CLS]cataract","0"
"Central Nervous System Mature Teratoma[SEP][CLS]bladder carcinoma","0"
"Tetanus[SEP][CLS]chromophil adenoma of the kidney","0"
"Idiopathic Granulomatous Myositis[SEP][CLS]lung carcinoma","0"
"Allergic Cutaneous Angiitis[SEP][CLS]primary bacterial infectious disease","0"
"Muscular Dystrophy[SEP][CLS]ethmoidal sinus benign neoplasm","0"
"Breast Oncocytic Carcinoma[SEP][CLS]breast adenocarcinoma","1"
"Porphyria[SEP][CLS]tricuspid valve disease","0"
"Hereditary Hyperbilirubinemia[SEP][CLS]choriocarcinoma of ovary","0"
"Vasomotor Rhinitis[SEP][CLS]plasma cell neoplasm","0"
"Extracranial Neuroblastoma[SEP][CLS]leiomyosarcoma","0"
"Prostate Acinar Signet Ring Cell-Like Adenocarcinoma[SEP][CLS]dermis tumor","0"
"Vaginal Disorder[SEP][CLS]brain stem cancer","0"
"Benign Vaginal Mixed Tumor[SEP][CLS]benign vaginal carcinosarcoma","1"
"Abducens Nerve Disorder[SEP][CLS]syphilis","0"
"Ectopic Thymus[SEP][CLS]ovarian dysfunction","0"
"Orbital Cellulitis[SEP][CLS]skin carcinoma","0"
"Neonatal Candidiasis[SEP][CLS]hyperpituitarism","0"
"Fallopian Tube Serous Adenocarcinoma[SEP][CLS]fallopian tube adenocarcinoma","1"
"Speech Disorder[SEP][CLS]connective tissue disease","0"
"Blackwater Fever[SEP][CLS]anal margin carcinoma","0"
"Pancreatoblastoma[SEP][CLS]eccrine sweat gland neoplasm","0"
"Encephalitis[SEP][CLS]dysgerminoma","0"
"Multiple Acyl-CoA Dehydrogenase Deficiency[SEP][CLS]parathyroid adenoma","0"
"Esophageal Mucoepidermoid Carcinoma[SEP][CLS]organ system cancer","0"
"Large Cell Acanthoma[SEP][CLS]sinusitis","0"
"Tracheal Disorder[SEP][CLS]B-lymphoblastic leukemia/lymphoma","0"
"Optic Atrophy[SEP][CLS]osteochondrosis","0"
"Varicose Vein[SEP][CLS]palmoplantar keratosis","0"
"Atypical Chronic Myeloid Leukemia[SEP][CLS]neuropathy","0"
"Variegate Porphyria[SEP][CLS]clivus meningioma","0"
"Urethra Disorder[SEP][CLS]diencephalic neoplasm","0"
"Epicardial Lipoma[SEP][CLS]syphilis","0"
"Deep Fibrous Histiocytoma[SEP][CLS]disease of mental health","0"
"Neurotoxicity Syndrome[SEP][CLS]nervous system disease","1"
"Polyradiculopathy[SEP][CLS]liver sarcoma","0"
"Hemophagocytic Lymphohistiocytosis[SEP][CLS]visual pathway disease","0"
"Epiglottitis[SEP][CLS]brain disease","0"
"Dependent Personality Disorder[SEP][CLS]skin sarcoma","0"
"Beta Thalassemia Major[SEP][CLS]phimosis","0"
"Pancreatic Foamy Gland Adenocarcinoma[SEP][CLS]parasitic helminthiasis infectious disease","0"
"Obsessive-Compulsive Personality Disorder[SEP][CLS]follicular adenoma","0"
"Synchronous Bilateral Breast Carcinoma[SEP][CLS]skin disease","0"
"Breast Intraductal Papillomatosis[SEP][CLS]capillary disease","0"
"Acute Promyelocytic Leukemia with t(15;17)(q24.1;q21.2); PML-RARA[SEP][CLS]meningioma","0"
"Deep Fibrous Histiocytoma[SEP][CLS]nephroblastoma","0"
"Solid Pseudopapillary Carcinoma of the Pancreas[SEP][CLS]cholangitis","0"
"Stage IVB Bladder Cancer[SEP][CLS]hepatocellular carcinoma","0"
"Acute Laryngitis[SEP][CLS]laryngitis","1"
"Medulloblastoma, Non-WNT/Non-SHH, Group 3[SEP][CLS]lymphoma","0"
"Cellular Schwannoma[SEP][CLS]intracranial structure hemangioma","0"
"Obstructive Nephropathy[SEP][CLS]lip disease","0"
"Ehlers-Danlos Syndrome, Type III[SEP][CLS]viral infectious disease","0"
"Hallermann Syndrome[SEP][CLS]kidney disease","0"
"Intravascular Nodular Fasciitis[SEP][CLS]anxiety disorder","0"
"Familial Hypertrophic Cardiomyopathy[SEP][CLS]sinusitis","0"
"Eating Disorder[SEP][CLS]fallopian tube adenofibroma","0"
"Echinococcosis[SEP][CLS]parasitic helminthiasis infectious disease","1"
"Bagassosis[SEP][CLS]eye disease","0"
"Paranoid Type Schizophrenia[SEP][CLS]acute myeloid leukemia","0"
"Multiple Self Healing Epithelioma of Ferguson-Smith[SEP][CLS]renal cell carcinoma","0"
"Spinal Meningioma[SEP][CLS]spinal cancer","1"
"Chronic Obstructive Pulmonary Disease[SEP][CLS]thrombophilia","0"
"Pars Planitis[SEP][CLS]malignant peripheral nerve sheath tumor","0"
"Generalized Epilepsy[SEP][CLS]epilepsy","1"
"Speech Disorder[SEP][CLS]neurofibromatosis","0"
"Hydronephrosis[SEP][CLS]glomangioma","0"
"Chronic Myelomonocytic Leukemia[SEP][CLS]mouth disease","0"
"Osteochondrosis[SEP][CLS]uremia","0"
"Retinal Tear[SEP][CLS]vulva squamous cell carcinoma","0"
"Myelodysplastic/Myeloproliferative Neoplasm[SEP][CLS]parathyroid adenoma","0"
"COVID-19 Infection[SEP][CLS]amino acid metabolic disorder","0"
"Chronic Obstructive Pulmonary Disease[SEP][CLS]organic acidemia","0"
"Subglottis Neoplasm[SEP][CLS]B cell deficiency","0"
"Selective IgE Immunodeficiency[SEP][CLS]synovial sarcoma","0"
"Necrotizing Fasciitis[SEP][CLS]connective tissue disease","0"
"Tourette Syndrome[SEP][CLS]tic disorder","1"
"Aggressive Systemic Mastocytosis[SEP][CLS]brain disease","0"
"Hypopituitarism[SEP][CLS]ichthyosis","0"
"Childhood Extraskeletal Osteosarcoma[SEP][CLS]squamous cell neoplasm","0"
"Malignant Essential Hypertension[SEP][CLS]male infertility","0"
"Myotonic Cataract[SEP][CLS]goiter","0"
"Testicular Seminoma, Tubular Variant[SEP][CLS]spinal canal and spinal cord meningioma","0"
"Dystonia[SEP][CLS]invasive bladder transitional cell carcinoma","0"
"Childhood Brain Stem Glioma[SEP][CLS]breast squamous cell carcinoma","0"
"Psoriasis[SEP][CLS]lacrimal apparatus disease","0"
"Intracranial Embryonal Tumor, Not Otherwise Specified[SEP][CLS]amino acid metabolic disorder","0"
"Intranodal Palisaded Myofibroblastoma[SEP][CLS]lymph node benign neoplasm","1"
"Demyelinating Polyneuropathy[SEP][CLS]chronic lymphocytic leukemia","0"
"Cryptophthalmia[SEP][CLS]vulva carcinoma","0"
"Breast Apocrine Carcinoma[SEP][CLS]psoriasis","0"
"Lacrimal Gland Adenoid Cystic Carcinoma[SEP][CLS]pulmonary blastoma","0"
"Elephantiasis[SEP][CLS]migraine","0"
"Cranial Nodular Fasciitis[SEP][CLS]pseudosarcomatous fibromatosis","1"
"Occult Lung Squamous Cell Carcinoma[SEP][CLS]benign vascular tumor","0"
"Anxiety Disorder[SEP][CLS]synovial sarcoma","0"
"Intracranial Abscess[SEP][CLS]central nervous system disease","1"
"Ampulla of Vater Signet Ring Cell Carcinoma[SEP][CLS]vitreous disease","0"
"Henoch-Schönlein Purpura[SEP][CLS]parasitic ectoparasitic infectious disease","0"
"Mixed Cellularity Classic Hodgkin Lymphoma[SEP][CLS]ureteral disease","0"
"Thymic Large Cell Neuroendocrine Carcinoma[SEP][CLS]malignant giant cell tumor","0"
"Leukodystrophy[SEP][CLS]pneumoconiosis","0"
"Nelson Syndrome[SEP][CLS]systemic mastocytosis","0"
"Skin Acantholytic Squamous Cell Carcinoma[SEP][CLS]bone inflammation disease","0"
"Anovulation[SEP][CLS]ovarian disease","1"
"MMIH Syndrome[SEP][CLS]fallopian tube cancer","0"
"Phlebitis[SEP][CLS]invasive bladder transitional cell carcinoma","0"
"Broad Ligament Adenocarcinoma[SEP][CLS]uterine ligament cancer","1"
"Tenosynovial Giant Cell Tumor[SEP][CLS]chromophobe renal cell carcinoma","0"
"Renal Papillary Adenoma[SEP][CLS]ocular melanoma","0"
"Sertoli Cell-Only Syndrome[SEP][CLS]cavernous hemangioma","0"
"Hypercortisolemia[SEP][CLS]aortic valve stenosis","0"
"Peritoneal Mesothelial Neoplasm[SEP][CLS]pituitary gland disease","0"
"Intradural Extramedullary Cauda Equina Astrocytoma[SEP][CLS]brain disease","0"
"Orchitis[SEP][CLS]bone benign neoplasm","0"
"Leukemia[SEP][CLS]hematologic cancer","1"
"Obese[SEP][CLS]paranasal sinus cancer","0"
"Ovarian Mucinous Adenofibroma[SEP][CLS]myocardial infarction","0"
"Xanthogranulomatous Cholecystitis[SEP][CLS]angiosarcoma","0"
"Cystic Hygroma[SEP][CLS]intrahepatic cholangiocarcinoma","0"
"Bile Duct Mucinous Cystic Neoplasm[SEP][CLS]breast carcinoma","0"
"Large Cell Carcinoma[SEP][CLS]pleomorphic rhabdomyosarcoma","0"
"Coronary Artery Stenosis[SEP][CLS]sphenoidal sinus benign neoplasm","0"
"Gallbladder Small Cell Neuroendocrine Carcinoma[SEP][CLS]disease of anatomical entity","0"
"Cutaneous Nodular Melanoma[SEP][CLS]inflammatory bowel disease","0"
"Hematologic and Lymphocytic Disorder[SEP][CLS]tic disorder","0"
"Infiltrating Angiolipoma[SEP][CLS]cataract","0"
"Vulvar Melanoma[SEP][CLS]ureteral disease","0"
"Diabetes Insipidus[SEP][CLS]endolymphatic hydrops","0"
"Peroxisomal Acyl-CoA Oxidase Deficiency[SEP][CLS]eye disease","0"
"Atypical Intradermal Smooth Muscle Neoplasm[SEP][CLS]laryngeal benign neoplasm","0"
"Cerebral Malaria[SEP][CLS]malaria","1"
"Childhood Infratentorial Ependymoma[SEP][CLS]drug dependence","0"
"Childhood Brain Germinoma[SEP][CLS]breast benign neoplasm","0"
"Onchocerciasis[SEP][CLS]tertiary neurosyphilis","0"
"Testicular Yolk Sac Tumor, Myxomatous Pattern[SEP][CLS]differentiated thyroid gland carcinoma","0"
"Spinal Cord Neuroblastoma[SEP][CLS]primary bacterial infectious disease","0"
"Benign Breast Adenomyoepithelioma[SEP][CLS]skin benign neoplasm","0"
"Compartment Syndrome[SEP][CLS]iris cancer","0"
"Multiple Self Healing Epithelioma of Ferguson-Smith[SEP][CLS]cystadenocarcinoma","0"
"Gastric Small Cell Neuroendocrine Carcinoma[SEP][CLS]testicular cancer","0"
"Nontoxic Goiter[SEP][CLS]endometritis","0"
"Non-Functioning Pancreatic Neuroendocrine Tumor[SEP][CLS]urinary system disease","0"
"Anal Paget Disease[SEP][CLS]mononeuropathy","0"
"Hypertrophic Pyloric Stenosis[SEP][CLS]primary bacterial infectious disease","0"
"Sarcomatoid Intrahepatic Cholangiocarcinoma[SEP][CLS]B-cell lymphoma","0"
"Conduct Disorder[SEP][CLS]ovarian benign neoplasm","0"
"Sclerosteosis[SEP][CLS]biliary papillomatosis","0"
"Necrotizing Ulcerative Gingivitis[SEP][CLS]liposarcoma","0"
"Kidney Fibrosarcoma[SEP][CLS]eye disease","0"
"Pineoblastoma[SEP][CLS]pineal gland cancer","1"
"Epithelial Predominant Pulmonary Blastoma[SEP][CLS]congenital nervous system abnormality","0"
"Endometrial Serous Adenocarcinoma[SEP][CLS]primary cutaneous T-cell non-Hodgkin lymphoma","0"
"Non-Muscle Invasive Bladder Carcinoma[SEP][CLS]congenital hypoplastic anemia","0"
"Craniopharyngioma[SEP][CLS]histone mutated tumor","0"
"Chronic Maxillary Sinusitis[SEP][CLS]hypersensitivity reaction type III disease","0"
"Intraventricular Meningioma[SEP][CLS]skin cancer","0"
"Van der Woude Syndrome[SEP][CLS]spinal cord glioma","0"
"Pulmonary Fibrosis[SEP][CLS]blepharitis","0"
"Adult Central Nervous System Germinoma[SEP][CLS]kidney benign neoplasm","0"
"Small Intestinal Neuroendocrine Neoplasm[SEP][CLS]craniosynostosis","0"
"Ureter Abscess[SEP][CLS]eccrine sweat gland neoplasm","0"
"Glycogen-Rich, Clear Cell Breast Carcinoma[SEP][CLS]breast disease","0"
"Pancreatic Non-Invasive Mucinous Cystadenocarcinoma[SEP][CLS]reading disorder","0"
"Abdominal Aortic Aneurysm[SEP][CLS]aortic aneurysm","1"
"Emery-Dreifuss Muscular Dystrophy[SEP][CLS]cystadenofibroma","0"
"Dengue Hemorrhagic Fever[SEP][CLS]dengue disease","1"
"Melanotic Neuroectodermal Tumor[SEP][CLS]lipomatosis","0"
"Liver Leiomyosarcoma[SEP][CLS]yaws","0"
"Eating Disorder[SEP][CLS]meningioma","0"
"Skin Basosquamous Cell Carcinoma[SEP][CLS]retroperitoneal cancer","0"
"Lactic Acidosis[SEP][CLS]cranial nerve palsy","0"
"Breast Solid Papillary Carcinoma[SEP][CLS]autoimmune disease of musculoskeletal system","0"
"Eccrine Neoplasm[SEP][CLS]spinal cancer","0"
"Parietal Lobe Neoplasm[SEP][CLS]pyoderma","0"
"Uterine Polyp[SEP][CLS]central nervous system benign neoplasm","0"
"Embryonal Tumor with Multilayered Rosettes[SEP][CLS]high grade glioma","0"
"Ovarian Yolk Sac Tumor[SEP][CLS]supraglottis squamous cell carcinoma","0"
"Frontal Sinus Neoplasm[SEP][CLS]impulse control disorder","0"
"Osteomalacia[SEP][CLS]heart cancer","0"
"Oligodendroglioma[SEP][CLS]mature teratoma of the ovary","0"
"Dependence[SEP][CLS]bone resorption disease","0"
"Anaplastic Pleomorphic Xanthoastrocytoma[SEP][CLS]agnosia","0"
"Listeriosis[SEP][CLS]primary bacterial infectious disease","1"
"Cervical Poorly Differentiated Adenosquamous Carcinoma[SEP][CLS]mediastinal neurilemmoma","0"
"Multiple Acyl-CoA Dehydrogenase Deficiency[SEP][CLS]inherited metabolic disorder","1"
"Acute Myeloid Leukemia with Minimal Differentiation[SEP][CLS]lipomatosis","0"
"Hematologic and Lymphocytic Disorder[SEP][CLS]glossopharyngeal nerve disease","0"
"Dissociative Identity Disorder[SEP][CLS]leiomyoma","0"
"Bladder Small Cell Neuroendocrine Carcinoma[SEP][CLS]central nervous system embryonal tumor","0"
"Adamantinoma[SEP][CLS]B-lymphoblastic leukemia/lymphoma","0"
"Testicular Yolk Sac Tumor, Hepatoid Pattern[SEP][CLS]pneumoconiosis","0"
"Kidney Disorder[SEP][CLS]urinary system disease","1"
"Cerebral Hemangioma[SEP][CLS]acute myeloid leukemia","0"
"Alagille Syndrome[SEP][CLS]breast duct papilloma","0"
"Primary Hyperoxaluria[SEP][CLS]metal metabolism disorder","0"
"Melanotic Schwannoma[SEP][CLS]thyroid gland follicular carcinoma","0"
"Adult Extraskeletal Osteosarcoma[SEP][CLS]endometritis","0"
"Osteogenesis Imperfecta[SEP][CLS]thymic carcinoma","0"
"Central Retinal Artery Occlusion[SEP][CLS]retinal artery occlusion","1"
"Beta Thalassemia[SEP][CLS]thymoma type B","0"
"Metachronous Kidney Wilms Tumor[SEP][CLS]EEC syndrome","0"
"Ovarian Cystadenoma[SEP][CLS]meningioma","0"
"Caroli Disease[SEP][CLS]goiter","0"
"Hepatoblastoma[SEP][CLS]breast carcinoma","0"
"Cytochrome-C Oxidase Deficiency[SEP][CLS]vulva cancer","0"
"Familial Hypertrophic Cardiomyopathy[SEP][CLS]intrahepatic cholangiocarcinoma","0"
"Coccidiosis[SEP][CLS]autoimmune disease of gastrointestinal tract","0"
"Retinal Dystrophy[SEP][CLS]cholestasis","0"
"Brachial Plexopathy[SEP][CLS]breast carcinoma","0"
"Multinodular and Vacuolated Neuronal Tumor[SEP][CLS]vulvar benign neoplasm","0"
"Hepatoerythropoietic Porphyria[SEP][CLS]perineurioma","0"
"Leri-Weill Dyschondrosteosis[SEP][CLS]testicular granulosa cell tumor","0"
"Small Intestinal VIP-Producing Neuroendocrine Tumor[SEP][CLS]familial hyperlipidemia","0"
"Meningeal Melanomatosis[SEP][CLS]acute porphyria","0"
"Laryngeal Disorder[SEP][CLS]acute leukemia","0"
"Diffuse Low Grade Glioma, MAPK Pathway-Altered[SEP][CLS]uterine corpus cancer","0"
"Mycosis Fungoides[SEP][CLS]colonic disease","0"
"Mesenchymal Extraskeletal Chondrosarcoma[SEP][CLS]disease of anatomical entity","0"
"Liver Leiomyoma[SEP][CLS]acute myeloid leukemia","0"
"Chronic Pyelonephritis[SEP][CLS]personality disorder","0"
"Anti-Basement Membrane Glomerulonephritis[SEP][CLS]collagen disease","0"
"Embryonal Tumor with Multilayered Rosettes[SEP][CLS]central nervous system embryonal tumor","1"
"Central Retinal Vein Occlusion[SEP][CLS]glomerulonephritis","0"
"Dyschromatosis Symmetrica Hereditaria[SEP][CLS]ovarian benign neoplasm","0"
"Parkinson's Disease[SEP][CLS]B-cell lymphoma","0"
"Peripheral Primitive Neuroectodermal Tumor of Soft Tissues[SEP][CLS]extraosseous Ewing sarcoma","1"
"Hidrocystoma[SEP][CLS]commensal bacterial infectious disease","0"
"Blackwater Fever[SEP][CLS]fibrosarcoma","0"
"Breast Large Cell Neuroendocrine Carcinoma[SEP][CLS]breast squamous cell carcinoma","0"
"Eosinophilic Gastritis[SEP][CLS]breast cancer","0"
"Portal Hypertension[SEP][CLS]syphilis","0"
"Benign Pericytic Neoplasm[SEP][CLS]organ system cancer","0"
"Childhood Brain Germinoma[SEP][CLS]lymphadenitis","0"
"Lymphoplasmacyte-Rich Meningioma[SEP][CLS]spindle cell thymoma","0"
"Cauda Equina Neuroendocrine Tumor[SEP][CLS]hepatoblastoma","0"
"Placental Choriocarcinoma[SEP][CLS]skin disease","0"
"Trichothiodystrophy[SEP][CLS]childhood embryonal tumor with multilayered rosettes, C19MC-altered","0"
"Bartonella Infection[SEP][CLS]uterine disease","0"
"Lymphedema[SEP][CLS]mouth disease","0"
"Maternal Uniparental Disomy Chromosome 14 Syndrome[SEP][CLS]syndrome","1"
"Intestinal Volvulus[SEP][CLS]follicular adenoma","0"
"Malignant Jejunal Neoplasm[SEP][CLS]chorioretinitis","0"
"Mesenchymal Extraskeletal Chondrosarcoma[SEP][CLS]chromosomal deletion syndrome","0"
"Restrictive Cardiomyopathy[SEP][CLS]sweat gland cancer","0"
"Adult Central Nervous System Germ Cell Tumor[SEP][CLS]central nervous system germ cell tumor","1"
"Molluscum Contagiosum Virus Infection[SEP][CLS]viral infectious disease","1"
"Ileitis[SEP][CLS]vulvar benign neoplasm","0"
"Postpartum Depression[SEP][CLS]spinal canal and spinal cord meningioma","0"
"Childhood Malignant Mesenchymoma[SEP][CLS]malignant mesenchymoma","1"
"Non-Invasive Verrucous Carcinoma of the Penis[SEP][CLS]testicular granulosa cell tumor","0"
"Accessory Nerve Disorder[SEP][CLS]retinal disease","0"
"Uveal Disorder[SEP][CLS]skin disease","0"
"Morquio Syndrome[SEP][CLS]mucinous cystadenocarcinoma of pancreas","0"
"Prostate Stromal Sarcoma[SEP][CLS]lung non-small cell carcinoma","0"
"Relapsing-Remitting Multiple Sclerosis[SEP][CLS]multiple sclerosis","1"
"Pseudobulbar Palsy[SEP][CLS]functioning pituitary adenoma","0"
"B Acute Lymphoblastic Leukemia with t(v;11q23.3); KMT2A Rearranged[SEP][CLS]cholangiocarcinoma","0"
"Buruli Ulcer[SEP][CLS]blood coagulation disease","0"
"Nerve Root Neoplasm[SEP][CLS]ethmoidal sinus benign neoplasm","0"
"Ovarian Small Cell Carcinoma, Pulmonary-Type[SEP][CLS]movement disease","0"
"Chronic Inflammatory Demyelinating Polyneuropathy[SEP][CLS]autoimmune disease of peripheral nervous system","1"
"Skull Base Neoplasm[SEP][CLS]liposarcoma","0"
"Pleomorphic Liposarcoma[SEP][CLS]disease","0"
"Venezuelan Equine Fever[SEP][CLS]urethra adenocarcinoma","0"
"Quartan Malaria[SEP][CLS]pneumoconiosis","0"
"Testicular Polyembryoma[SEP][CLS]amino acid metabolic disorder","0"
"Juvenile Breast Papillomatosis[SEP][CLS]endometritis","0"
"Endometrioid Stromal Sarcoma[SEP][CLS]hyperostosis","0"
"Thyroid Gland Papillary and Follicular Carcinoma[SEP][CLS]kidney disease","0"
"Fucosidosis[SEP][CLS]meningioma","0"
"Chronic Salpingitis[SEP][CLS]pigmentation disease","0"
"Supraglottic Carcinoma[SEP][CLS]physical disorder","0"
"Acute Myeloid Leukemia with CEBPA Mutation[SEP][CLS]iridocyclitis","0"
"Osteogenesis Imperfecta[SEP][CLS]physical disorder","0"
"Laryngeal Stenosis[SEP][CLS]conjunctival cancer","0"
"Complex Regional Pain Syndrome I[SEP][CLS]movement disease","0"
"Hereditary Kidney Wilms Tumor[SEP][CLS]eye disease","0"
"Acute Cervicitis[SEP][CLS]primary hyperaldosteronism","0"
"Peritoneal Solitary Fibrous Tumor[SEP][CLS]peritoneal benign neoplasm","1"
"Skin Leiomyoma[SEP][CLS]retinal cancer","0"
"Hepatoerythropoietic Porphyria[SEP][CLS]hemangiopericytic tumor","0"
"Chronic Ethmoidal Sinusitis[SEP][CLS]lipomatosis","0"
"Pharyngeal Neoplasm[SEP][CLS]lymphadenitis","0"
"Breast Sebaceous Carcinoma[SEP][CLS]osteochondrodysplasia","0"
"Hairy Cell Leukemia[SEP][CLS]gastrointestinal allergy","0"
"Ampulla of Vater Signet Ring Cell Carcinoma[SEP][CLS]intrahepatic cholangiocarcinoma","0"
"Glanzmann Thrombasthenia[SEP][CLS]renal pelvis transitional cell carcinoma","0"
"Intestinal Neuroendocrine Neoplasm[SEP][CLS]psychotic disorder","0"
"Ovarian Seromucinous Carcinoma[SEP][CLS]male infertility","0"
"Hyperglycemia[SEP][CLS]central nervous system immature teratoma","0"
"Sialadenitis[SEP][CLS]autonomic nervous system disease","0"
"Silicosis[SEP][CLS]Joubert syndrome","0"
"Multiple Mucosal Neuromas[SEP][CLS]ocular motility disease","0"
"Primary Hyperparathyroidism[SEP][CLS]hyperparathyroidism","1"
"Empty Sella Syndrome[SEP][CLS]acute inflammation of lacrimal passage","0"
"Spindle Cell Squamous Cell Carcinoma[SEP][CLS]skin squamous cell carcinoma","1"
"Composite Ganglioneuroblastoma, Stroma-Dominant and Stroma-Poor[SEP][CLS]nodular ganglioneuroblastoma","1"
"Hodgkin Lymphoma[SEP][CLS]vulvar benign neoplasm","0"
"Motion Sickness[SEP][CLS]adenomyoma of uterine corpus","0"
"Panuveitis[SEP][CLS]dermatomycosis","0"
"Anal Paget Disease[SEP][CLS]skin disease","0"
"Intrahepatic Cholangiocarcinoma[SEP][CLS]hemangioma","0"
"Hyperestrogenism[SEP][CLS]testicular yolk sac tumor","0"
"Nephrotic Syndrome[SEP][CLS]choriocarcinoma","0"
"Anterior Uveitis[SEP][CLS]male reproductive organ benign neoplasm","0"
"Nervous System Disorder[SEP][CLS]skin benign neoplasm","0"
"Hairy Cell Leukemia Variant[SEP][CLS]malignant ovarian germ cell neoplasm","0"
"Childhood Ovarian Choriocarcinoma[SEP][CLS]cardiovascular organ benign neoplasm","0"
"Idiopathic Crescentic Glomerulonephritis[SEP][CLS]embryonal testis carcinoma","0"
"Lacrimal System Disorder[SEP][CLS]syndrome","0"
"Chronic Myelomonocytic Leukemia[SEP][CLS]acute monocytic leukemia","0"
"Conventional Angiosarcoma[SEP][CLS]mitral valve disease","0"
"Telangiectatic Glomangioma[SEP][CLS]skin glomangioma","1"
"Adult Brain Stem Astrocytoma[SEP][CLS]atrophic glossitis","0"
"Chronic Atrophic Gastritis[SEP][CLS]central nervous system melanocytic neoplasm","0"
"Gastric Body Carcinoma[SEP][CLS]mesenchymal chondrosarcoma","0"
"Talc Pneumoconiosis[SEP][CLS]central nervous system embryonal tumor","0"
"Malignant Exocrine Pancreas Neoplasm[SEP][CLS]severe combined immunodeficiency","0"
"Hypoglycemic Coma[SEP][CLS]bullous skin disease","0"
"Allergic Cutaneous Angiitis[SEP][CLS]fasciitis","0"
"Muscular Dystrophy[SEP][CLS]sarcomatoid carcinoma","0"
"Necatoriasis[SEP][CLS]yaws","0"
"Malignant Skeletal Muscle Neoplasm[SEP][CLS]congenital mesoblastic nephroma","0"
"Paranoid Personality Disorder[SEP][CLS]laryngeal disease","0"
"Bile Duct Mucinous Cystic Neoplasm[SEP][CLS]bone giant cell tumor","0"
"Ovarian Small Cell Carcinoma[SEP][CLS]bone resorption disease","0"
"Rectal Cloacogenic Carcinoma[SEP][CLS]connective tissue disease","0"
"Mixed Phenotype Acute Leukemia, B/Myeloid[SEP][CLS]acute biphenotypic leukemia","1"
"Benign Teratoma[SEP][CLS]hemangioblastoma","0"
"Hypospadias[SEP][CLS]hypersensitivity reaction type IV disease","0"
"Pityriasis Rosea[SEP][CLS]chronic lymphocytic leukemia","0"
"Pulp Degeneration[SEP][CLS]thymoma","0"
"Ocular Hypertension[SEP][CLS]ocular melanoma","0"
"Pineal Region Yolk Sac Tumor[SEP][CLS]kidney disease","0"
"Childhood Malignant Germ Cell Tumor[SEP][CLS]iris cancer","0"
"Epidermolysis Bullosa[SEP][CLS]paraphilia disorder","0"
"Brachial Plexopathy[SEP][CLS]neuropathy","1"
"Fibroblastic Liposarcoma[SEP][CLS]pneumonia","0"
"Pernicious Anemia[SEP][CLS]hematopoietic system disease","0"
"Esophageal Melanoma[SEP][CLS]dilated cardiomyopathy","0"
"Posterior Fossa Ependymoma, Group B (PFB)[SEP][CLS]pigmentation disease","0"
"Ovarian Biphasic or Triphasic Teratoma[SEP][CLS]ovarian germ cell teratoma","1"
"Glomerulonephritis[SEP][CLS]islet cell tumor","0"
"Gastric Body Carcinoma[SEP][CLS]acute conjunctivitis","0"
"Acanthosis Nigricans[SEP][CLS]thyroid gland papillary carcinoma","0"
"Cardiac Sarcoidosis[SEP][CLS]dermatitis","0"
"Phlebitis[SEP][CLS]skin hemangioma","0"
"Malignant Prostate Phyllodes Tumor[SEP][CLS]nephroblastoma","0"
"Neonatal Thyrotoxicosis[SEP][CLS]peptic ulcer disease","0"
"Atypical Spitz Nevus[SEP][CLS]lymphangioma","0"
"Chronic Frontal Sinusitis[SEP][CLS]cervical mucinous adenocarcinoma","0"
"Helminthiasis[SEP][CLS]germ cell and embryonal cancer","0"
"Extrahepatic Bile Duct Embryonal Rhabdomyosarcoma[SEP][CLS]childhood ovarian germ cell tumor","0"
"Spindle Cell Synovial Sarcoma[SEP][CLS]synovial sarcoma","1"
"Petrous Apex Meningioma[SEP][CLS]metal metabolism disorder","0"
"Craniosynostosis[SEP][CLS]thymoma","0"
"Endocervicitis[SEP][CLS]hepatocellular carcinoma","0"
"Sarcomatoid Mesothelioma[SEP][CLS]malignant mesothelioma","1"
"Hyperphosphatemia[SEP][CLS]cell type benign neoplasm","0"
"Esophageal Neuroendocrine Neoplasm[SEP][CLS]breast hemangioma","0"
"Temporal Lobe Neoplasm[SEP][CLS]malignant mediastinal neurogenic neoplasm","0"
"Ciliary Body Melanoma[SEP][CLS]central nervous system disease","0"
"Monkeypox[SEP][CLS]plasmacytoma","0"
"Schizotypal Personality Disorder[SEP][CLS]botryoid rhabdomyosarcoma","0"
"African Trypanosomiasis[SEP][CLS]lipoma","0"
"Solitary Mastocytoma of the Skin[SEP][CLS]diffuse large B-cell lymphoma","0"
"Erythema Infectiosum[SEP][CLS]viral exanthem","1"
"Acrodermatitis[SEP][CLS]glomerulosclerosis","0"
"Tonsillitis[SEP][CLS]eye disease","0"
"Conjunctivitis[SEP][CLS]sphingolipidosis","0"
"Sturge-Weber Syndrome[SEP][CLS]vascular disease","1"
"Paraneoplastic Polyneuropathy[SEP][CLS]ovarian mucinous adenofibroma","0"
"Cortical Blindness[SEP][CLS]visual cortex disease","1"
"Undifferentiated High Grade Pleomorphic Sarcoma of Bone[SEP][CLS]endometrial adenocarcinoma","0"
"Laryngitis[SEP][CLS]male infertility","0"
"Occupational Dermatitis[SEP][CLS]cervical squamous cell carcinoma","0"
"Hereditary Glomangioma[SEP][CLS]cystic teratoma","0"
"Aspartylglycosaminuria[SEP][CLS]basal cell carcinoma","0"
"Prediabetes[SEP][CLS]syndrome","0"
"Amyotrophic Lateral Sclerosis[SEP][CLS]chronic lymphocytic leukemia","0"
"Intraventricular Meningioma[SEP][CLS]amino acid metabolic disorder","0"
"Multiple System Atrophy[SEP][CLS]fasciitis","0"
"Childhood Leukemia[SEP][CLS]syndrome","0"
"Striatonigral Degeneration[SEP][CLS]multiple system atrophy","1"
"Myocarditis[SEP][CLS]thymic carcinoma","0"
"Keratitis[SEP][CLS]subependymal glioma","0"
"Hypogammaglobulinemia[SEP][CLS]cerebellopontine angle tumor","0"
"Conventional Leiomyosarcoma[SEP][CLS]urinary bladder cancer","0"
"Malignant Spermatic Cord Neoplasm[SEP][CLS]male reproductive organ cancer","1"
"Cervical Mucinous Adenocarcinoma, Intestinal-Type[SEP][CLS]eye disease","0"
"Osteosarcoma Arising in Paget Disease of Bone[SEP][CLS]nephrolithiasis","0"
"Classic Congenital Mesoblastic Nephroma[SEP][CLS]atherosclerosis","0"
"Measles[SEP][CLS]viral infectious disease","1"
"Reye Syndrome[SEP][CLS]plasmacytoma","0"
"Ureter Disorder[SEP][CLS]extraskeletal myxoid chondrosarcoma","0"
"Retrograde Amnesia[SEP][CLS]nutritional deficiency disease","0"
"Tumor of the Follicular Infundibulum[SEP][CLS]dermatitis","0"
"Clear Cell Hepatocellular Carcinoma[SEP][CLS]maxillary sinus benign neoplasm","0"
"Adult Yolk Sac Tumor[SEP][CLS]central nervous system embryonal tumor","0"
"Trophoblastic Tumor[SEP][CLS]testicular non-seminomatous germ cell cancer","0"
"Glossopharyngeal Nerve Neoplasm[SEP][CLS]hepatocellular carcinoma","0"
"Pericarditis[SEP][CLS]hematopoietic system disease","0"
"Splenic Manifestation of Leukemia[SEP][CLS]central nervous system adult germ cell tumor","0"
"Neuroendocrine Carcinoma[SEP][CLS]carotid artery disease","0"
"Fibrous Synovial Sarcoma[SEP][CLS]organ system cancer","0"
"Necatoriasis[SEP][CLS]parasitic helminthiasis infectious disease","1"
"Primary Sclerosing Cholangitis[SEP][CLS]breast sarcoma","0"
"Histiocytic and Dendritic Cell Neoplasm[SEP][CLS]neurofibroma","0"
"Thrombophilia[SEP][CLS]blood coagulation disease","1"
"Meningeal Sarcomatosis[SEP][CLS]clear cell meningioma","0"
"Breast Mucinous Cystadenocarcinoma[SEP][CLS]malignant mesothelioma","0"
"Malignant Eccrine Neoplasm[SEP][CLS]sweat gland cancer","1"
"Refractory T Lymphoblastic Leukemia/Lymphoma[SEP][CLS]fasciitis","0"
"Pancreatic Acinar Cell Carcinoma[SEP][CLS]specific phobia","0"
"Thymoma Type B2[SEP][CLS]thymoma type B","1"
"Facial Nerve Neoplasm[SEP][CLS]adenoma","0"
"Hematologic and Lymphocytic Disorder[SEP][CLS]stomach cancer","0"
"Uterine Corpus Leiomyosarcoma[SEP][CLS]lipid-rich carcinoma","0"
"Ovarian Endometrioid Stromal and Related Neoplasms[SEP][CLS]ovary sarcoma","1"
"Malignant Frontal Sinus Neoplasm[SEP][CLS]bladder clear cell adenocarcinoma","0"
"Cardiac Fibrosarcoma[SEP][CLS]ureteral disease","0"
"Malignant Glomus Tumor[SEP][CLS]viral infectious disease","0"
"Acute Necrotizing Encephalitis[SEP][CLS]cheilitis","0"
"Uremic Neuropathy[SEP][CLS]prion disease","0"
"Myositis Ossificans[SEP][CLS]acute myeloid leukemia","0"
"Leiomyosarcoma[SEP][CLS]intestinal disease","0"
"Mitral Valve Disorder[SEP][CLS]heart valve disease","1"
"Skin Basosquamous Cell Carcinoma[SEP][CLS]basal cell carcinoma","1"
"Central Nervous System Embryonal Tumor, Not Otherwise Specified[SEP][CLS]cerebrum cancer","1"
"Acute Respiratory Failure[SEP][CLS]specific developmental disorder","0"
"Histrionic Personality Disorder[SEP][CLS]personality disorder","1"
"Adult Acute Lymphoblastic Leukemia[SEP][CLS]muscle tissue disease","0"
"Nasopharyngeal Disorder[SEP][CLS]lipomatosis","0"
"Medulloepithelioma Not Otherwise Specified[SEP][CLS]retinal vascular disease","0"
"Spindle Cell Melanoma[SEP][CLS]benign neurilemmoma","0"
"Calciphylaxis[SEP][CLS]malignant exocrine pancreas neoplasm","0"
"Bronchopulmonary Dysplasia[SEP][CLS]muscle cancer","0"
"Cerebellopontine Angle Schwannoma[SEP][CLS]parasitic helminthiasis infectious disease","0"
"Olfactory Nerve Disorder[SEP][CLS]small intestine cancer","0"
"Trigeminal Nerve Neoplasm[SEP][CLS]pharynx cancer","0"
"Transitional Meningioma[SEP][CLS]B-lymphoblastic leukemia/lymphoma","0"
"Ovarian Endometrioid Cystadenofibroma[SEP][CLS]retinal degeneration","0"
"Syndrome[SEP][CLS]rhinitis","0"
"Pancreatic Cystadenocarcinoma[SEP][CLS]mouth disease","0"
"Diffuse Pulmonary Fibrosis[SEP][CLS]renal cell carcinoma","0"
"Vernal Conjunctivitis[SEP][CLS]lymphatic system disease","0"
"Phenylketonuria[SEP][CLS]skin benign neoplasm","0"
"Secondary Parkinsonism[SEP][CLS]craniopharyngioma","0"
"Ganglioneuroblastoma, Nodular[SEP][CLS]pemphigoid","0"
"Psammomatous Meningioma[SEP][CLS]complement deficiency","0"
"COVID-19 Infection[SEP][CLS]peripheral nerve sheath neoplasm","0"
"Adenoid Cystic Carcinoma[SEP][CLS]esophagitis","0"
"Optic Nerve Sheath Meningioma[SEP][CLS]cystic teratoma","0"
"Mature B-Cell Neoplasm[SEP][CLS]cauda equina neoplasm","0"
"Obstructive Sleep Apnea[SEP][CLS]ovarian cystadenocarcinoma","0"
"Spinal Cord Ependymoma, MYCN Amplified[SEP][CLS]cholecystitis","0"
"Cavernous Hemangioma of the Face[SEP][CLS]peroxisomal disease","0"
"Hereditary Kidney Oncocytoma[SEP][CLS]myeloid and lymphoid neoplasms with eosinophilia and abnormalities of PDGFRA, PDGFRB, and FGFR1","0"
"Vulvar Sarcoma[SEP][CLS]endometrial adenocarcinoma","0"
"Ovarian Mucinous Cystadenofibroma[SEP][CLS]ovarian mucinous adenofibroma","1"
"Breast Sclerosing Papilloma[SEP][CLS]breast duct papilloma","1"
"Coagulation Disorder[SEP][CLS]kidney disease","0"
"Luminal B Breast Carcinoma[SEP][CLS]endometrial adenocarcinoma","0"
"Hypertension[SEP][CLS]artery disease","1"
"Anemia of Prematurity[SEP][CLS]personality disorder","0"
"Thyroid Hormone Resistance Syndrome[SEP][CLS]central nervous system benign neoplasm","0"
"Cholesteatoma[SEP][CLS]jaw cancer","0"
"Gangliocytoma[SEP][CLS]central nervous system benign neoplasm","1"
"Pancreatoblastoma[SEP][CLS]vulva carcinoma","0"
"Congenital Cortical Hyperostosis[SEP][CLS]sinoatrial node disease","0"
"Prostatitis[SEP][CLS]male reproductive organ benign neoplasm","0"
"Stromal Predominant Kidney Wilms Tumor[SEP][CLS]extrahepatic bile duct carcinoma","0"
"Interstitial Nephritis[SEP][CLS]carcinosarcoma","0"
"Orbit Cavernous Hemangioma[SEP][CLS]bacterial infectious disease","0"
"Suprasellar Meningioma[SEP][CLS]meningioma","1"
"Benign Recurrent Intrahepatic Cholestasis[SEP][CLS]parotid disease","0"
"Undifferentiated Pleomorphic Sarcoma with Osteoclast-Like Giant Cells[SEP][CLS]syndrome","0"
"Ornithine Carbamoyltransferase Deficiency Disease[SEP][CLS]urea cycle disorder","1"
"Retinoschisis[SEP][CLS]mixed glioma","0"
"Angioedema[SEP][CLS]heart cancer","0"
"Cervical Wilms Tumor[SEP][CLS]cervical carcinosarcoma","1"
"Hemangiopericytoma[SEP][CLS]adenoma","0"
"Syndactyly[SEP][CLS]ethmoid sinusitis","0"
"Childhood Mesenchymal Chondrosarcoma[SEP][CLS]pleural empyema","0"
"Atrioventricular Block by ECG Finding[SEP][CLS]intestinal disease","0"
"Intracranial Hemangioma[SEP][CLS]functioning pituitary adenoma","0"
"Osteogenesis Imperfecta[SEP][CLS]sleep disorder","0"
"Papillary Craniopharyngioma[SEP][CLS]esophageal cancer","0"
"Adult Brain Ependymoma[SEP][CLS]bartonellosis","0"
"Infectious Mononucleosis[SEP][CLS]penile disease","0"
"Extraventricular Neurocytoma[SEP][CLS]eye disease","0"
"Aleukemic Leukemia[SEP][CLS]phosphorus metabolism disease","0"
"Interdigitating Dendritic Cell Sarcoma[SEP][CLS]neuroblastoma","0"
"Monkeypox[SEP][CLS]uterine ligament adenocarcinoma","0"
"Malignant Ovarian Cyst[SEP][CLS]ovarian cancer","1"
"Skin Follicular Basal Cell Carcinoma[SEP][CLS]cerebellar astrocytoma","0"
"Double Cortex Syndrome[SEP][CLS]nutritional deficiency disease","0"
"Neurofibromatosis Type 1[SEP][CLS]chronic meningitis","0"
"Nerve Root Neoplasm[SEP][CLS]bladder urothelial carcinoma","0"
"Thymic Low Grade Papillary Adenocarcinoma[SEP][CLS]frontal sinusitis","0"
"Sympathetic Schwannoma[SEP][CLS]autonomic nervous system neoplasm","1"
"Supraglottic Carcinoma[SEP][CLS]supraglottis cancer","1"
"Multifocal Osteosarcoma[SEP][CLS]bone sarcoma","1"
"Yellow Fever Virus Infection[SEP][CLS]vagina botryoid rhabdomyosarcoma","0"
"Ovarian Small Cell Carcinoma, Hypercalcemic Type[SEP][CLS]soft palate cancer","0"
"Lung Hilum Neoplasm[SEP][CLS]gastrointestinal system disease","0"
"Thrombophlebitis[SEP][CLS]familial hyperlipidemia","0"
"Hypersensitivity[SEP][CLS]Bartholin's gland carcinoma","0"
"Stomach Disorder[SEP][CLS]skin disease","0"
"Skin Mucoepidermoid Carcinoma[SEP][CLS]distal arthrogryposis","0"
"Occupational Dermatitis[SEP][CLS]hemangioma","0"
"Systemic Scleroderma[SEP][CLS]hidradenitis","0"
"Childhood Ovarian Germ Cell Tumor[SEP][CLS]ovarian germ cell cancer","1"
"Tricuspid Valve Stenosis[SEP][CLS]breast sarcoma","0"
"Reye Syndrome[SEP][CLS]glomerulosclerosis","0"
"Ocular Hypertension[SEP][CLS]calcinosis","0"
"Prolymphocytic Leukemia[SEP][CLS]meningioma","0"
"Cystadenoma[SEP][CLS]adenoma","1"
"Chalazion[SEP][CLS]uterus leiomyosarcoma","0"
"Breast Apocrine Adenoma[SEP][CLS]connective tissue disease","0"
"Gastric Germ Cell Tumor[SEP][CLS]cranial nerve malignant neoplasm","0"
"Prostate Disorder[SEP][CLS]male urethral cancer","0"
"Biphasic Synovial Sarcoma[SEP][CLS]hepatocellular carcinoma","0"
"Ganglioneuroblastoma[SEP][CLS]skull base meningioma","0"
"Small Cell Intermediate Cell Carcinoma[SEP][CLS]retinal disease","0"
"Testicular Yolk Sac Tumor, Polyvesicular Vitelline Pattern[SEP][CLS]malignant mesothelioma","0"
"Neurofibroma[SEP][CLS]thymic carcinoma","0"
"Granulomatous Hepatitis[SEP][CLS]testicular germ cell cancer","0"
"Leprosy[SEP][CLS]kidney disease","0"
"Lymphomatoid Granulomatosis[SEP][CLS]osteochondrodysplasia","0"
"Refractory Malignant Testicular Germ Cell Tumor[SEP][CLS]testicular malignant germ cell cancer","1"
"Papillary Adenoma[SEP][CLS]autosomal recessive cerebellar ataxia","0"
"Childhood Leukemia[SEP][CLS]hypopharynx cancer","0"
"Plasmablastic Lymphoma[SEP][CLS]medulloblastoma","0"
"Carotid Artery Stenosis[SEP][CLS]pyoderma","0"
"Disseminated Intravascular Coagulation in Newborn[SEP][CLS]in situ carcinoma","0"
"Lymphocytic Gastritis[SEP][CLS]syndrome","0"
"Open Angle Glaucoma[SEP][CLS]cervical squamous cell carcinoma","0"
"Oligospermia[SEP][CLS]appendix cancer","0"
"Dysostosis[SEP][CLS]female reproductive system disease","0"
"Endometrial Clear Cell Adenocarcinoma[SEP][CLS]glomerulonephritis","0"
"Jugular Foramen Schwannoma[SEP][CLS]Bartholin's gland carcinoma","0"
"Dehydration Polycythemia[SEP][CLS]fallopian tube benign neoplasm","0"
"Cervical Adenoid Basal Carcinoma[SEP][CLS]chronic polyneuropathy","0"
"Maxillary Sinus Adenoid Cystic Carcinoma[SEP][CLS]esophageal disease","0"
"Subependymoma[SEP][CLS]benign perivascular tumor","0"
"Dissociative Identity Disorder[SEP][CLS]ciliopathy","0"
"Leptospirosis[SEP][CLS]primary bacterial infectious disease","1"
"Childhood Intracranial Meningioma[SEP][CLS]esophageal cancer","0"
"Pulmonary Edema[SEP][CLS]amnestic disorder","0"
"Endometrioid Stromal Sarcoma of the Cervix[SEP][CLS]otitis media","0"
"Genetic Disorder[SEP][CLS]breast benign neoplasm","0"
"Childhood Intraocular Retinoblastoma[SEP][CLS]central nervous system germ cell tumor","0"
"Round Cell Liposarcoma[SEP][CLS]skull base chordoma","0"
"Progressive Multifocal Leukoencephalopathy[SEP][CLS]anus adenocarcinoma","0"
"Dubin-Johnson Syndrome[SEP][CLS]cerebral ventricle cancer","0"
"Malignant Nasolacrimal Duct Neoplasm[SEP][CLS]thyrotoxicosis","0"
"Multicentric Thyroid Gland Papillary Carcinoma[SEP][CLS]rete ovarii adenoma","0"
"Trigonitis[SEP][CLS]cystitis","1"
"Esophageal Adenoid Cystic Carcinoma[SEP][CLS]syndrome","0"
"Cervical Large Cell Neuroendocrine Carcinoma[SEP][CLS]nervous system benign neoplasm","0"
"Ovarian Polyembryoma[SEP][CLS]female urethral cancer","0"
"Hyperlipoproteinemia, Type IIb[SEP][CLS]myositis","0"
"Ischemic Fasciitis[SEP][CLS]extrinsic allergic alveolitis","0"
"Membranoproliferative Glomerulonephritis[SEP][CLS]primary congenital glaucoma","0"
"Myeloid/Lymphoid Neoplasms with PDGFRA Rearrangement[SEP][CLS]leiomyosarcoma","0"
"Necrotizing Fasciitis[SEP][CLS]viral infectious disease","0"
"Keratitis[SEP][CLS]corneal disease","1"
"Nutritional Disorder[SEP][CLS]peptic ulcer disease","0"
"Renal Osteodystrophy[SEP][CLS]pre-malignant neoplasm","0"
"Pancreatic Serous Cystadenoma[SEP][CLS]vulva adenocarcinoma","0"
"Anal Glands Adenocarcinoma[SEP][CLS]Waardenburg syndrome","0"
"Solid/Trabecular Variant Thyroid Gland Papillary Carcinoma[SEP][CLS]communication disorder","0"
"Pyruvate Carboxylase Deficiency[SEP][CLS]carbohydrate metabolic disorder","1"
"Cystadenoma[SEP][CLS]penis squamous cell carcinoma","0"
"Breast Carcinoma[SEP][CLS]vaginal cancer","0"
"Sporadic Breast Carcinoma[SEP][CLS]epithelioid sarcoma","0"
"Lumbar Plexus Neoplasm[SEP][CLS]breast myoepitheliosis","0"
"Megacolon[SEP][CLS]colonic disease","1"
"Adenomatoid Tumor[SEP][CLS]congenital nervous system abnormality","0"
"Ataxia with Isolated Vitamin E Deficiency[SEP][CLS]proliferative type fibrocystic change of breast","0"
"Argininosuccinic Aciduria[SEP][CLS]psychosexual disorder","0"
"Mixed Receptive-Expressive Language Disorder[SEP][CLS]specific developmental disorder","0"
"Microscopic Colitis[SEP][CLS]conventional osteosarcoma","0"
"Russell-Silver Syndrome[SEP][CLS]blood coagulation disease","0"
"Gonadoblastoma[SEP][CLS]retinal artery occlusion","0"
"Bartholin Gland Transitional Cell Carcinoma[SEP][CLS]Bartholin's gland carcinoma","1"
"Peritoneal Mesothelial Neoplasm[SEP][CLS]vasculitis","0"
"Respiratory Syncytial Virus Infection[SEP][CLS]thalassemia","0"
"Nasopharyngeal-Type Undifferentiated Carcinoma[SEP][CLS]viral infectious disease","0"
"Spinal Cord Astrocytoma[SEP][CLS]disease of anatomical entity","0"
"Waardenburg Syndrome Type 1[SEP][CLS]fallopian tube adenocarcinoma","0"
"Cardiac Tamponade[SEP][CLS]endometrial stromal tumor","0"
"Desmoplastic Small Round Cell Tumor[SEP][CLS]kidney disease","0"
"Reflex Epilepsy[SEP][CLS]dermatitis","0"
"Olfactory Nerve Disorder[SEP][CLS]skin hemangioma","0"
"Single Episode of Major Depressive Disorder[SEP][CLS]osteogenesis imperfecta","0"
"Aorta Disease[SEP][CLS]bone benign neoplasm","0"
"Onchocerciasis[SEP][CLS]carbohydrate metabolic disorder","0"
"Adult Testicular Granulosa Cell Tumor[SEP][CLS]subependymal glioma","0"
"Fabry Disease[SEP][CLS]intestinal disease","0"
"Selective IgG Immunodeficiency[SEP][CLS]pyoderma","0"
"Germ Cell Tumor[SEP][CLS]meningioma","0"
"Primary Peritoneal Serous Adenocarcinoma[SEP][CLS]medulloblastoma","0"
"Eyelid Melanoma[SEP][CLS]fasciitis","0"
"Pulmonary Veno-Occlusive Disease[SEP][CLS]parasitic infectious disease","0"
"Combined Lung Small Cell and Squamous Cell Carcinoma[SEP][CLS]hypothalamic disease","0"
"Gastroenteritis[SEP][CLS]breast adenocarcinoma","0"
"Angioma Serpiginosum[SEP][CLS]adrenal gland cancer","0"
"Scabies[SEP][CLS]colonic benign neoplasm","0"
"Anthracosilicosis[SEP][CLS]brain ischemia","0"
"Pancreatic Insufficiency[SEP][CLS]B-lymphoblastic leukemia/lymphoma","0"
"Squamous Cell Carcinoma[SEP][CLS]lymphadenitis","0"
"Actinic Keratosis[SEP][CLS]pre-malignant neoplasm","1"
"Thyroid Gland Papillary and Follicular Carcinoma[SEP][CLS]skin disease","0"
"Keratoacanthoma[SEP][CLS]cervical adenitis","0"
"Childhood Vaginal Botryoid-Type Embryonal Rhabdomyosarcoma[SEP][CLS]arthritis","0"
"Tooth and Nail Syndrome[SEP][CLS]syndrome","1"
"Waardenburg Syndrome Type 1[SEP][CLS]rectum adenocarcinoma","0"
"Non-Functioning Pituitary Neuroendocrine Tumor[SEP][CLS]mouth disease","0"
"Craniosynostosis[SEP][CLS]B-cell lymphoma","0"
"Spindle Cell Lipoma[SEP][CLS]lipoma","1"
"Ureter Abscess[SEP][CLS]acquired polycythemia","0"
"Protozoal Infection[SEP][CLS]bacterial infectious disease","0"
"Childhood Yolk Sac Tumor[SEP][CLS]cystitis","0"
"Signet Ring Cell Carcinoma[SEP][CLS]adenocarcinoma","1"
"Specific Phobia[SEP][CLS]phobic disorder","1"
"Sarcomatoid Transitional Cell Carcinoma[SEP][CLS]nutritional deficiency disease","0"
"Hermaphrodite[SEP][CLS]disorder of sexual development","1"
"Adenosine Deaminase Deficiency[SEP][CLS]paraphilia disorder","0"
"Mucinous Adenofibroma[SEP][CLS]hair follicle neoplasm","0"
"Malignant Hypertension[SEP][CLS]contact dermatitis","0"
"Malignant Granular Cell Tumor[SEP][CLS]hematologic cancer","0"
"Herpetic Whitlow[SEP][CLS]glottis squamous cell carcinoma","0"
"Craniosynostosis[SEP][CLS]acute biphenotypic leukemia","0"
"Vulvar Leiomyoma[SEP][CLS]basal cell carcinoma","0"
"Falciparum Malaria[SEP][CLS]ovarian primitive germ cell tumor","0"
"Choroideremia[SEP][CLS]sex cord-stromal benign neoplasm","0"
"Breast Myoepitheliosis[SEP][CLS]capillary disease","0"
"46,XY Gonadal Dysgenesis[SEP][CLS]thymoma","0"
"Rheumatic Fever[SEP][CLS]meningioma","0"
"Childhood Leukemia[SEP][CLS]leukemia","1"
"Cervical Keratinizing Squamous Cell Carcinoma[SEP][CLS]malignant astrocytoma","0"
"Breast Tubular Carcinoma[SEP][CLS]extrahepatic bile duct carcinoma","0"
"Jejunal Neoplasm[SEP][CLS]hemangiopericytoma","0"
"Blastoma[SEP][CLS]skin disease","0"
"Sertoli Cell Tumor[SEP][CLS]B-cell lymphoma","0"
"Adult Malignant Mesenchymoma[SEP][CLS]glomangioma","0"
"Pancreatic Insufficiency[SEP][CLS]necrosis of pituitary","0"
"Lipoma-Like Atypical Lipomatous Tumor/Well Differentiated Liposarcoma[SEP][CLS]hormone producing pituitary cancer","0"
"MMIH Syndrome[SEP][CLS]calcinosis","0"
"Diaphragmatic Eventration[SEP][CLS]cervical adenomyoma","0"
"Acquired Keratoderma[SEP][CLS]keratosis","1"
"Leiomyoma[SEP][CLS]carcinoma","0"
"Hereditary Fallopian Tube Carcinoma[SEP][CLS]liposarcoma","0"
"Cortical Blindness[SEP][CLS]strabismus","0"
"Acute Cervicitis[SEP][CLS]retinoblastoma","0"
"Marshall Syndrome[SEP][CLS]colonic disease","0"
"Hereditary Glomangioma[SEP][CLS]ovarian cancer","0"
"Embryonal Tumor with Multilayered Rosettes, C19MC-Altered[SEP][CLS]mucopolysaccharidosis","0"
"Focal Epithelial Hyperplasia[SEP][CLS]endocrine system disease","0"
"Membranoproliferative Glomerulonephritis[SEP][CLS]acanthoma","0"
"Invasive Thymoma[SEP][CLS]acute lymphoblastic leukemia","0"
"Malignant Giant Cell Neoplasm[SEP][CLS]corneal disease","0"
"Prostate Acinar Adenocarcinoma[SEP][CLS]endodermal sinus tumor","0"
"Breast Microglandular Adenosis[SEP][CLS]scleroderma","0"
"Synchronous Bilateral Breast Carcinoma[SEP][CLS]pituitary gland disease","0"
"Breast Periductal Myoepitheliosis[SEP][CLS]meningioma","0"
"Parapsoriasis[SEP][CLS]nipple carcinoma","0"
"Thymoma[SEP][CLS]myocardial infarction","0"
"Gastric Papillary Adenocarcinoma[SEP][CLS]intrahepatic cholestasis","0"
"Pleomorphic Rhabdomyosarcoma[SEP][CLS]rhabdomyosarcoma","1"
"Lymphedema[SEP][CLS]combined immunodeficiency","0"
"Pancreatic Cystadenocarcinoma[SEP][CLS]breast fibroadenoma","0"
"Malignant Ovarian Epithelial Tumor[SEP][CLS]ovary epithelial cancer","1"
"Ascariasis[SEP][CLS]parasitic helminthiasis infectious disease","1"
"Bladder Verrucous Carcinoma[SEP][CLS]childhood embryonal tumor with multilayered rosettes, C19MC-altered","0"
"Intratubular Non-Seminoma[SEP][CLS]malignant exocrine pancreas neoplasm","0"
"Luminal A Breast Carcinoma[SEP][CLS]cervix disease","0"
"Pulmonary Embolism[SEP][CLS]syndrome","0"
"Adult Acute Monocytic Leukemia[SEP][CLS]viral exanthem","0"
"Anhidrosis[SEP][CLS]upper respiratory tract disease","0"
"Jejunal Somatostatin-Producing Neuroendocrine Tumor[SEP][CLS]malaria","0"
"Primary Hypertrophic Osteoarthropathy[SEP][CLS]syndrome","1"
"Desmoplastic Small Round Cell Tumor[SEP][CLS]connective tissue disease","0"
"Maroteaux-Lamy Syndrome[SEP][CLS]neurofibroma","0"
"Ectodermal Dysplasia[SEP][CLS]lipomatosis","0"
"Human Papillomavirus-Independent Cervical Adenocarcinoma, Clear Cell-Type[SEP][CLS]mite infestation","0"
"Aleukemic Leukemia Cutis[SEP][CLS]malignant astrocytoma","0"
"Fetal Valproate Syndrome[SEP][CLS]syndrome","1"
"Atypical Spindle Cell/Pleomorphic Lipomatous Tumor[SEP][CLS]well-differentiated liposarcoma","1"
"Telogen Effluvium[SEP][CLS]syndrome","0"
"Plague[SEP][CLS]scleroderma","0"
"Duodenal Ulcer[SEP][CLS]carcinoma","0"
"Cellular Congenital Mesoblastic Nephroma[SEP][CLS]anxiety disorder","0"
"Clear Cell Sarcoma of the Kidney[SEP][CLS]malignant mesenchymoma","0"
"Cervical Verrucous Carcinoma[SEP][CLS]carbohydrate metabolic disorder","0"
"Hereditary Elliptocytosis[SEP][CLS]thyroid gland papillary carcinoma","0"
"Anal Basaloid Carcinoma[SEP][CLS]anal squamous cell carcinoma","1"
"Retroperitoneal Leiomyosarcoma[SEP][CLS]encephalomalacia","0"
"Optic Nerve Disorder[SEP][CLS]movement disease","0"
"Holocarboxylase Synthetase Deficiency[SEP][CLS]multiple carboxylase deficiency","1"
"Hemoglobinuria[SEP][CLS]B-cell acute lymphoblastic leukemia","0"
"Endometrial Serous Adenocarcinoma[SEP][CLS]phagocyte bactericidal dysfunction","0"
"Periocular Meningioma[SEP][CLS]obesity","0"
"Ophthalmia Neonatorum[SEP][CLS]diffuse astrocytoma","0"
"Anovulation[SEP][CLS]depressive disorder","0"
"Large Cell Carcinoma[SEP][CLS]carcinoma","1"
"Distal Bile Duct Carcinoma[SEP][CLS]leiomyoma","0"
"Acrofacial Dysostosis[SEP][CLS]lung carcinoma","0"
"Laryngeal Adenoid Cystic Carcinoma[SEP][CLS]anaplastic astrocytoma","0"
"Proteinuria[SEP][CLS]pineal gland cancer","0"
"Central Nervous System Mature Teratoma[SEP][CLS]combined immunodeficiency","0"
"Ventricular Septal Defect[SEP][CLS]central nervous system disease","0"
"45,X/46,XY Mixed Gonadal Dysgenesis[SEP][CLS]melanoma","0"
"Ischemia[SEP][CLS]bile duct disease","0"
"Non-Muscle Invasive Bladder Carcinoma[SEP][CLS]central nervous system mesenchymal non-meningothelial tumor","0"
"Cranial Nerve Disorder[SEP][CLS]sinusitis","0"
"Conventional Lipoma[SEP][CLS]neurilemmoma","0"
"Mixed Receptive-Expressive Language Disorder[SEP][CLS]mucinous cystadenocarcinoma of pancreas","0"
"Selective Immunoglobulin Isotype Deficiency[SEP][CLS]primary bacterial infectious disease","0"
"Uterine Corpus Epithelioid Leiomyoma[SEP][CLS]hematologic cancer","0"
"MMIH Syndrome[SEP][CLS]rheumatic disease","0"
"Musculoskeletal Disorder[SEP][CLS]skull base meningioma","0"
"Childhood Testicular Embryonal Carcinoma[SEP][CLS]peripheral vascular disease","0"
"Toxic Shock Syndrome[SEP][CLS]apocrine sweat gland neoplasm","0"
"Paget Disease[SEP][CLS]aplastic anemia","0"
"Focal Epithelial Hyperplasia[SEP][CLS]glossopharyngeal nerve disease","0"
"Submucosal Invasive Colon Adenocarcinoma[SEP][CLS]myopathy","0"
"Malignant Testicular Germ Cell Tumor[SEP][CLS]central nervous system disease","0"
"Krukenberg Tumor[SEP][CLS]strabismus","0"
"Wernicke-Korsakoff Syndrome[SEP][CLS]acute orbital inflammation","0"
"Cirrhosis[SEP][CLS]liver disease","1"
"Listeriosis[SEP][CLS]lymphoma","0"
"Mikulicz Disease[SEP][CLS]autoimmune disease","1"
"Von Hippel Lindau Syndrome[SEP][CLS]intraductal breast benign neoplasm","0"
"Granulomatous Arteritis[SEP][CLS]germ cell and embryonal cancer","0"
"Childhood Epithelioid Sarcoma[SEP][CLS]connective tissue cancer","0"
"Cutaneous Diphtheria[SEP][CLS]malignant mesenchymoma","0"
"Notochordal Tumor[SEP][CLS]central nervous system mature teratoma","0"
"Childhood Yolk Sac Tumor[SEP][CLS]brain sarcoma","0"
"Periodontitis[SEP][CLS]carcinoma","0"
"Type 1 Renal Papillary Adenoma[SEP][CLS]intestinal disease","0"
"Chromosome 2q37 Deletion Syndrome[SEP][CLS]cervical mucinous adenocarcinoma","0"
"Adrenal Gland Disorder[SEP][CLS]retinal degeneration","0"
"Klinefelter Syndrome[SEP][CLS]lung disease","0"
"Malignant Testicular Germ Cell Tumor[SEP][CLS]testicular germ cell cancer","1"
"Malignant Broad Ligament Neoplasm[SEP][CLS]B-lymphoblastic leukemia/lymphoma","0"
"Extrahepatic Bile Duct Intraductal Papillary Neoplasm[SEP][CLS]hemangiopericytoma","0"
"Thymic Lymphoepithelial Carcinoma[SEP][CLS]thymic carcinoma","1"
"Aagenaes Syndrome[SEP][CLS]cervical benign neoplasm","0"
"Retinal Arterial Branch Occlusion[SEP][CLS]viral infectious disease","0"
"Sexual Dysfunction[SEP][CLS]breast adenocarcinoma","0"
"Chronic Neutrophilic Leukemia[SEP][CLS]bladder adenocarcinoma","0"
"Malignant Type A Thymoma[SEP][CLS]testis seminoma","0"
"Thalamic Disease[SEP][CLS]cavernous hemangioma","0"
"Acrocephalosyndactyly[SEP][CLS]primary cutaneous T-cell non-Hodgkin lymphoma","0"
"Multidrug-Resistant Tuberculosis[SEP][CLS]tuberculosis","1"
"Hypoglossal Nerve Disorder[SEP][CLS]ovarian benign neoplasm","0"
"Mitral Valve Insufficiency[SEP][CLS]uterine corpus cellular leiomyoma","0"
"Sturge-Weber Syndrome[SEP][CLS]syndrome","0"
"Polycystic Ovary Syndrome[SEP][CLS]ovarian dysfunction","1"
"T-Cell Prolymphocytic Leukemia[SEP][CLS]urinary bladder cancer","0"
"Dyschromatosis Universalis Hereditaria[SEP][CLS]posterior pituitary gland neoplasm","0"
"Central Retinal Artery Occlusion[SEP][CLS]vulva adenocarcinoma","0"
"Bartholin Gland Transitional Cell Carcinoma[SEP][CLS]mitochondrial metabolism disease","0"
"Bartholin Gland Neoplasm[SEP][CLS]cystitis","0"
"Hypertension[SEP][CLS]opportunistic mycosis","0"
"Superior Mesenteric Artery Syndrome[SEP][CLS]connective tissue disease","0"
"Atrial Septal Defect[SEP][CLS]mediastinal cancer","0"
"Diffuse Midline Glioma, H3 K27M-Mutant[SEP][CLS]opportunistic mycosis","0"
"Meckel Diverticulitis[SEP][CLS]tricuspid valve disease","0"
"Bowel Obstruction[SEP][CLS]sarcoidosis","0"
"Egg Allergy[SEP][CLS]food allergy","1"
"Mucinous Adenofibroma[SEP][CLS]adenofibroma","1"
"Hypoglossal Nerve Neoplasm[SEP][CLS]corneal disease","0"
"Phobia[SEP][CLS]trachea carcinoma","0"
"Moyamoya Disease[SEP][CLS]retinoblastoma","0"
"Synovial Neoplasm[SEP][CLS]congenital heart disease","0"
"Alcohol Abuse[SEP][CLS]retinal artery occlusion","0"
"Breast Sclerosing Papilloma[SEP][CLS]kidney cancer","0"
"Impetigo[SEP][CLS]keratosis","0"
"Endomyocardial Fibrosis[SEP][CLS]central nervous system benign neoplasm","0"
"Gastric Antral Vascular Ectasia[SEP][CLS]glomerulonephritis","0"
"Huntington's Disease[SEP][CLS]Crohn's disease","0"
"Maxillary Sinus Adenoid Cystic Carcinoma[SEP][CLS]conjunctival disease","0"
"Duodenal Obstruction[SEP][CLS]vaginal disease","0"
"Pleomorphic Carcinoma[SEP][CLS]fibrosarcoma","0"
"Intramedullary Spinal Cord Teratoma[SEP][CLS]benign neurilemmoma","0"
"Adult Astrocytic Tumor[SEP][CLS]lymphopenia","0"
"Hereditary Fructose Intolerance[SEP][CLS]carbohydrate metabolic disorder","1"
"Sleep Apnea[SEP][CLS]PTEN hamartoma tumor syndrome","0"
"Ornithosis[SEP][CLS]palmoplantar keratosis","0"
"Adiposis Dolorosa[SEP][CLS]bone benign neoplasm","0"
"Sarcomatoid Transitional Cell Carcinoma[SEP][CLS]acute kidney failure","0"
"Retinopathy of Prematurity[SEP][CLS]viral infectious disease","0"
"Malignant Subglottis Neoplasm[SEP][CLS]B cell deficiency","0"
"Supratentorial Embryonal Tumor, Not Otherwise Specified[SEP][CLS]testicular malignant germ cell cancer","0"
"Fibrous Histiocytoma[SEP][CLS]hyperparathyroidism","0"
"Adenomyoma[SEP][CLS]glomerulonephritis","0"
"Retroperitoneal Hemangiopericytoma[SEP][CLS]retinal artery occlusion","0"
"Sarcomatosis[SEP][CLS]sarcoma","1"
"Bladder Tubulo-Cystic Clear Cell Adenocarcinoma[SEP][CLS]myositis","0"
"Graves Disease[SEP][CLS]mouth disease","0"
"Papillary Craniopharyngioma[SEP][CLS]scleroderma","0"
"Dengue Fever[SEP][CLS]hemoglobinopathy","0"
"Legionella Pneumonia[SEP][CLS]lymphoma","0"
"Osteitis Fibrosa Cystica[SEP][CLS]hemangiopericytoma","0"
"Primary Diffuse Large B-Cell Lymphoma of the Central Nervous System[SEP][CLS]melanotic neurilemmoma","0"
"Childhood Ovarian Germ Cell Tumor[SEP][CLS]bladder adenocarcinoma","0"
"Uremic Neuropathy[SEP][CLS]essential hypertension","0"
"Aleukemic Leukemia Cutis[SEP][CLS]cervical adenomyoma","0"
"Malignant Ovarian Cyst[SEP][CLS]normocytic anemia","0"
"Prostate Acinar Adenocarcinoma[SEP][CLS]specific phobia","0"
"Mediastinal Neurogenic Neoplasm[SEP][CLS]myelofibrosis","0"
"Secondary Syphilis[SEP][CLS]B cell deficiency","0"
"Parapsoriasis[SEP][CLS]hemangioma","0"
"Necatoriasis[SEP][CLS]testicular yolk sac tumor","0"
"Sheehan Syndrome[SEP][CLS]syndrome","0"
"Ampulla of Vater Small Cell Neuroendocrine Carcinoma[SEP][CLS]syphilis","0"
"Choledochal Cyst[SEP][CLS]congenital heart disease","0"
"Jugular Foramen Schwannoma[SEP][CLS]ciliary body cancer","0"
"Mucinous Tubular and Spindle Cell Carcinoma of the Kidney[SEP][CLS]vulva squamous cell carcinoma","0"
"Eosinophilic Endomyocardial Disease[SEP][CLS]chondrosarcoma","0"
"Bladder Papillary Clear Cell Adenocarcinoma[SEP][CLS]diffuse large B-cell lymphoma","0"
"Esophageal Disorder[SEP][CLS]spinal canal and spinal cord meningioma","0"
"Acute Hemorrhagic Leukoencephalitis[SEP][CLS]heart conduction disease","0"
"Uterine Corpus Apoplectic Leiomyoma[SEP][CLS]uterine corpus cancer","0"
"Duane Syndrome[SEP][CLS]phobic disorder","0"
"Malignant Glottis Neoplasm[SEP][CLS]idiopathic interstitial pneumonia","0"
"Ebola Hemorrhagic Fever[SEP][CLS]viral infectious disease","1"
"Esophageal Leukoplakia[SEP][CLS]brain germinoma","0"
"Medulloblastoma, SHH-Activated[SEP][CLS]prion disease","0"
"Miliary Tuberculosis[SEP][CLS]acanthoma","0"
"Mediastinal Neuroblastoma[SEP][CLS]familial hyperlipidemia","0"
"Malignant Glomus Tumor[SEP][CLS]conventional osteosarcoma","0"
"Candidiasis[SEP][CLS]central nervous system mature teratoma","0"
"Breast Solid Papillary Carcinoma[SEP][CLS]meningioma","0"
"Testicular Yolk Sac Tumor, Endodermal Sinus/Perivascular Pattern[SEP][CLS]autoimmune disease of skin and connective tissue","0"
"Periocular Meningioma[SEP][CLS]pancreatic carcinoma","0"
"Malignant Broad Ligament Neoplasm[SEP][CLS]primary hyperaldosteronism","0"
"Arteriosclerosis[SEP][CLS]mineral metabolism disease","0"
"Schizophreniform Disorder[SEP][CLS]bone remodeling disease","0"
"Leiomyomatosis[SEP][CLS]cranial nerve disease","0"
"Non-Proliferative Diabetic Retinopathy[SEP][CLS]diabetic retinopathy","1"
"African Trypanosomiasis[SEP][CLS]myocardial infarction","0"
"Corneal Melanoma[SEP][CLS]osteogenesis imperfecta","0"
"Skin Liposarcoma[SEP][CLS]viral infectious disease","0"
"Anterior Uveitis[SEP][CLS]cerebrum cancer","0"
"Rectal Prolapse[SEP][CLS]melanoma","0"
"Adult Hepatocellular Carcinoma[SEP][CLS]ethmoidal sinus benign neoplasm","0"
"Neuropathy[SEP][CLS]peripheral nervous system disease","1"
"Type 1 Renal Papillary Adenoma[SEP][CLS]childhood leukemia","0"
"Single Episode of Major Depressive Disorder[SEP][CLS]spastic cerebral palsy","0"
"Conventional Lipoma[SEP][CLS]breast carcinoma","0"
"Sarcomatosis[SEP][CLS]dissociative disorder","0"
"Nasal Cavity Inverted Papilloma[SEP][CLS]tertiary neurosyphilis","0"
"Pneumoconiosis[SEP][CLS]pneumoconiosis","0"
"Pituitary Gland Mixed Acidophil-Basophil Adenoma[SEP][CLS]viral infectious disease","0"
"Protein S Deficiency Disease[SEP][CLS]choriocarcinoma","0"
"Subungual Glomus Tumor[SEP][CLS]meningioma","0"
"Anterior Foramen Magnum Meningioma[SEP][CLS]meningioma","0"
"Pediculosis Pubis[SEP][CLS]mineral metabolism disease","0"
"Uterine Corpus Myxoid Leiomyosarcoma[SEP][CLS]cervicitis","0"
"Adult Malignant Peripheral Nerve Sheath Tumor[SEP][CLS]articulation disorder","0"
"Metanephric Adenoma[SEP][CLS]relapsing fever","0"
"Undifferentiated High Grade Pleomorphic Sarcoma of Bone[SEP][CLS]uterus leiomyosarcoma","0"
"Benign Breast Adenomyoepithelioma[SEP][CLS]bone osteosarcoma","0"
"Pancreatic Somatostatinoma[SEP][CLS]biliary papillomatosis","0"
"Transient Hypogammaglobulinemia of Infancy[SEP][CLS]nerve compression syndrome","0"
"Krabbe Disease[SEP][CLS]invasive bladder transitional cell carcinoma","0"
"Peroneal Neuropathy[SEP][CLS]nipple benign neoplasm","0"
"Posterior Fossa Ependymoma, Group B (PFB)[SEP][CLS]androgen insensitivity syndrome","0"
"Central Nervous System Hibernoma[SEP][CLS]lipid storage disease","0"
"EZB Diffuse Large B-Cell Lymphoma[SEP][CLS]uterine benign neoplasm","0"
"Ovarian Seromucinous Tumor[SEP][CLS]optic nerve disease","0"
"Rift Valley Fever[SEP][CLS]neuropathy","0"
"Parkinson's Disease[SEP][CLS]tic disorder","0"
"Solitary Breast Cyst[SEP][CLS]central nervous system disease","0"
"Alpha-1 Antitrypsin Deficiency[SEP][CLS]childhood low-grade glioma","0"
"Plexopathy[SEP][CLS]prostate cancer","0"
"Cleft Palate[SEP][CLS]inflammatory and toxic neuropathy","0"
"Gastric Gastrin-Producing Neuroendocrine Tumor[SEP][CLS]stomach cancer","1"
"Nipple Neoplasm[SEP][CLS]acute disseminated encephalomyelitis","0"
"Progressive Muscular Atrophy[SEP][CLS]acrocephalosyndactylia","0"
"Esophageal Melanoma[SEP][CLS]eccrine sweat gland neoplasm","0"
"Conus Medullaris Neoplasm[SEP][CLS]spinal cancer","1"
"Fibrous Meningioma[SEP][CLS]low grade glioma","0"
"Chronic Eosinophilic Leukemia, Not Otherwise Specified[SEP][CLS]mature teratoma of the ovary","0"
"Posteroinferior Myocardial Infarction by ECG Finding[SEP][CLS]paraphilia disorder","0"
"Glucose Metabolism Disorder[SEP][CLS]disorder of sexual development","0"
"Lung Large Cell Carcinoma with Rhabdoid Phenotype[SEP][CLS]myocardial infarction","0"
"Skull Neoplasm[SEP][CLS]heart cancer","0"
"Childhood Leukemia[SEP][CLS]gallbladder disease","0"
"Adenoid Cystic Carcinoma[SEP][CLS]salivary gland carcinoma","1"
"Tendonitis[SEP][CLS]ovarian cancer","0"
"Congenital Combined Immunodeficiency[SEP][CLS]paraplegia","0"
"Candidiasis[SEP][CLS]kidney disease","0"
"Endophthalmitis[SEP][CLS]globe disease","1"
"Juvenile Breast Papillomatosis[SEP][CLS]glomerulonephritis","0"
"Secondary Hypertension[SEP][CLS]follicular adenoma","0"
"Malignant Eccrine Neoplasm[SEP][CLS]adrenal gland cancer","0"
"Gliomatosis Cerebri[SEP][CLS]pre-malignant neoplasm","0"
"Reye Syndrome[SEP][CLS]ectodermal dysplasia","0"
"Mediastinal Psammomatous Schwannoma[SEP][CLS]rhabdoid cancer","0"
"Bone Leiomyosarcoma[SEP][CLS]liver carcinoma","0"
"Reactive Cutaneous Fibrous Lesion[SEP][CLS]impulse control disorder","0"
"Tumor of the Follicular Infundibulum[SEP][CLS]squamous cell carcinoma","0"
"Hilar Cholangiocarcinoma[SEP][CLS]malignant astrocytoma","0"
"Conventional Osteosarcoma[SEP][CLS]placenta disease","0"
"Balantidiasis[SEP][CLS]laryngeal disease","0"
"Pancreatoblastoma[SEP][CLS]hemangiopericytic tumor","0"
"Somatostatin-Producing Neuroendocrine Tumor[SEP][CLS]intrahepatic cholestasis","0"
"Mesenchymoma[SEP][CLS]ethmoidal sinus benign neoplasm","0"
"Ovarian Yolk Sac Tumor, Glandular Pattern[SEP][CLS]central nervous system disease","0"
"Acute Promyelocytic Leukemia with t(15;17)(q24.1;q21.2); PML-RARA[SEP][CLS]botryoid rhabdomyosarcoma","0"
"Penile Papillary Carcinoma[SEP][CLS]esophagus adenocarcinoma","0"
"Neonatal Candidiasis[SEP][CLS]candidiasis","1"
"Cervical Mucinous Adenocarcinoma, Signet Ring Cell-Type[SEP][CLS]peritoneal serous adenocarcinoma","0"
"Posteroinferior Myocardial Infarction by ECG Finding[SEP][CLS]androgen insensitivity syndrome","0"
"Supraglottis Neoplasm[SEP][CLS]vulva adenocarcinoma","0"
"Down Syndrome[SEP][CLS]psychotic disorder","0"
"Epithelial-Myoepithelial Carcinoma[SEP][CLS]acute biphenotypic leukemia","0"
"Hematologic and Lymphocytic Disorder[SEP][CLS]diffuse glomerulonephritis","0"
"Thrombophlebitis[SEP][CLS]mitochondrial encephalomyopathy","0"
"Pancreatic Serous Cystadenoma[SEP][CLS]lymphadenitis","0"
"Adrenal Gland Neuroblastoma[SEP][CLS]neurofibroma","0"
"Liver Fibrosarcoma[SEP][CLS]cheilitis","0"
"Complete Trisomy 13 Syndrome[SEP][CLS]liposarcoma","0"
"Childhood Choroid Plexus Neoplasm[SEP][CLS]upper respiratory tract disease","0"
"Diffuse Large B-Cell Lymphoma Germinal Center B-Cell Type[SEP][CLS]acute myeloid leukemia","0"
"Cardiac Sarcoidosis[SEP][CLS]malignant cystadenoma","0"
"Spina Bifida[SEP][CLS]pancreatic carcinoma","0"
"Early Invasive Cervical Adenocarcinoma[SEP][CLS]hidradenoma","0"
"Acanthoma[SEP][CLS]hereditary lymphedema","0"
"Desbuquois Dysplasia[SEP][CLS]movement disease","0"
"Telangiectatic Glomangioma[SEP][CLS]esophageal disease","0"
"Valvular Heart Disorder[SEP][CLS]pyoderma","0"
"Bartholin Gland Adenosquamous Carcinoma[SEP][CLS]infratentorial cancer","0"
"Cervical Alveolar Soft Part Sarcoma[SEP][CLS]placenta disease","0"
"Chest Wall Solitary Plasmacytoma[SEP][CLS]osteochondrodysplasia","0"
"Ovarian Clear Cell Adenofibroma[SEP][CLS]hair follicle neoplasm","0"
"Penile Verrucous Carcinoma[SEP][CLS]liver benign neoplasm","0"
"Tooth and Nail Syndrome[SEP][CLS]lice infestation","0"
"Alcoholic Cardiomyopathy[SEP][CLS]vascular disease","0"
"Clear Cell Hepatocellular Carcinoma[SEP][CLS]hepatocellular carcinoma","1"
"Bare Lymphocyte Syndrome[SEP][CLS]ovarian cystadenoma","0"
"Diffuse Astrocytoma[SEP][CLS]low grade glioma","1"
"Small Cell Sarcoma[SEP][CLS]non-proliferative fibrocystic change of the breast","0"
"Bladder Obstruction[SEP][CLS]gastrointestinal system disease","0"
"Ovarian Clear Cell Cystadenofibroma[SEP][CLS]cervical adenomyoma","0"
"Extrahepatic Bile Duct Mucinous Cystic Neoplasm[SEP][CLS]seborrheic keratosis","0"
"Microsporidiosis[SEP][CLS]opportunistic mycosis","1"
"Acute Cervicitis[SEP][CLS]cervicitis","1"
"Potocki-Lupski Syndrome[SEP][CLS]chromosomal duplication syndrome","1"
"Mediastinitis[SEP][CLS]pervasive developmental disorder","0"
"Acute Myeloid Leukemia, Myelodysplasia-Related[SEP][CLS]acute myeloid leukemia","1"
"Brown-Sequard Syndrome[SEP][CLS]central nervous system mesenchymal non-meningothelial tumor","0"
"Arrhythmogenic Right Ventricular Dysplasia[SEP][CLS]primary bacterial infectious disease","0"
"Status Asthmaticus[SEP][CLS]parasitic ectoparasitic infectious disease","0"
"Anemia of Prematurity[SEP][CLS]neonatal anemia","1"
"Ovarian Sex Cord-Stromal Tumor[SEP][CLS]kidney disease","0"
"Mixed Endometrial Stromal and Smooth Muscle Neoplasm[SEP][CLS]breast hemangioma","0"
"Mature B-Cell Neoplasm[SEP][CLS]hidradenoma","0"
"Subareolar Duct Papillomatosis[SEP][CLS]urethral disease","0"
"Neurofibromatosis Type 2[SEP][CLS]vulvar benign neoplasm","0"
"Malignant Uterine Corpus Mixed Epithelial and Mesenchymal Neoplasm[SEP][CLS]islet cell tumor","0"
"Childhood Pleomorphic Rhabdomyosarcoma[SEP][CLS]amino acid metabolic disorder","0"
"Alkaptonuria[SEP][CLS]basal cell carcinoma","0"
"Acute Leukemia[SEP][CLS]heart sarcoma","0"
"Penile Mixed Squamous Cell Carcinoma[SEP][CLS]pneumoconiosis","0"
"Infiltrating Angiolipoma[SEP][CLS]connective tissue benign neoplasm","0"
"Waardenburg Syndrome Type 1[SEP][CLS]bronchial disease","0"
"Retroperitoneal Sarcoma[SEP][CLS]dilated cardiomyopathy","0"
"Peripheral Motor Neuropathy[SEP][CLS]hydrocephalus","0"
"Periapical Dental Abscess[SEP][CLS]cholecystitis","0"
"Ectomesenchymoma[SEP][CLS]cerebellopontine angle tumor","0"
"Dyslexia[SEP][CLS]myeloid and lymphoid neoplasms with eosinophilia and abnormalities of PDGFRA, PDGFRB, and FGFR1","0"
"Thyroiditis[SEP][CLS]adult astrocytic tumor","0"
"Prostate Acinar Adenocarcinoma[SEP][CLS]retinal macular dystrophy","0"
"Childhood Brain Stem Neoplasm[SEP][CLS]rhinitis","0"
"Oral Cavity Disorder[SEP][CLS]gastrointestinal system disease","1"
"Skin Nodular Basal Cell Carcinoma[SEP][CLS]basal cell carcinoma","1"
"Eosinophilic Meningitis[SEP][CLS]angiosarcoma","0"
"Acute Myeloid Leukemia with Biallelic CEBPA Mutation[SEP][CLS]autonomic nervous system neoplasm","0"
"Respiratory Syncytial Virus Infection[SEP][CLS]urinary system disease","0"
"Omphalocele[SEP][CLS]physical disorder","1"
"Diffuse Midline Glioma, H3 K27M-Mutant[SEP][CLS]myositis","0"
"Gastric Teratoma[SEP][CLS]thyroid gland disease","0"
"Atrial Septal Defect[SEP][CLS]heart septal defect","1"
"Intracranial Cavernous Hemangioma[SEP][CLS]angiomyoma","0"
"Pineal Region Mature Teratoma[SEP][CLS]eating disorder","0"
"Primary Sclerosing Cholangitis[SEP][CLS]central nervous system germ cell tumor","0"
"Trigonitis[SEP][CLS]lipid metabolism disorder","0"
"Epididymal Neoplasm[SEP][CLS]nutritional deficiency disease","0"
"Syndrome of Inappropriate Antidiuretic Hormone Secretion[SEP][CLS]hepatitis","0"
"GM2-Gangliosidosis, AB Variant[SEP][CLS]GM2 gangliosidosis","1"
"Necatoriasis[SEP][CLS]muscular dystrophy","0"
"Megaloblastic Anemia[SEP][CLS]apocrine sweat gland neoplasm","0"
"Adult Astrocytic Tumor[SEP][CLS]skin disease","0"
"Breast Medullary Carcinoma[SEP][CLS]small intestine benign neoplasm","0"
"Thyroid Gland Papillary Carcinoma[SEP][CLS]autosomal dominant cerebellar ataxia","0"
"Mature B-Cell Neoplasm[SEP][CLS]anencephaly","0"
"Cerebellopontine Angle Neoplasm[SEP][CLS]urethral disease","0"
"Complete Trisomy 18 Syndrome[SEP][CLS]Hodgkin's lymphoma","0"
"Verrucous Hemangioma[SEP][CLS]skin hemangioma","1"
"Progressive Muscular Atrophy[SEP][CLS]motor neuron disease","1"
"Maffucci Syndrome[SEP][CLS]dendritic cell sarcoma","0"
"Infectious Otitis Externa[SEP][CLS]testicular germ cell cancer","0"
"Chronic Rhinitis[SEP][CLS]bladder adenocarcinoma","0"
"Metastatic Lactotroph Pituitary Neuroendocrine Tumor[SEP][CLS]bladder urachal carcinoma","0"
"Leuteoma of Pregnancy[SEP][CLS]B-lymphoblastic leukemia/lymphoma","0"
"Brenner Tumor[SEP][CLS]basal cell carcinoma","0"
"Angiokeratoma of Mibelli[SEP][CLS]acanthoma","0"
"Wolfram Syndrome[SEP][CLS]gastrointestinal system disease","0"
"Vaginal Squamous Papilloma[SEP][CLS]vaginal benign neoplasm","1"
"Anaplastic Pleomorphic Xanthoastrocytoma[SEP][CLS]ovarian carcinoma","0"
"Pathological Myopia[SEP][CLS]acute porphyria","0"
"Solid Pseudopapillary Carcinoma of the Pancreas[SEP][CLS]central nervous system embryonal tumor","0"
"Cutaneous Schwannoma[SEP][CLS]cervicitis","0"
"Valvular Heart Disorder[SEP][CLS]ovarian mucinous adenofibroma","0"
"Liver Leiomyoma[SEP][CLS]liver benign neoplasm","1"
"Ovarian Stromal Hyperthecosis[SEP][CLS]endometrial stromal tumor","0"
"Functioning Pituitary Neuroendocrine Tumor[SEP][CLS]lung adenocarcinoma","0"
"Freeman-Sheldon Syndrome[SEP][CLS]brain disease","0"
"Rheumatologic Disorder[SEP][CLS]kidney benign neoplasm","0"
"Carotenemia[SEP][CLS]motor neuron disease","0"
"Primary Intraocular Non-Hodgkin Lymphoma[SEP][CLS]skin benign neoplasm","0"
"Clear Cell Hidradenoma[SEP][CLS]adrenal cortex disease","0"
"Polymicrogyria[SEP][CLS]carbohydrate metabolic disorder","0"
"Melanoma[SEP][CLS]mitral valve disease","0"
"Duodenal Obstruction[SEP][CLS]cervix disease","0"
"Breast Adenosis[SEP][CLS]lysosomal storage disease","0"
"Fox-Fordyce Disease[SEP][CLS]primary bacterial infectious disease","0"
"Coloboma of the Eye[SEP][CLS]polyneuropathy","0"
"Adult Acute Lymphoblastic Leukemia[SEP][CLS]congenital mesoblastic nephroma","0"
"Acute Myeloid Leukemia with RUNX1 Mutation[SEP][CLS]malignant peripheral nerve sheath tumor","0"
"Thrombocytosis[SEP][CLS]ovary adenocarcinoma","0"
"Conventional Malignant Hemangiopericytoma[SEP][CLS]childhood electroclinical syndrome","0"
"Dentatorubral-Pallidoluysian Atrophy[SEP][CLS]autosomal dominant cerebellar ataxia","1"
"Epidural Spinal Canal Neoplasm[SEP][CLS]bone sarcoma","0"
"Darier Disease[SEP][CLS]keratosis","1"
"Cellular Ependymoma[SEP][CLS]granulosa cell tumor","0"
"Hidradenitis[SEP][CLS]osteosarcoma","0"
"Acute Atopic Conjunctivitis[SEP][CLS]dissociative disorder","0"
"Thyroid Gland Hyalinizing Trabecular Tumor[SEP][CLS]childhood low-grade glioma","0"
"Vulvar Leiomyoma[SEP][CLS]breast benign neoplasm","0"
"Pyelitis[SEP][CLS]sexual health disorder","0"
"Non-Functioning Pituitary Neuroendocrine Tumor[SEP][CLS]pituitary adenoma","1"
"Postencephalitic Parkinsonism[SEP][CLS]brain disease","0"
"Rectal Leiomyosarcoma[SEP][CLS]ethmoid sinusitis","0"
"Verruca Plantaris[SEP][CLS]laryngeal benign neoplasm","0"
"Human Papillomavirus-Independent Cervical Adenocarcinoma, Clear Cell-Type[SEP][CLS]central nervous system embryonal tumor","0"
"Extrahepatic Bile Duct Signet Ring Cell Carcinoma[SEP][CLS]sexual health disorder","0"
"Rectal Prolapse[SEP][CLS]small intestine cancer","0"
"Thrombophilia[SEP][CLS]primary immunodeficiency disease","0"
"Epidermolytic Acanthoma[SEP][CLS]mucopolysaccharidosis","0"
"Hepatorenal Syndrome[SEP][CLS]supratentorial ependymoma","0"
"Breast Extraskeletal Osteosarcoma[SEP][CLS]thyroid gland carcinoma","0"
"Mature Teratoma[SEP][CLS]anxiety disorder","0"
"Carnitine Palmitoyltransferase II Deficiency[SEP][CLS]mononeuritis of upper limb and mononeuritis multiplex","0"
"Laryngitis[SEP][CLS]squamous cell carcinoma","0"
"Drug Induced Lupus Erythematosus[SEP][CLS]pituitary gland disease","0"
"Adult Brain Stem Gliosarcoma[SEP][CLS]breast carcinoma","0"
"Head and Neck Neoplasm[SEP][CLS]eye disease","0"
"Renal Pelvis Neoplasm[SEP][CLS]chondrosarcoma","0"
"Spinal Muscular Atrophy[SEP][CLS]syndrome","0"
"Membranous Glomerulonephritis[SEP][CLS]lung small cell carcinoma","0"
"Malignant Pylorus Neoplasm[SEP][CLS]stomach cancer","1"
"Dehydration Polycythemia[SEP][CLS]trigeminal nerve neoplasm","0"
"Biphasic Mesothelioma[SEP][CLS]leukocyte disease","0"
"Rectal Leiomyosarcoma[SEP][CLS]histiocytosis","0"
"Early/Prefibrotic Primary Myelofibrosis[SEP][CLS]pituitary gland disease","0"
"Medulloblastoma with Extensive Nodularity[SEP][CLS]medulloblastoma","1"
"Breast Signet Ring Cell Carcinoma[SEP][CLS]anemia","0"
"Jugular Foramen Schwannoma[SEP][CLS]viral infectious disease","0"
"Borrelia Burgdorferi Infection[SEP][CLS]extrahepatic bile duct adenoma","0"
"Horner Syndrome[SEP][CLS]cerebellum cancer","0"
"Gastroparesis[SEP][CLS]functional gastric disease","1"
"Chronic Laryngitis[SEP][CLS]urinary tract papillary transitional cell benign neoplasm","0"
"GM2-Gangliosidosis, AB Variant[SEP][CLS]primary thrombocytopenia","0"
"Liddle Syndrome[SEP][CLS]renal tubular transport disease","1"
"Myopathy[SEP][CLS]hemoglobinopathy","0"
"Angular Cheilitis[SEP][CLS]syndrome","0"
"Testicular Non-Seminomatous Germ Cell Tumor[SEP][CLS]kidney disease","0"
"Aromatic L-Amino-Acid Decarboxylase Deficiency[SEP][CLS]inherited metabolic disorder","1"
"Ovarian Polyembryoma[SEP][CLS]conventional osteosarcoma","0"
"Duodenal Somatostatin-Producing Neuroendocrine Tumor[SEP][CLS]sensory system disease","0"
"Citrullinemia[SEP][CLS]sigmoid colon cancer","0"
"Nipple Neoplasm[SEP][CLS]skull base cancer","0"
"Bladder Tubulo-Cystic Clear Cell Adenocarcinoma[SEP][CLS]spindle cell thymoma","0"
"Localized Scleroderma[SEP][CLS]scleroderma","1"
"Endomyocardial Fibrosis[SEP][CLS]relapsing fever","0"
"Osgood-Schlatter's Disease[SEP][CLS]peritoneal benign neoplasm","0"
"Antiphospholipid Syndrome[SEP][CLS]malignant mesothelioma","0"
"Cervical Adenofibroma[SEP][CLS]cervical benign neoplasm","1"
"Nonossifying Fibromyxoid Tumor[SEP][CLS]inflammatory bowel disease","0"
"Erythema Infectiosum[SEP][CLS]cystitis","0"
"Papillary Conjunctivitis[SEP][CLS]gingival disease","0"
"Optic Nerve Disorder[SEP][CLS]blood coagulation disease","0"
"Bladder Diffuse Clear Cell Adenocarcinoma[SEP][CLS]Bartholin's gland carcinoma","0"
"Choledochal Cyst[SEP][CLS]bile duct disease","1"
"Constrictive Pericarditis[SEP][CLS]supratentorial cancer","0"
"Intravascular Angioleiomyoma[SEP][CLS]liposarcoma","0"
"Pyuria[SEP][CLS]pneumoconiosis","0"
"Primary Peritoneal Serous Adenocarcinoma[SEP][CLS]histiocytoma","0"
"Kernicterus[SEP][CLS]glossopharyngeal nerve disease","0"
"Anaplastic Oligodendroglioma[SEP][CLS]oligodendroglioma","1"
"Alpha-1 Antitrypsin Deficiency[SEP][CLS]gastroesophageal adenocarcinoma","0"
"Mucopolysaccharidosis Type I[SEP][CLS]delusional disorder","0"
"Inverted Follicular Keratosis[SEP][CLS]cystitis","0"
"Macrotrabecular Hepatoblastoma[SEP][CLS]skin disease","0"
"Splenic Manifestation of Prolymphocytic Leukemia[SEP][CLS]lymphoma","0"
"Fibrous Meningioma[SEP][CLS]maxillary sinus cancer","0"
"Familial Periodic Paralysis[SEP][CLS]thyroid gland follicular carcinoma","0"
"Menkes Disease[SEP][CLS]amino acid metabolic disorder","0"
"Ovarian Clear Cell Adenofibroma[SEP][CLS]skin disease","0"
"Vaginal Leukoplakia[SEP][CLS]pineal region teratoma","0"
"Hirschsprung Disease[SEP][CLS]infective endocarditis","0"
"Infectious Mononucleosis[SEP][CLS]neuropathy","0"
"Breast Apocrine Carcinoma[SEP][CLS]lymphatic system disease","0"
"Goldenhar Syndrome[SEP][CLS]supratentorial cancer","0"
"Paratesticular Brenner Tumor[SEP][CLS]sarcoma","0"
"Breast Adenomyoepithelial Adenosis[SEP][CLS]inflammatory bowel disease","0"
"Gemistocytic Astrocytoma[SEP][CLS]orbital disease","0"
"Gastric Leiomyosarcoma[SEP][CLS]anemia","0"
"Uterine Corpus Leiomyoma[SEP][CLS]malignant astrocytoma","0"
"Tactile Epilepsy[SEP][CLS]paranasal sinus benign neoplasm","0"
"Adult Acute Lymphoblastic Leukemia[SEP][CLS]acute lymphoblastic leukemia","1"
"Anhidrosis[SEP][CLS]myeloid neoplasm","0"
"Infantile Refsum Disease[SEP][CLS]pineal gland cancer","0"
"Breast Sarcoma[SEP][CLS]cervix carcinoma","0"
"Internal Strabismus[SEP][CLS]thyroid sarcoma","0"
"Multiple Self Healing Epithelioma of Ferguson-Smith[SEP][CLS]acquired metabolic disease","0"
"Ovarian Mucinous Cystadenocarcinoma[SEP][CLS]glioblastoma","0"
"Fredrickson Type IV Lipidemia[SEP][CLS]tic disorder","0"
"Tracheal Disorder[SEP][CLS]chondrosarcoma","0"
"Rickets[SEP][CLS]dry eye syndrome","0"
"Single Episode of Major Depressive Disorder[SEP][CLS]childhood spinal muscular atrophy","0"
"Visual Epilepsy[SEP][CLS]upper respiratory tract disease","0"
"Psychogenic Vaginismus[SEP][CLS]central nervous system benign neoplasm","0"
"Pinta[SEP][CLS]opportunistic mycosis","0"
"Pemphigoid Gestationis[SEP][CLS]essential hypertension","0"
"Vulvar Eccrine Adenocarcinoma[SEP][CLS]urethral disease","0"
"Ovarian Yolk Sac Tumor, Glandular Pattern[SEP][CLS]cerebral arterial disease","0"
"Extraocular Retinoblastoma[SEP][CLS]malignant hemangioma","0"
"Alcoholic Polyneuropathy[SEP][CLS]ovarian disease","0"
"Progressive Multifocal Leukoencephalopathy[SEP][CLS]brain cancer","0"
"Breast Fibrocystic Change[SEP][CLS]IDH-mutant anaplastic astrocytoma","0"
"Myeloid/Lymphoid Neoplasms with FGFR1 Rearrangement[SEP][CLS]primary bacterial infectious disease","0"
"Hiatal Hernia[SEP][CLS]amnestic disorder","0"
"Middle Ear Disorder[SEP][CLS]ovarian dysfunction","0"
"Morbid Obesity[SEP][CLS]childhood electroclinical syndrome","0"
"Scrotal Paget Disease[SEP][CLS]central nervous system teratoma","0"
"Grand Mal Epilepsy[SEP][CLS]central nervous system disease","0"
"Skin Appendage Neoplasm[SEP][CLS]benign mediastinal neurilemmoma","0"
"Childhood Multilocular Cystic Renal Neoplasm[SEP][CLS]thiamine deficiency disease","0"
"Primary Hyperoxaluria Type I[SEP][CLS]primary hyperoxaluria","1"
"AV Block Second Degree Mobitz Type II[SEP][CLS]pulmonary valve disease","0"
"Granuloma Inguinale[SEP][CLS]carbohydrate metabolic disorder","0"
"Lung Small Cell Carcinoma[SEP][CLS]benign mediastinal neurilemmoma","0"
"Pericardial Effusion[SEP][CLS]palmoplantar keratosis","0"
"Angiomyolipoma[SEP][CLS]arthropathy","0"
"Juvenile Xanthogranuloma[SEP][CLS]anxiety disorder","0"
"Necrotizing Fasciitis[SEP][CLS]sex cord-gonadal stromal tumor","0"
"Ovarian Mixed Germ Cell Tumor[SEP][CLS]synovial sarcoma","0"
"Breast Malignant Myoepithelioma[SEP][CLS]uterine benign neoplasm","0"
"Cirrhosis[SEP][CLS]spinal cancer","0"
"Amelanotic Cutaneous Melanoma[SEP][CLS]paranasal sinus benign neoplasm","0"
"Demyelinating Disorder[SEP][CLS]pervasive developmental disorder","0"
"Thyroid Gland Angiosarcoma[SEP][CLS]pulmonary fibrosis","0"
"Schizoid Personality Disorder[SEP][CLS]primary bacterial infectious disease","0"
"Measles[SEP][CLS]mixed glioma","0"
"Hyperparathyroidism[SEP][CLS]ureter transitional cell carcinoma","0"
"Beta-Mannosidosis[SEP][CLS]personality disorder","0"
"Peritoneal Solitary Fibrous Tumor[SEP][CLS]heart cancer","0"
"Maple Syrup Urine Disease[SEP][CLS]skin sarcoma","0"
"Papilledema[SEP][CLS]in situ carcinoma","0"
"Rectal Kaposi Sarcoma[SEP][CLS]parasitic protozoa infectious disease","0"
"Hepatitis B Infection[SEP][CLS]adrenal gland pheochromocytoma","0"
"Complete Trisomy 13 Syndrome[SEP][CLS]malignant mesothelioma","0"
"Mediastinal Leiomyosarcoma[SEP][CLS]breast benign neoplasm","0"
"Androgen Insensitivity Syndrome[SEP][CLS]Lynch syndrome","0"
"Breast Mucinous Cystadenocarcinoma[SEP][CLS]respiratory failure","0"
"Amelanotic Cutaneous Melanoma[SEP][CLS]breast adenoma","0"
"Malignant Thymoma[SEP][CLS]lymphatic system disease","0"
"Paranoid Personality Disorder[SEP][CLS]pre-malignant neoplasm","0"
"Clear Cell Renal Cell Carcinoma[SEP][CLS]thymus gland disease","0"
"Entrapment Neuropathy[SEP][CLS]gastric adenocarcinoma","0"
"Malignant Glomus Tumor[SEP][CLS]breast carcinoma","0"
"Tropical Sprue[SEP][CLS]kidney sarcoma","0"
"Bile Duct Disorder[SEP][CLS]biliary tract disease","1"
"Amelanotic Melanoma[SEP][CLS]melanoma","1"
"Hypertrichosis[SEP][CLS]EEC syndrome","0"
"Brachial Plexus Neoplasm[SEP][CLS]bile duct rhabdomyosarcoma","0"
"B Lymphoblastic Leukemia/Lymphoma[SEP][CLS]spinal canal and spinal cord meningioma","0"
"Breast Leiomyoma[SEP][CLS]overnutrition","0"
"Fallopian Tube Serous Adenocarcinoma[SEP][CLS]extraskeletal myxoid chondrosarcoma","0"
"Acute Myeloid Leukemia with Minimal Differentiation[SEP][CLS]islet cell tumor","0"
"Reticulosarcoma[SEP][CLS]sweat gland cancer","0"
"Ornithine Carbamoyltransferase Deficiency Disease[SEP][CLS]eye disease","0"
"Vulvar Clear Cell Hidradenocarcinoma[SEP][CLS]myositis","0"
"Reye Syndrome[SEP][CLS]congenital heart disease","0"
"Smith-Lemli-Opitz Syndrome[SEP][CLS]mixed glioma","0"
"Premature Ejaculation[SEP][CLS]skin disease","0"
"Brucellosis[SEP][CLS]gastrointestinal system cancer","0"
"Malignant Testicular Sex Cord-Stromal Tumor[SEP][CLS]chromophil adenoma of the kidney","0"
"Bizarre Leiomyoma[SEP][CLS]endodermal sinus tumor","0"
"Breast Oncocytic Carcinoma[SEP][CLS]cholestasis","0"
"Gyrate Atrophy[SEP][CLS]glioblastoma","0"
"Childhood Extraskeletal Osteosarcoma[SEP][CLS]extraosseous osteosarcoma","1"
"Typhoid Fever[SEP][CLS]skin benign neoplasm","0"
"Tooth Sensitivity[SEP][CLS]malignant ovarian germ cell neoplasm","0"
"Colitis[SEP][CLS]apocrine sweat gland neoplasm","0"
"Anovulation[SEP][CLS]acanthoma","0"
"Transient Ischemic Attack[SEP][CLS]meningioma","0"
"Marburg Virus Disease[SEP][CLS]autoimmune disease of cardiovascular system","0"
"Breast Sclerosing Papilloma[SEP][CLS]retinal disease","0"
"Tracheal Disorder[SEP][CLS]lichen disease","0"
"Intraventricular Meningioma[SEP][CLS]immune system organ benign neoplasm","0"
"Tonsillitis[SEP][CLS]hair follicle neoplasm","0"
"Invasive Bladder Urothelial Carcinoma[SEP][CLS]amino acid metabolic disorder","0"
"Diabetic Vascular Disorder[SEP][CLS]extrinsic allergic alveolitis","0"
"Fungal Infection[SEP][CLS]disease by infectious agent","1"
"Diffuse Pulmonary Fibrosis[SEP][CLS]bilirubin metabolic disorder","0"
"Hemoglobin E Disease[SEP][CLS]acute kidney failure","0"
"Argininemia[SEP][CLS]vaginal adenoma","0"
"Sebaceous Gland Neoplasm[SEP][CLS]islet cell tumor","0"
"Juvenile Myelomonocytic Leukemia[SEP][CLS]synovium cancer","0"
"Ganglioneuroblastoma, Intermixed[SEP][CLS]primary bacterial infectious disease","0"
"Ectopia Lentis[SEP][CLS]pulmonary large cell neuroendocrine carcinoma","0"
"Meningothelial Cell Neoplasm[SEP][CLS]monocytic leukemia","0"
"B Lymphoblastic Leukemia/Lymphoma with t(9;22)(q34.1;q11.2); BCR-ABL1[SEP][CLS]tinea capitis","0"
"Conjunctival Melanoma[SEP][CLS]mature teratoma of the ovary","0"
"Mixed Germ Cell-Sex Cord-Stromal Tumor[SEP][CLS]medulloblastoma","0"
"WDHA Syndrome[SEP][CLS]primary bacterial infectious disease","0"
"Autonomic Neuropathy[SEP][CLS]breast carcinoma","0"
"Breast Central Papilloma[SEP][CLS]breast duct papilloma","1"
"Bladder Papillary Urothelial Carcinoma[SEP][CLS]pancreatic cancer","0"
"Focal Segmental Glomerulosclerosis[SEP][CLS]adolescence-adult electroclinical syndrome","0"
"Suppurative Lymphadenitis[SEP][CLS]bone cancer","0"
"Female Urethral Malignant Neoplasm[SEP][CLS]retroperitoneal cancer","0"
"Secretory Meningioma[SEP][CLS]ovary adenocarcinoma","0"
"Diffuse Large B-Cell Lymphoma Activated B-Cell Type[SEP][CLS]physical disorder","0"
"Cortical Blindness[SEP][CLS]testicular disease","0"
"Somatotroph Pituitary Neuroendocrine Tumor[SEP][CLS]mineral metabolism disease","0"
"Ebstein Anomaly[SEP][CLS]malignant pineal area germ cell neoplasm","0"
"Cryptococcosis[SEP][CLS]clivus meningioma","0"
"Chondroblastic Osteosarcoma[SEP][CLS]laryngeal benign neoplasm","0"
"Oral Cavity Submucous Fibrosis[SEP][CLS]movement disease","0"
"Vaginal Mullerian Papilloma[SEP][CLS]Pancoast tumor","0"
"Herpetic Whitlow[SEP][CLS]pituitary adenoma","0"
"Orchitis[SEP][CLS]nephrolithiasis","0"
"Ovarian Yolk Sac Tumor, Hepatoid Pattern[SEP][CLS]color blindness","0"
"Pseudogout[SEP][CLS]small intestine benign neoplasm","0"
"Ureteric Orifice[SEP][CLS]dengue disease","0"
"Granulomatous Gastritis[SEP][CLS]viral infectious disease","0"
"Hypospadias[SEP][CLS]physical disorder","1"
"Breast Metaplastic Carcinoma[SEP][CLS]viral infectious disease","0"
"Aortic Valve Stenosis[SEP][CLS]aortic valve disease","1"
"Malignant Rectosigmoid Neoplasm[SEP][CLS]sigmoid colon cancer","1"
"Testicular Germ Cell Tumor[SEP][CLS]teratoma","0"
"Gallbladder Disorder[SEP][CLS]peripheral vascular disease","0"
"Pemphigoid Gestationis[SEP][CLS]motor neuron disease","0"
"Serous Cystadenocarcinoma[SEP][CLS]cystadenocarcinoma","1"
"Hairy Cell Leukemia[SEP][CLS]myeloid and lymphoid neoplasms with eosinophilia and abnormalities of PDGFRA, PDGFRB, and FGFR1","0"
"B Lymphoblastic Leukemia/Lymphoma with t(9;22)(q34.1;q11.2); BCR-ABL1[SEP][CLS]central nervous system germinoma","0"
"Secretory Meningioma[SEP][CLS]meningioma","1"
"Sebaceous Adenoma[SEP][CLS]angiolipoma","0"
"Parasitic Endophthalmitis[SEP][CLS]kidney benign neoplasm","0"
"Congenital Combined Immunodeficiency[SEP][CLS]eccrine sweat gland cancer","0"
"Malignant Glomus Tumor[SEP][CLS]neurilemmoma","0"
"Immature Ovarian Teratoma[SEP][CLS]ovarian cancer","0"
"Alopecia[SEP][CLS]viral infectious disease","0"
"Osteoporosis[SEP][CLS]malignant astrocytoma","0"
"Ectomesenchymoma[SEP][CLS]pleomorphic rhabdomyosarcoma","0"
"Intestinal Pseudo-Obstruction[SEP][CLS]vaginal benign neoplasm","0"
"Undifferentiated Pleomorphic Sarcoma, Inflammatory Variant[SEP][CLS]malignant fibrous histiocytoma","1"
"Bullous Pemphigoid[SEP][CLS]von Willebrand's disease","0"
"Breast Hemangiopericytoma[SEP][CLS]diabetes mellitus","0"
"Malignant Gastric Granular Cell Tumor[SEP][CLS]stomach cancer","1"
"Autoimmune Lymphoproliferative Syndrome[SEP][CLS]female urethral cancer","0"
"Adult Liposarcoma[SEP][CLS]pineal gland cancer","0"
"Skin Squamous Papilloma[SEP][CLS]malignant astrocytoma","0"
"Thyroid Gland Medullary Carcinoma[SEP][CLS]lysosomal storage disease","0"
"Gallbladder Mucinous Adenocarcinoma[SEP][CLS]breast benign neoplasm","0"
"Kidney Vascular Disorder[SEP][CLS]rhabdoid meningioma","0"
"Multiple Skull Base Meningiomas[SEP][CLS]thrombophilia","0"
"Benign Secondary Hypertension[SEP][CLS]secondary hypertension","1"
"Congo-Crimean Hemorrhagic Fever[SEP][CLS]disease of mental health","0"
"Wolfram Syndrome[SEP][CLS]adenocarcinoma","0"
"Adult Anaplastic Ependymoma[SEP][CLS]pleomorphic rhabdomyosarcoma","0"
"Acute Myeloid Leukemia[SEP][CLS]myeloid leukemia","1"
"Cranial Nerve IX Palsy[SEP][CLS]hepatocellular carcinoma","0"
"Hepatic Encephalopathy[SEP][CLS]brain disease","1"
"Tick-Borne Relapsing Fever[SEP][CLS]cervical squamous cell carcinoma","0"
"Gangrenous Stomatitis[SEP][CLS]female reproductive system disease","0"
"Pseudomyxoma Peritonei[SEP][CLS]anterior cranial fossa meningioma","0"
"Bile Duct Mucinous Cystic Neoplasm[SEP][CLS]leukodystrophy","0"
"Muir-Torre Syndrome[SEP][CLS]skin disease","0"
"Lung Papillary Adenocarcinoma[SEP][CLS]mucopolysaccharidosis","0"
"Linitis Plastica[SEP][CLS]iris cancer","0"
"Epithelioid Malignant Peripheral Nerve Sheath Tumor[SEP][CLS]primary thrombocytopenia","0"
"Erectile Dysfunction[SEP][CLS]carcinoma","0"
"Testicular Seminoma, Pseudoglandular Variant[SEP][CLS]glioblastoma","0"
"Acute Myeloid Leukemia with Maturation[SEP][CLS]encephalomalacia","0"
"Pineocytoma[SEP][CLS]hemangioma","0"
"Maternal Uniparental Disomy Chromosome 14 Syndrome[SEP][CLS]hemangioblastoma","0"
"Adenocarcinoma In Situ[SEP][CLS]breast hemangioma","0"
"Ampulla of Vater Clear Cell Adenocarcinoma[SEP][CLS]iris disease","0"
"Dacryoadenitis[SEP][CLS]lacrimal apparatus disease","1"
"Hemopericardium[SEP][CLS]mucopolysaccharidosis","0"
"Synpolydactyly[SEP][CLS]ovarian germ cell cancer","0"
"Lacrimal Mucocele[SEP][CLS]acute megakaryocytic leukemia","0"
"Selective Immunoglobulin Isotype Deficiency[SEP][CLS]carbohydrate metabolic disorder","0"
"Pituitary Gland Hypoplasia[SEP][CLS]pericardium disease","0"
"Intravascular Nodular Fasciitis[SEP][CLS]embryonal testis carcinoma","0"
"Diffuse Astrocytoma[SEP][CLS]neurofibroma","0"
"Ovarian Stromal Hyperthecosis[SEP][CLS]leiomyosarcoma","0"
"Alcoholic Cirrhosis[SEP][CLS]prostate adenocarcinoma","0"
"Cerebellar Liponeurocytoma[SEP][CLS]basal cell carcinoma","0"
"Parathyroid Gland Clear Cell Adenoma[SEP][CLS]autonomic neuropathy","0"
"Gastroschisis[SEP][CLS]trigeminal nerve neoplasm","0"
"Vulvar Syringoma[SEP][CLS]idiopathic interstitial pneumonia","0"
"Amelanotic Cutaneous Melanoma[SEP][CLS]severe combined immunodeficiency","0"
"Single Episode of Major Depressive Disorder[SEP][CLS]myeloid neoplasm","0"
"Generalized Atherosclerosis[SEP][CLS]peroxisomal disease","0"
"Neuropathy, Hereditary Sensory and Autonomic, Type I[SEP][CLS]benign ependymoma","0"
"Childhood Cerebellar Astrocytoma[SEP][CLS]thalassemia","0"
"Liposarcoma[SEP][CLS]dermatitis","0"
"Glycogen-Rich Carcinoma[SEP][CLS]upper respiratory tract disease","0"
"Adrenal Gland Neuroblastoma[SEP][CLS]viral infectious disease","0"
"Metastatic Lactotroph Pituitary Neuroendocrine Tumor[SEP][CLS]esophageal cancer","0"
"Malignant Uterine Corpus Neoplasm[SEP][CLS]cell type benign neoplasm","0"
"Synovitis, Acne, Pustulosis, Hyperostosis, and Osteitis Syndrome[SEP][CLS]ovarian germ cell cancer","0"
"Solid Pseudopapillary Carcinoma of the Pancreas[SEP][CLS]intracranial hypertension","0"
"Subareolar Duct Papillomatosis[SEP][CLS]diffuse large B-cell lymphoma","0"
"Pancreatic Vipoma[SEP][CLS]vulva cancer","0"
"Cutaneous Nodular Melanoma[SEP][CLS]skin disease","0"
"Neuroblastoma[SEP][CLS]autonomic nervous system neoplasm","1"
"Intracranial Meningioma[SEP][CLS]chromosomal deletion syndrome","0"
"Cervicomedullary Junction Neoplasm[SEP][CLS]high grade glioma","0"
"Plague[SEP][CLS]sarcoma","0"
"Melorheostosis[SEP][CLS]laryngitis","0"
"Pancreatic Intraductal Papillary-Mucinous Neoplasm with an Associated Invasive Carcinoma[SEP][CLS]refractory hematologic cancer","0"
"Occipital Lobe Neoplasm[SEP][CLS]neurodegenerative disease","0"
"Ureterolithiasis[SEP][CLS]breast metaplastic carcinoma","0"
"Childhood Cerebral Astrocytoma[SEP][CLS]neuropathy","0"
"Lactating Adenoma[SEP][CLS]seminoma","0"
"Dubin-Johnson Syndrome[SEP][CLS]hereditary renal cell carcinoma","0"
"Splenic Manifestation of Hairy Cell Leukemia[SEP][CLS]testicular germ cell cancer","0"
"Breast Disorder[SEP][CLS]esophageal disease","0"
"Cerebellopontine Angle Neoplasm[SEP][CLS]pilocytic astrocytoma","0"
"Refractory T Lymphoblastic Leukemia/Lymphoma[SEP][CLS]sarcoma","0"
"Thoracic Aortic Aneurysm[SEP][CLS]specific phobia","0"
"Exanthem[SEP][CLS]breast carcinoma","0"
"Ischemic Neuropathy[SEP][CLS]ovarian carcinosarcoma","0"
"Corneal Edema[SEP][CLS]optic nerve disease","0"
"Pituitary Gland Apoplexy[SEP][CLS]colonic disease","0"
"Dermatophytosis[SEP][CLS]uveal disease","0"
"Meesmann Corneal Dystrophy[SEP][CLS]basal cell carcinoma","0"
"Chronic Eosinophilic Leukemia, Not Otherwise Specified[SEP][CLS]leukemia","0"
"Occult Lung Squamous Cell Carcinoma[SEP][CLS]hypopituitarism","0"
"Kearns-Sayre Syndrome[SEP][CLS]endometrial adenocarcinoma","0"
"Chicken Pox[SEP][CLS]sleep disorder","0"
"Vulvar Sebaceous Carcinoma[SEP][CLS]eccrine sweat gland cancer","0"
"Acute Myelomonocytic Leukemia[SEP][CLS]posterior pituitary gland neoplasm","0"
"Mediastinal Teratoma[SEP][CLS]hypoglycemia","0"
"Vitreous Detachment[SEP][CLS]vitreous disease","1"
"Leigh Disease[SEP][CLS]inherited metabolic disorder","0"
"Thrombocytosis[SEP][CLS]cervical squamous cell carcinoma","0"
"Maffucci Syndrome[SEP][CLS]papilloma","0"
"Disseminated Intravascular Coagulation in Newborn[SEP][CLS]eccrine sweat gland neoplasm","0"
"Eosinophilic Meningitis[SEP][CLS]eyelid disease","0"
"Syndrome[SEP][CLS]cervicitis","0"
"Neonatal Diabetes Mellitus[SEP][CLS]mesenchymal cell neoplasm","0"
"Ovarian Clear Cell Adenocarcinoma[SEP][CLS]neurofibroma","0"
"Necatoriasis[SEP][CLS]keratoacanthoma","0"
"Penile Urethral Malignant Neoplasm[SEP][CLS]childhood leukemia","0"
"Thymic Clear Cell Carcinoma[SEP][CLS]adenoma","0"
"Idiopathic Pulmonary Fibrosis[SEP][CLS]gallbladder adenocarcinoma","0"
"Pyelitis[SEP][CLS]prostate carcinoma","0"
"Dermatitis[SEP][CLS]testicular yolk sac tumor","0"
"Cranial Nerve VII Palsy[SEP][CLS]bladder adenocarcinoma","0"
"Testicular Yolk Sac Tumor, Endodermal Sinus/Perivascular Pattern[SEP][CLS]endometrial adenocarcinoma","0"
"Pancreatic ACTH-Producing Neuroendocrine Tumor[SEP][CLS]intrinsic cardiomyopathy","0"
"Subacute Lymphocytic Thyroiditis[SEP][CLS]thyroiditis","1"
"Progressive Myoclonus Epilepsy[SEP][CLS]malignant mesothelioma","0"
"Adult Xanthogranuloma[SEP][CLS]angiomyolipoma","0"
"Myeloid/Lymphoid Neoplasms with PDGFRB Rearrangement[SEP][CLS]ocular melanoma","0"
"Cutaneous Nodular Melanoma[SEP][CLS]kidney benign neoplasm","0"
"Gangliocytoma[SEP][CLS]congenital hypoplastic anemia","0"
"Cervical Adenoid Basal Carcinoma[SEP][CLS]cervix carcinoma","1"
"Scrotal Paget Disease[SEP][CLS]extrapulmonary tuberculosis","0"
"Peripheral Primitive Neuroectodermal Tumor of Bone[SEP][CLS]neuropathy","0"
"Cherry Hemangioma[SEP][CLS]skin benign neoplasm","1"
"Breast Intraductal Neoplasm[SEP][CLS]benign ependymoma","0"
"Prostate Adenoid Cystic Carcinoma[SEP][CLS]spleen cancer","0"
"Skeletal Muscle Neoplasm[SEP][CLS]vaginal cancer","0"
"Female Urethral Malignant Neoplasm[SEP][CLS]disorder of sexual development","0"
"Hypertrophic Pyloric Stenosis[SEP][CLS]intestinal cancer","0"
"Hepatobiliary Disorder[SEP][CLS]oral cavity cancer","0"
"Intravenous Leiomyomatosis[SEP][CLS]extrinsic cardiomyopathy","0"
"Childhood Acute Lymphoblastic Leukemia[SEP][CLS]disease","0"
"Papillary Tumor of the Pineal Region[SEP][CLS]pineal gland cancer","1"
"Holocarboxylase Synthetase Deficiency[SEP][CLS]glossopharyngeal nerve disease","0"
"Hypothyroidism[SEP][CLS]disseminated intravascular coagulation","0"
"Cervical Atypical Polypoid Adenomyoma[SEP][CLS]myocardial infarction","0"
"Pulmonary Alveolar Proteinosis[SEP][CLS]vaginal benign neoplasm","0"
"Freeman-Sheldon Syndrome[SEP][CLS]sphenoidal sinus benign neoplasm","0"
"MCD Diffuse Large B-Cell Lymphoma[SEP][CLS]strabismus","0"
"Astrocytoma, IDH-Mutant, Grade 3[SEP][CLS]connective tissue disease","0"
"Conventional Fibrosarcoma[SEP][CLS]disease of anatomical entity","0"
"Ganglioneuroblastoma[SEP][CLS]urethral disease","0"
"Galloway-Mowat Syndrome[SEP][CLS]transient hypogammaglobulinemia","0"
"Scarlet Fever[SEP][CLS]follicular adenoma","0"
"Lung Hilum Neoplasm[SEP][CLS]ovarian mucinous adenofibroma","0"
"Thymic Sarcomatoid Carcinoma[SEP][CLS]uveal disease","0"
"Endocervicitis[SEP][CLS]carbohydrate metabolic disorder","0"
"Grand Mal Epilepsy[SEP][CLS]retinal degeneration","0"
"Giant Hemangioma[SEP][CLS]sphingolipidosis","0"
"Uterine Carcinosarcoma[SEP][CLS]high grade glioma","0"
"Nasopharyngeal-Type Undifferentiated Carcinoma[SEP][CLS]brain disease","0"
"Essential Thrombocythemia[SEP][CLS]parasitic helminthiasis infectious disease","0"
"Hepatocellular Carcinoma[SEP][CLS]corneal disease","0"
"Gasserian Meningioma[SEP][CLS]diffuse large B-cell lymphoma","0"
"Central Retinal Vein Occlusion[SEP][CLS]systemic mastocytosis","0"
"Cavernous Hemangioma of the Face[SEP][CLS]penile disease","0"
"Endometriosis[SEP][CLS]female reproductive system disease","1"
"Chronic Ethmoidal Sinusitis[SEP][CLS]middle ear disease","0"
"Testicular Thecoma[SEP][CLS]prostate rhabdomyosarcoma","0"
"Maternal Uniparental Disomy Chromosome 14 Syndrome[SEP][CLS]gastrointestinal system benign neoplasm","0"
"Uveal Disorder[SEP][CLS]laryngitis","0"
"Spindle Cell Hemangioma[SEP][CLS]leiomyosarcoma","0"
"Cerebellopontine Angle Embryonal Tumor, Not Otherwise Specified[SEP][CLS]agnosia","0"
"Transient Ischemic Attack[SEP][CLS]stomach cancer","0"
"Gastric Immature Teratoma[SEP][CLS]benign mesothelioma","0"
"Tracheal Disorder[SEP][CLS]apocrine sweat gland neoplasm","0"
"Breast Central Papilloma[SEP][CLS]motor neuron disease","0"
"Periodontitis[SEP][CLS]paraplegia","0"
"Acute Nasopharyngitis[SEP][CLS]spinal canal and spinal cord meningioma","0"
"Spastic Diplegia[SEP][CLS]spastic cerebral palsy","1"
"Macrotrabecular Hepatoblastoma[SEP][CLS]cranial nerve disease","0"
"Buerger Disease[SEP][CLS]skin cancer","0"
"Beckwith-Wiedemann Syndrome[SEP][CLS]anal squamous cell carcinoma","0"
"Lewy Body Dementia[SEP][CLS]epithelial and subepithelial dystrophy","0"
"Lichen Planus[SEP][CLS]synostosis","0"
"Tay-Sachs Disease[SEP][CLS]ovarian cystadenocarcinoma","0"
"Spermatocele[SEP][CLS]cerebellum cancer","0"
"Leukemia[SEP][CLS]fallopian tube adenocarcinoma","0"
"Chronic Leukemia[SEP][CLS]epithelioid sarcoma","0"
"T-Cell Large Granular Lymphocyte Leukemia[SEP][CLS]marginal zone lymphoma","0"
"Childhood Mediastinal Neurogenic Neoplasm[SEP][CLS]synovium cancer","0"
"Desquamative Interstitial Pneumonia[SEP][CLS]synucleinopathy","0"
"Peripheral Nerve Schwannoma[SEP][CLS]familial hyperlipidemia","0"
"Pilocytic Astrocytoma[SEP][CLS]kidney disease","0"
"Hepatolenticular Degeneration[SEP][CLS]cervical benign neoplasm","0"
"Isovaleric Acidemia[SEP][CLS]central nervous system adult germ cell tumor","0"
"Kidney Hemangiopericytoma[SEP][CLS]visceral heterotaxy","0"
"Pancreatic Intraductal Papillary-Mucinous Neoplasm, High Grade[SEP][CLS]hemangiopericytoma","0"
"Extramammary Paget Disease[SEP][CLS]acute porphyria","0"
"Necrobiosis Lipoidica[SEP][CLS]diabetic retinopathy","0"
"Esophageal Neuroendocrine Neoplasm[SEP][CLS]esophageal cancer","1"
"Gallbladder Stone[SEP][CLS]gastric adenocarcinoma","0"
"Peripheral Motor Neuropathy[SEP][CLS]bladder carcinoma","0"
"Supratentorial Ependymoma ZFTA Fusion-Positive[SEP][CLS]cerebral ventricle cancer","0"
"Juvenile Myelomonocytic Leukemia[SEP][CLS]lipid metabolism disorder","0"
"Synchronous Bilateral Breast Carcinoma[SEP][CLS]neurilemmoma","0"
"Malignant Small Intestinal Neoplasm[SEP][CLS]skin cancer","0"
"Giant Cell Tumor[SEP][CLS]bone benign neoplasm","1"
"Thyrotroph Pituitary Neuroendocrine Tumor[SEP][CLS]functioning pituitary adenoma","1"
"Adult Botryoid-Type Embryonal Rhabdomyosarcoma[SEP][CLS]botryoid rhabdomyosarcoma","1"
"Childhood Meningeal Melanoma[SEP][CLS]cystadenofibroma","0"
"Uveal Mixed Cell Melanoma[SEP][CLS]nosophobia","0"
"Angioedema[SEP][CLS]skin sarcoma","0"
"Non Specific Chronic Endometritis[SEP][CLS]cholangitis","0"
"Fibroblastic Osteosarcoma[SEP][CLS]mixed glioma","0"
"Small Intestinal Neuroendocrine Neoplasm[SEP][CLS]adolescence-adult electroclinical syndrome","0"
"Pediculosis[SEP][CLS]testicular yolk sac tumor","0"
"Animal Phobia[SEP][CLS]follicular adenoma","0"
"Skin Liposarcoma[SEP][CLS]non-Langerhans-cell histiocytosis","0"
"Systemic Mastocytosis with an Associated Myeloid Neoplasm[SEP][CLS]cognitive disorder","0"
"Bizarre Leiomyoma[SEP][CLS]intrahepatic cholestasis","0"
"Thrombophlebitis[SEP][CLS]phlebitis","1"
"Breast Periductal Myoepitheliosis[SEP][CLS]medulloblastoma non-WNT/non-SHH","0"
"Cervicomedullary Junction Neoplasm[SEP][CLS]blood protein disease","0"
"COVID-19 Infection[SEP][CLS]lung adenocarcinoma","0"
"Dumping Syndrome[SEP][CLS]hypolipoproteinemia","0"
"Pacinian Neurofibroma[SEP][CLS]metal metabolism disorder","0"
"Bile Duct Mucinous Cystic Neoplasm with an Associated Invasive Carcinoma[SEP][CLS]bile duct adenocarcinoma","1"
"Aleukemic Leukemia[SEP][CLS]primary bacterial infectious disease","0"
"Gonadal Disorder[SEP][CLS]peripheral vascular disease","0"
"Biphasic Mesothelioma[SEP][CLS]mitochondrial encephalomyopathy","0"
"Clear Cell Sarcoma of the Kidney[SEP][CLS]thyroiditis","0"
"Epididymal Neoplasm[SEP][CLS]bile duct adenocarcinoma","0"
"Hereditary Fallopian Tube Carcinoma[SEP][CLS]skin disease","0"
"Metabolic Disorder[SEP][CLS]hypotrichosis","0"
"Vaginal Leiomyosarcoma[SEP][CLS]bladder carcinoma","0"
"Malignant Soft Palate Neoplasm[SEP][CLS]mucolipidosis","0"
"Petit Mal Epilepsy[SEP][CLS]urinary system disease","0"
"Nasopharyngeal-Type Undifferentiated Carcinoma[SEP][CLS]stomach cancer","0"
"Signet Ring Cell Intrahepatic Cholangiocarcinoma[SEP][CLS]megacolon","0"
"Ovarian Seromucinous Carcinoma[SEP][CLS]glycogen-rich carcinoma","0"
"Gliosarcoma[SEP][CLS]cholangiocarcinoma","0"
"Mediastinal Neurogenic Neoplasm[SEP][CLS]mediastinal cancer","1"
"Myeloid/Lymphoid Neoplasms with PDGFRA Rearrangement[SEP][CLS]spinal cancer","0"
"Skin Pseudovascular Squamous Cell Carcinoma[SEP][CLS]pulmonary hypertension","0"
"Cellular Ependymoma[SEP][CLS]adrenal gland disease","0"
"Central Neurocytoma[SEP][CLS]EWSR1-negative small round cell tumor","0"
"Vasomotor Rhinitis[SEP][CLS]ovarian germ cell teratoma","0"
"Cryoglobulinemia[SEP][CLS]muscular dystrophy","0"
"Anxiety Disorder[SEP][CLS]movement disease","0"
"Palmoplantar Pustulosis[SEP][CLS]syndrome","0"
"Middle Ear Polyp[SEP][CLS]basal cell carcinoma","0"
"Childhood Central Nervous System Germ Cell Tumor[SEP][CLS]epidermolysis bullosa","0"
"Mastocytosis[SEP][CLS]parasitic helminthiasis infectious disease","0"
"Childhood Malignant Germ Cell Tumor[SEP][CLS]glossopharyngeal nerve neoplasm","0"
"Digestive System Neuroendocrine Neoplasm[SEP][CLS]cervical mucinous adenocarcinoma","0"
"Transvestic Fetishism[SEP][CLS]congenital nervous system abnormality","0"
"Myoepithelial Tumor[SEP][CLS]parathyroid adenoma","0"
"Dystonia[SEP][CLS]retinal degeneration","0"
"Vagus Nerve Disorder[SEP][CLS]ovarian dysfunction","0"
"Ovarian Mucinous Cystadenofibroma[SEP][CLS]lung disease","0"
"Mastocytoma[SEP][CLS]familial periodic paralysis","0"
"Pyelitis[SEP][CLS]skin benign neoplasm","0"
"Testicular Fibroma[SEP][CLS]male reproductive organ benign neoplasm","1"
"Diffuse Large B-Cell Lymphoma Germinal Center B-Cell Type[SEP][CLS]uterine ligament cancer","0"
"Molluscum Contagiosum Virus Infection[SEP][CLS]complex regional pain syndrome","0"
"Epithelioid Leiomyosarcoma[SEP][CLS]eye disease","0"
"Hemangiopericytoma[SEP][CLS]gastritis","0"
"Paronychia[SEP][CLS]drug dependence","0"
"Lymphocytic Gastritis[SEP][CLS]pyoderma","0"
"Ovarian Clear Cell Cystadenofibroma[SEP][CLS]adolescence-adult electroclinical syndrome","0"
"Uveal Necrotic Melanoma[SEP][CLS]uveal melanoma","1"
"Early Invasive Cervical Adenocarcinoma[SEP][CLS]movement disease","0"
"Venezuelan Equine Fever[SEP][CLS]testicular germ cell cancer","0"
"Frontal Convexity Meningioma[SEP][CLS]breast adenocarcinoma","0"
"Sclerosing Atypical Lipomatous Tumor/Well Differentiated Liposarcoma[SEP][CLS]adult pineal parenchymal tumor","0"
"Breast Hemangioma[SEP][CLS]bartonellosis","0"
"Cerebral Malaria[SEP][CLS]endometrial adenocarcinoma","0"
"Breast Fat Necrosis[SEP][CLS]mouth disease","0"
"Skin Leiomyoma[SEP][CLS]glomangioma","0"
"Antisocial Personality Disorder[SEP][CLS]personality disorder","1"
"Glucose-6-Phosphate Dehydrogenase Deficiency[SEP][CLS]primary bacterial infectious disease","0"
"Agoraphobia[SEP][CLS]phobic disorder","1"
"Hydronephrosis[SEP][CLS]urinary tract obstruction","1"
"Uterine Corpus Dissecting Leiomyoma[SEP][CLS]synovium cancer","0"
"Ovarian Endometrioid Adenofibroma[SEP][CLS]vulvar sarcoma","0"
"Ankylosis[SEP][CLS]cerebrum cancer","0"
"Binocular Vision Disorder[SEP][CLS]primary hyperoxaluria","0"
"Vulvar Disorder[SEP][CLS]sleep disorder","0"
"Anterior Foramen Magnum Meningioma[SEP][CLS]parasitic ectoparasitic infectious disease","0"
"Ovarian Serous Cystadenofibroma[SEP][CLS]epilepsy","0"
"Malignant Essential Hypertension[SEP][CLS]viral infectious disease","0"
"Optic Atrophy[SEP][CLS]ureteral disease","0"
"Penile Mixed Squamous Cell Carcinoma[SEP][CLS]carotid artery disease","0"
"Macular Hole[SEP][CLS]chromosomal duplication syndrome","0"
"Keratinizing Squamous Cell Carcinoma[SEP][CLS]specific developmental disorder","0"
"Chicken Pox[SEP][CLS]placenta disease","0"
"Childhood Astrocytic Tumor[SEP][CLS]physical disorder","0"
"Kidney Sarcoma[SEP][CLS]retinal vein occlusion","0"
"Cervical Large Cell Neuroendocrine Carcinoma[SEP][CLS]cervix carcinoma","1"
"Gliosarcoma[SEP][CLS]mediastinal cancer","0"
"Complex Regional Pain Syndrome I[SEP][CLS]synovial sarcoma","0"
"Sphenoid Sinus Papilloma[SEP][CLS]muscle benign neoplasm","0"
"Ovarian Yolk Sac Tumor[SEP][CLS]ovarian primitive germ cell tumor","1"
"Hartnup Disease[SEP][CLS]lipoma","0"
"Craniopharyngioma[SEP][CLS]lung disease","0"
"Sandhoff Disease[SEP][CLS]breast carcinoma","0"
"Hypercalcemic Sarcoidosis[SEP][CLS]diffuse astrocytoma","0"
"Tetanus Neonatorum[SEP][CLS]nervous system disease","0"
"Childhood Meningeal Melanoma[SEP][CLS]cervical cancer","0"
"Eosinophilic Esophagitis[SEP][CLS]myelofibrosis","0"
"Mucinous Cystadenocarcinoma[SEP][CLS]ethmoidal sinus benign neoplasm","0"
"Distal-Type Epithelioid Sarcoma[SEP][CLS]supraglottis cancer","0"
"Malignant Frontal Sinus Neoplasm[SEP][CLS]paranasal sinus cancer","1"
"Vasculitis[SEP][CLS]hypopituitarism","0"
"Childhood Dermatomyositis[SEP][CLS]cerebral degeneration","0"
"Chronic Rhinitis[SEP][CLS]extraosseous Ewing sarcoma","0"
"Bladder Papillary Urothelial Neoplasm[SEP][CLS]gastrointestinal system cancer","0"
"Undescended Testes[SEP][CLS]disorder of sexual development","1"
"Lissencephaly[SEP][CLS]human immunodeficiency virus infectious disease","0"
"Myositis Ossificans[SEP][CLS]myositis","1"
"Pilomyxoid Astrocytoma[SEP][CLS]sweat gland cancer","0"
"Uremic Neuropathy[SEP][CLS]uremia","1"
"Barakat Syndrome[SEP][CLS]mature teratoma of the ovary","0"
"Congenital Glaucoma[SEP][CLS]primary congenital glaucoma","1"
"Staphylococcal Food Poisoning[SEP][CLS]lymphatic system cancer","0"
"Partial Epilepsy[SEP][CLS]epilepsy","1"
"Primary Hyperoxaluria Type I[SEP][CLS]anus adenocarcinoma","0"
"Villous Adenocarcinoma[SEP][CLS]leiomyosarcoma","0"
"Urethral Verrucous Carcinoma[SEP][CLS]synostosis","0"
"Adult Cystic Teratoma[SEP][CLS]cystic teratoma","1"
"Axillary Lymphadenitis[SEP][CLS]lymphadenitis","1"
"Lung Lymphangioleiomyomatosis[SEP][CLS]mucopolysaccharidosis","0"
"Alastrim[SEP][CLS]smallpox","1"
"Mixed Liposarcoma[SEP][CLS]choriocarcinoma","0"
"Scleredema Adultorum[SEP][CLS]relapsing fever","0"
"Distal Hereditary Motor Neuronopathy Type I[SEP][CLS]cranial nerve malignant neoplasm","0"
"Kimura Disease[SEP][CLS]endocrine organ benign neoplasm","0"
"Ovarian Serous Adenofibroma[SEP][CLS]carbohydrate metabolic disorder","0"
"Ampulla of Vater Clear Cell Adenocarcinoma[SEP][CLS]hidradenitis","0"
"Angiomyolipoma[SEP][CLS]vaginal benign neoplasm","0"
"Lumbar Intraspinal Meningioma[SEP][CLS]intestinal disease","0"
"Pleomorphic Xanthoastrocytoma[SEP][CLS]gastritis","0"
"Secondary Polycythemia[SEP][CLS]vitamin metabolic disorder","0"
"Duodenal Somatostatin-Producing Neuroendocrine Tumor[SEP][CLS]oligodendroglioma","0"
"Metastatic Carotid Body Paraganglioma[SEP][CLS]drug dependence","0"
"Petrous Apex Meningioma[SEP][CLS]kidney disease","0"
"Rothmund-Thomson Syndrome[SEP][CLS]skin disease","1"
"Hyperparathyroidism[SEP][CLS]ocular motility disease","0"
"Adult Liposarcoma[SEP][CLS]atherosclerosis","0"
"Congenital Septal Defect[SEP][CLS]coronary artery disease","0"
"Ovarian Serous Cystadenofibroma[SEP][CLS]ovarian serous adenofibroma","1"
"Rhabdoid Meningioma[SEP][CLS]amnestic disorder","0"
"Multicentric Reticulohistiocytosis[SEP][CLS]sinusitis","0"
"Isosporiasis[SEP][CLS]extraskeletal myxoid chondrosarcoma","0"
"Skin Sclerosing/Morphoeic Basal Cell Carcinoma[SEP][CLS]pneumoconiosis","0"
"Ileal Neoplasm[SEP][CLS]kidney sarcoma","0"
"Psoriasis[SEP][CLS]B-lymphoblastic leukemia/lymphoma","0"
"Polycythemia due to Hypoxia[SEP][CLS]bone remodeling disease","0"
"Hypothalamic Neoplasm[SEP][CLS]peripheral nervous system disease","0"
"Histiocytic Sarcoma[SEP][CLS]vulva adenocarcinoma","0"
"Papillary Transitional Cell Carcinoma[SEP][CLS]Hodgkin's lymphoma","0"
"Cranial Nerve III Palsy[SEP][CLS]third cranial nerve disease","1"
"Amyotrophic Lateral Sclerosis[SEP][CLS]endometritis","0"
"Epithelioid Neurofibroma[SEP][CLS]autonomic neuropathy","0"
"Childhood Ovarian Yolk Sac Tumor[SEP][CLS]lower respiratory tract disease","0"
"Complete Androgen Insensitivity Syndrome[SEP][CLS]malignant pineal area germ cell neoplasm","0"
"Thyrotoxicosis[SEP][CLS]liver cirrhosis","0"
"Appendix Mucinous Cystadenocarcinoma[SEP][CLS]viral infectious disease","0"
"Oral Cavity Disorder[SEP][CLS]dermatitis","0"
"Malignant Hypertension[SEP][CLS]hypertension","1"
"Internal Auditory Canal Meningioma[SEP][CLS]laryngitis","0"
"Mongolian Spot[SEP][CLS]cystic teratoma","0"
"Atrial Septal Defect[SEP][CLS]fasciitis","0"
"Intraventricular Brain Neoplasm[SEP][CLS]nutritional deficiency disease","0"
"Botulism[SEP][CLS]ovarian endodermal sinus tumor","0"
"Glottis Verrucous Carcinoma[SEP][CLS]movement disease","0"
"Malignant Dermal Neoplasm[SEP][CLS]papilloma","0"
"Malignant Tenosynovial Giant Cell Tumor[SEP][CLS]motor neuritis","0"
"Acute Myeloid Leukemia (Megakaryoblastic) with t(1;22)(p13.3;q13.1); RBM15-MKL1[SEP][CLS]breast disease","0"
"Angiokeratoma of Mibelli[SEP][CLS]hormone producing pituitary cancer","0"
"Ovarian Adenosarcoma[SEP][CLS]lymphoproliferative syndrome","0"
"West Syndrome[SEP][CLS]Coronavirus infectious disease","0"
"Norwegian Scabies[SEP][CLS]nephrosis","0"
"Hepatobiliary Neoplasm[SEP][CLS]gastrointestinal system benign neoplasm","1"
"Mediastinitis[SEP][CLS]chronic cystitis","0"
"Appendicitis[SEP][CLS]functioning pituitary adenoma","0"
"Pyuria[SEP][CLS]vulva squamous cell carcinoma","0"
"Fallopian Tube Serous Cystadenofibroma[SEP][CLS]pineal gland cancer","0"
"Gastric Leiomyosarcoma[SEP][CLS]lacrimal apparatus disease","0"
"Hereditary Leukokeratosis[SEP][CLS]paraphilia disorder","0"
"Pseudogout[SEP][CLS]cervical adenocarcinoma","0"
"Epidemic Keratoconjunctivitis[SEP][CLS]keratoconjunctivitis","1"
"Bagassosis[SEP][CLS]pituitary carcinoma","0"
"Anal Canal Paget Disease[SEP][CLS]duodenum disease","0"
"HIV Infection[SEP][CLS]pulmonary hypertension","0"
"Mucin-Rich Endometrial Endometrioid Adenocarcinoma[SEP][CLS]endometrial adenocarcinoma","1"
"Asynchronous Multifocal Osteosarcoma[SEP][CLS]cheilitis","0"
"Breast Giant Fibroadenoma[SEP][CLS]breast fibroadenoma","1"
"Teratoma with Somatic-Type Malignancy[SEP][CLS]spinal cord primitive neuroectodermal neoplasm","0"
"Non-Neoplastic Urinary System Disorder[SEP][CLS]capillary disease","0"
"Pleomorphic Lipoma[SEP][CLS]central nervous system disease","0"
"Gliofibroma[SEP][CLS]benign ependymoma","0"
"Dyslexia[SEP][CLS]meningioma","0"
"Lacrimal Duct Obstruction[SEP][CLS]lacrimal apparatus disease","1"
"Pineocytoma[SEP][CLS]myelodysplastic/myeloproliferative neoplasm","0"
"Gastric Neuroendocrine Neoplasm[SEP][CLS]breast lobular carcinoma","0"
"Endometrial Serous Adenocarcinoma[SEP][CLS]xeroderma pigmentosum","0"
"Anaplastic Oligodendroglioma[SEP][CLS]esophageal disease","0"
"Twin-Twin Transfusion Syndrome[SEP][CLS]endocardium disease","0"
"Frohlich Syndrome[SEP][CLS]tongue disease","0"
"Malignant Childhood Hemangiopericytoma[SEP][CLS]spinal cord primitive neuroectodermal neoplasm","0"
"Cervical Serous Adenocarcinoma[SEP][CLS]neuroendocrine tumor","0"
"Papillary Glioneuronal Tumor[SEP][CLS]primary bacterial infectious disease","0"
"Ascending Cholangitis[SEP][CLS]anxiety disorder","0"
"Pedophilia[SEP][CLS]paraphilia disorder","1"
"Mediastinal Schwannoma[SEP][CLS]adenocarcinoma","0"
"Hemoglobin E Disease[SEP][CLS]islet cell tumor","0"
"Rapidly Progressive Glomerulonephritis[SEP][CLS]childhood kidney cancer","0"
"Ovarian Mucinous Cystadenofibroma[SEP][CLS]Ewing sarcoma of bone","0"
"Pulmonary Valve Disorder[SEP][CLS]complex regional pain syndrome","0"
"Bone Marrow Disorder[SEP][CLS]kidney disease","0"
"Broad Ligament Endometrioid Adenocarcinoma[SEP][CLS]ischemia","0"
"Clear Cell Sarcoma of the Kidney[SEP][CLS]disease of cellular proliferation","0"
"Meesmann Corneal Dystrophy[SEP][CLS]supratentorial cancer","0"
"Ovarian Stromal Hyperthecosis[SEP][CLS]ovarian disease","1"
"Ectrodactyly-Ectodermal Dysplasia-Cleft Syndrome[SEP][CLS]paranasal sinus cancer","0"
"Kabuki Syndrome[SEP][CLS]diffuse large B-cell lymphoma","0"
"Astrocytoma, IDH-Mutant, Grade 2[SEP][CLS]splenic manifestation of leukemia","0"
"Tetanus[SEP][CLS]iris disease","0"
"Thymic Dysplasia[SEP][CLS]bone sarcoma","0"
"Diffuse Cerebral Sclerosis of Schilder[SEP][CLS]hypersensitivity reaction type IV disease","0"
"Periapical Dental Abscess[SEP][CLS]clivus meningioma","0"
"Lassa Fever[SEP][CLS]hydrocephalus","0"
"Clear Cell Acanthoma[SEP][CLS]mature teratoma of the ovary","0"
"Breast Carcinoma[SEP][CLS]carcinoma","0"
"Testicular Mixed Germ Cell Tumor[SEP][CLS]transitional cell carcinoma","0"
"Tuberculous Empyema[SEP][CLS]acute myeloid leukemia","0"
"Oligodendroglioma[SEP][CLS]basal cell carcinoma","0"
"Ectopic Thymus[SEP][CLS]nephrosis","0"
"CIC-Rearranged Sarcoma[SEP][CLS]atherosclerosis","0"
"Talc Pneumoconiosis[SEP][CLS]skin benign neoplasm","0"
"Anhidrosis[SEP][CLS]hypersensitivity reaction type IV disease","0"
"Lipid-Rich Carcinoma[SEP][CLS]heart cancer","0"
"Chordoid Meningioma[SEP][CLS]non-Langerhans-cell histiocytosis","0"
"Muscle Atrophy[SEP][CLS]childhood ovarian germ cell tumor","0"
"Vulvovaginitis[SEP][CLS]lysosomal storage disease","0"
"Transient Tic Disorder[SEP][CLS]skin disease","0"
"Small Intestinal VIP-Producing Neuroendocrine Tumor[SEP][CLS]severe pre-eclampsia","0"
"Granulomatous Gastritis[SEP][CLS]malignant olfactory nerve neoplasm","0"
"Pituicytoma[SEP][CLS]skin disease","0"
"Pulmonary Fibrosis[SEP][CLS]vaginal cancer","0"
"Anti-Basement Membrane Glomerulonephritis[SEP][CLS]malignant astrocytoma","0"
"Spinal Cord Neuroblastoma[SEP][CLS]bile duct adenocarcinoma","0"
"Meningoencephalitis[SEP][CLS]ovarian endodermal sinus tumor","0"
"Cervical Symmetrical Lipomatosis[SEP][CLS]cerebral hemisphere lipoma","0"
"Adult Astrocytic Tumor[SEP][CLS]malignant astrocytoma","1"
"Human Papillomavirus-Independent Cervical Adenocarcinoma, Clear Cell-Type[SEP][CLS]chronic lymphocytic leukemia/small lymphocytic lymphoma","0"
"Jejunal Somatostatin-Producing Neuroendocrine Tumor[SEP][CLS]jejunal cancer","1"
"Paratesticular Brenner Tumor[SEP][CLS]adenofibroma","0"
"Diabetic Neuropathy[SEP][CLS]irritant dermatitis","0"
"Breast Ductal Adenoma[SEP][CLS]keratosis","0"
"Osteopoikilosis[SEP][CLS]colonic benign neoplasm","0"
"Orbital Cellulitis[SEP][CLS]urethra cancer","0"
"Gestational Diabetes[SEP][CLS]skin melanoma","0"
"Posterior Urethral Malignant Neoplasm[SEP][CLS]thyroid gland disease","0"
"Hairy Cell Leukemia[SEP][CLS]chronic lymphocytic leukemia","1"
"Parasitic Endophthalmitis[SEP][CLS]plasma cell neoplasm","0"
"Childhood Infratentorial Neoplasm[SEP][CLS]breast carcinoma","0"
"Autonomic Neuropathy[SEP][CLS]thyroiditis","0"
"Ovarian Mixed Germ Cell Tumor[SEP][CLS]urinary system disease","0"
"HELLP Syndrome[SEP][CLS]calcium metabolism disease","0"
"Notochordal Tumor[SEP][CLS]dilated cardiomyopathy","0"
"Porphyria Cutanea Tarda[SEP][CLS]prostate sarcoma","0"
"Gallbladder Small Cell Neuroendocrine Carcinoma[SEP][CLS]gallbladder carcinoma","1"
"Sclerosing Atypical Lipomatous Tumor/Well Differentiated Liposarcoma[SEP][CLS]central nervous system disease","0"
"Breast Intracanalicular Fibroadenoma[SEP][CLS]pyloric stenosis","0"
"Metastatic Corticotroph Pituitary Neuroendocrine Tumor[SEP][CLS]sweat gland benign neoplasm","0"
"Conjunctival Melanoma[SEP][CLS]gastrointestinal neuroendocrine benign tumor","0"
"Breast Sebaceous Carcinoma[SEP][CLS]intestinal disease","0"
"Histiocytoma[SEP][CLS]leukemia","0"
"Gerstmann-Straussler-Scheinker Disease[SEP][CLS]eye lymphoma","0"
"Cauda Equina Neoplasm[SEP][CLS]sphingolipidosis","0"
"Tolosa-Hunt Syndrome[SEP][CLS]cervical squamous cell carcinoma","0"
"Diffuse Cutaneous Mastocytosis[SEP][CLS]cutaneous mastocytosis","1"
"Adult Extraskeletal Osteosarcoma[SEP][CLS]plasmacytoma","0"
"Botryoid-Type Embryonal Rhabdomyosarcoma[SEP][CLS]pneumoconiosis","0"
"Childhood Central Nervous System Choriocarcinoma[SEP][CLS]multifocal osteogenic sarcoma","0"
"Polycythemia Neonatorum[SEP][CLS]organic acidemia","0"
"Papillary Craniopharyngioma[SEP][CLS]craniopharyngioma","1"
"Frontal Sinusitis[SEP][CLS]skin squamous cell carcinoma","0"
"Aortic Valve Insufficiency[SEP][CLS]eye disease","0"
"Myeloid Leukemia[SEP][CLS]muscular dystrophy","0"
"Hypoplastic Right Heart Syndrome[SEP][CLS]syndrome","0"
"T-Cell Non-Hodgkin Lymphoma[SEP][CLS]malignant peripheral nerve sheath tumor","0"
"Granulomatous Arteritis[SEP][CLS]adenomyoma","0"
"Indolent Multiple Myeloma[SEP][CLS]diverticulitis","0"
"Collagenous Colitis[SEP][CLS]autoimmune disease of peripheral nervous system","0"
"Drug Abuse[SEP][CLS]pervasive developmental disorder","0"
"Bladder Disorder[SEP][CLS]craniosynostosis","0"
"Fibrous Meningioma[SEP][CLS]kidney sarcoma","0"
"Adrenal Gland Neuroblastoma[SEP][CLS]medulloblastoma SHH activated","0"
"Labia Minora Carcinoma[SEP][CLS]vulva carcinoma","1"
"Leptospirosis[SEP][CLS]pyoderma","0"
"1p36 Deletion Syndrome[SEP][CLS]chromosomal deletion syndrome","1"
"Ethmoid Sinus Primary Ectopic Meningioma[SEP][CLS]ethmoidal sinus benign neoplasm","1"
"Ovarian Polyembryoma[SEP][CLS]West Nile encephalitis","0"
"Infectious Mononucleosis[SEP][CLS]dementia","0"
"Neurogenic Bladder[SEP][CLS]histone mutated tumor","0"
"Mononeuritis Multiplex[SEP][CLS]dermatitis","0"
"Adult Central Nervous System Teratoma[SEP][CLS]central nervous system teratoma","1"
"Kidney Disorder[SEP][CLS]ureteral disease","0"
"Postauricular Lymphadenitis[SEP][CLS]dementia","0"
"Childhood Ovarian Embryonal Carcinoma[SEP][CLS]motor neuron disease","0"
"Childhood Ovarian Germ Cell Tumor[SEP][CLS]cerebrum cancer","0"
"Mucolipidosis[SEP][CLS]intrahepatic cholangiocarcinoma","0"
"Glycogen-Rich Carcinoma[SEP][CLS]glomerulonephritis","0"
"Vaginal Tubulovillous Adenoma[SEP][CLS]fasciitis","0"
"Dartoic Leiomyoma[SEP][CLS]nodular ganglioneuroblastoma","0"
"Bullous Keratopathy[SEP][CLS]kidney cancer","0"
"Tangier Disease[SEP][CLS]mitochondrial metabolism disease","0"
"Radiation Cystitis[SEP][CLS]childhood spinal muscular atrophy","0"
"Internal Strabismus[SEP][CLS]ovarian carcinoma","0"
"Extraocular Retinoblastoma[SEP][CLS]myeloid neoplasm","0"
"Azoospermia[SEP][CLS]congenital heart disease","0"
"Invasive Bladder Lymphoepithelioma-Like Carcinoma[SEP][CLS]breast adenocarcinoma","0"
"Round Cell Liposarcoma[SEP][CLS]physical disorder","0"
"Newcastle Disease[SEP][CLS]viral infectious disease","1"
"Colon Leiomyoma[SEP][CLS]colonic disease","1"
"Amblyopia[SEP][CLS]carbohydrate metabolic disorder","0"
"Sex Cord-Stromal Tumor[SEP][CLS]autosomal dominant cerebellar ataxia","0"
"Combined Lung Small Cell Carcinoma[SEP][CLS]testis seminoma","0"
"Ceruminous Adenoma[SEP][CLS]apocrine sweat gland neoplasm","1"
"Progressive Muscular Atrophy[SEP][CLS]extrapulmonary tuberculosis","0"
"Cerebral Convexity Meningioma[SEP][CLS]eye disease","0"
"Adult Vaginal Botryoid-Type Embryonal Rhabdomyosarcoma[SEP][CLS]kidney disease","0"
"Malignant Chest Wall Bone Neoplasm[SEP][CLS]transitional cell carcinoma","0"
"Neurofibromatosis Type 2[SEP][CLS]neuropathy","0"
"Granulomatous Colitis[SEP][CLS]orbit rhabdomyosarcoma","0"
"Acute Disseminated Encephalomyelitis[SEP][CLS]fundus dystrophy","0"
"Nonossifying Fibromyxoid Tumor[SEP][CLS]vein disease","0"
"Primary Intracranial Sarcoma, DICER1-Mutant[SEP][CLS]physical disorder","0"
"Van der Woude Syndrome[SEP][CLS]intestinal disease","0"
"Childhood Adrenal Gland Pheochromocytoma[SEP][CLS]pneumoconiosis","0"
"Membranous Glomerulonephritis[SEP][CLS]renal adenoma","0"
"Gonadal Disorder[SEP][CLS]sclerosing cholangitis","0"
"Glycogen Storage Disease[SEP][CLS]multiple sclerosis","0"
"Tracheal Stenosis[SEP][CLS]paranasal sinus benign neoplasm","0"
"Malignant Breast Spiradenoma[SEP][CLS]skin carcinoma","0"
"Hypertensive Retinopathy[SEP][CLS]retinal disease","1"
"Oligoastrocytoma[SEP][CLS]chronic leukemia","0"
"Submandibular Lymphadenitis[SEP][CLS]skin disease","0"
"Pineoblastoma[SEP][CLS]carbohydrate metabolic disorder","0"
"Cardiac Tamponade[SEP][CLS]vulva adenocarcinoma","0"
"Subglottic Carcinoma[SEP][CLS]basal cell carcinoma","0"
"Breast Apocrine Adenoma[SEP][CLS]amino acid metabolic disorder","0"
"Amblyopia[SEP][CLS]intraductal breast benign neoplasm","0"
"Posterior Urethral Malignant Neoplasm[SEP][CLS]esophagus sarcoma","0"
"Cole-Carpenter Syndrome[SEP][CLS]germ cell cancer","0"
"Cervical Adenomyoma[SEP][CLS]myocardial infarction","0"
"Enophthalmos[SEP][CLS]dissociative disorder","0"
"Ovarian Seromucinous Tumor[SEP][CLS]hypogonadotropic hypogonadism","0"
"Bartholin Gland Neoplasm[SEP][CLS]hematologic cancer","0"
"Coronary Artery Stenosis[SEP][CLS]synostosis","0"
"Metabolic Syndrome[SEP][CLS]periodontal disease","0"
"Schwannomatosis[SEP][CLS]primary bacterial infectious disease","0"
"Porocarcinoma[SEP][CLS]malignant mesothelioma","0"
"Esophageal Leiomyosarcoma[SEP][CLS]esophagus sarcoma","1"
"Cranial Nerve III Palsy[SEP][CLS]esophageal carcinoma","0"
"Peripheral Ganglioneuroblastoma[SEP][CLS]breast myoepitheliosis","0"
"Anorexia Nervosa[SEP][CLS]brain disease","0"
"Cribriform Carcinoma[SEP][CLS]breast adenocarcinoma","0"
"Clear Cell Hepatocellular Carcinoma[SEP][CLS]endometrial adenocarcinoma","0"
"Cogan-Reese Syndrome[SEP][CLS]appendix cancer","0"
"Adult Xanthogranuloma[SEP][CLS]psychotic disorder","0"
"Acquired Color Blindness[SEP][CLS]arthropathy","0"
"Fallopian Tube Papillary Adenocarcinoma[SEP][CLS]upper respiratory tract disease","0"
"Teratoma with Somatic-Type Malignancy[SEP][CLS]non-Langerhans-cell histiocytosis","0"
"Uterine Polyp[SEP][CLS]uterine disease","1"
"Oral Cavity Disorder[SEP][CLS]peripheral nerve sheath neoplasm","0"
"Breast Extraskeletal Osteosarcoma[SEP][CLS]breast sarcoma","1"
"Adult Central Nervous System Embryonal Tumor, Not Otherwise Specified[SEP][CLS]mucinous cystadenocarcinoma of pancreas","0"
"Mature Teratoma[SEP][CLS]clivus meningioma","0"
"Dedifferentiated Liposarcoma[SEP][CLS]urinary tract papillary transitional cell benign neoplasm","0"
"Gasserian Meningioma[SEP][CLS]strabismus","0"
"Anti-Basement Membrane Glomerulonephritis[SEP][CLS]Goodpasture syndrome","1"
"Jervell and Lange Nielsen Syndrome[SEP][CLS]intestinal benign neoplasm","0"
"Cauda Equina Neoplasm[SEP][CLS]chromophil adenoma of the kidney","0"
"PEComa[SEP][CLS]gastrointestinal system disease","0"
"Jugular Foramen Meningioma[SEP][CLS]GM2 gangliosidosis","0"
"Arachnoiditis[SEP][CLS]marginal zone lymphoma","0"
"Tertiary Syphilis[SEP][CLS]transient hypogammaglobulinemia","0"
"Meningeal Melanoma[SEP][CLS]vulva cancer","0"
"Cystadenoma[SEP][CLS]childhood brain stem glioma","0"
"Proliferative Diabetic Retinopathy[SEP][CLS]appendix cancer","0"
"Persistent Hyperplastic Primary Vitreous[SEP][CLS]oral cavity cancer","0"
"Color Blindness[SEP][CLS]well-differentiated liposarcoma","0"
"Mediastinal Synovial Sarcoma[SEP][CLS]breast adenocarcinoma","0"
"Cerebral Atherosclerosis[SEP][CLS]bladder adenocarcinoma","0"
"Benign Meningioma[SEP][CLS]cerebrum cancer","0"
"Somatoform Disorder[SEP][CLS]esophageal cancer","0"
"Maxillary Sinus Adenoid Cystic Carcinoma[SEP][CLS]squamous cell carcinoma","0"
"Thyroid Gland Angiosarcoma[SEP][CLS]neural tube defect","0"
"Dermatophytosis of Groin and Perianal Area[SEP][CLS]functional gastric disease","0"
"Ovarian Small Cell Carcinoma[SEP][CLS]breast adenoma","0"
"Intravascular Large B-Cell Lymphoma[SEP][CLS]breast fibroadenoma","0"
"Smith-Lemli-Opitz Syndrome[SEP][CLS]lipid metabolism disorder","1"
"Localized Pulmonary Fibrosis[SEP][CLS]chronic meningitis","0"
"Ochronosis[SEP][CLS]heart septal defect","0"
"Mediastinal Granular Cell Tumor[SEP][CLS]autosomal recessive cerebellar ataxia","0"
"Scarlet Fever[SEP][CLS]xanthomatosis","0"
"Thyroid Carcinoma Arising in Struma Ovarii[SEP][CLS]malaria","0"
"Uterine Corpus Atypical Polypoid Adenomyoma[SEP][CLS]adenomyoma of uterine corpus","1"
"Schwannomatosis[SEP][CLS]intrahepatic cholangiocarcinoma","0"
"Uveomeningoencephalitic Syndrome[SEP][CLS]thrombophilia","0"
"Facial Hemiatrophy[SEP][CLS]brain disease","0"
"Cervicocranial Syndrome[SEP][CLS]mesenchymal cell neoplasm","0"
"Petit Mal Epilepsy[SEP][CLS]childhood electroclinical syndrome","1"
"Acute Periodontitis[SEP][CLS]retinal disease","0"
"Language Disorder[SEP][CLS]communication disorder","1"
"Binocular Vision Disorder[SEP][CLS]lip disease","0"
"Bruxism[SEP][CLS]inflammatory and toxic neuropathy","0"
"Schizotypal Personality Disorder[SEP][CLS]endometritis","0"
"Proctitis[SEP][CLS]gastrointestinal system disease","0"
"Maroteaux-Lamy Syndrome[SEP][CLS]mucopolysaccharidosis","1"
"Brachial Plexopathy[SEP][CLS]lipomatosis","0"
"Fibrous Synovial Sarcoma[SEP][CLS]retinal disease","0"
"Gastric Liposarcoma[SEP][CLS]substance dependence","0"
"Cystadenocarcinoma[SEP][CLS]inherited metabolic disorder","0"
"Fallopian Tube Carcinosarcoma[SEP][CLS]physical disorder","0"
"Band Keratopathy[SEP][CLS]endometrial adenocarcinoma","0"
"Amenorrhea[SEP][CLS]strabismus","0"
"Telangiectatic Glomangioma[SEP][CLS]myopathy","0"
"Cystadenoma[SEP][CLS]lysosomal storage disease","0"
"Mucinous Cystadenofibroma[SEP][CLS]breast carcinoma","0"
"Lung Abscess[SEP][CLS]retinoblastoma","0"
"Dysthymic Disorder[SEP][CLS]cell type benign neoplasm","0"
"Mesangial Proliferative Glomerulonephritis[SEP][CLS]female reproductive system disease","0"
"Cystoid Macular Edema[SEP][CLS]chondrosarcoma","0"
"Skull Neoplasm[SEP][CLS]adrenal adenoma","0"
"Childhood Malignant Peripheral Nerve Sheath Tumor[SEP][CLS]nephritis","0"
"Retinitis[SEP][CLS]retinal disease","1"
"Pineal Region Mature Teratoma[SEP][CLS]follicular adenoma","0"
"Eosinophilic Gastroenteritis[SEP][CLS]fallopian tube benign neoplasm","0"
"Selective Immunoglobulin Isotype Deficiency[SEP][CLS]neurodegenerative disease","0"
"Retroperitoneal Germ Cell Tumor[SEP][CLS]central nervous system teratoma","0"
"Cervical Basaloid Carcinoma[SEP][CLS]brain cancer","0"
"Hemolytic Uremic Syndrome[SEP][CLS]sweat gland disease","0"
"Ischemic Neuropathy[SEP][CLS]breast carcinoma","0"
"Respiratory Syncytial Virus Infection[SEP][CLS]hormone producing pituitary cancer","0"
"Beckwith-Wiedemann Syndrome[SEP][CLS]lipoma","0"
"Sheehan Syndrome[SEP][CLS]hypopituitarism","1"
"Adenosine Deaminase Deficiency[SEP][CLS]conventional osteosarcoma","0"
"Endometrioid Tumor[SEP][CLS]lacrimal apparatus disease","0"
"Rumination Disorder[SEP][CLS]sexual health disorder","0"
"Papillary Squamous Cell Carcinoma[SEP][CLS]adenofibroma","0"
"Dumping Syndrome[SEP][CLS]bone benign neoplasm","0"
"Thyroid Gland Papillary Carcinoma[SEP][CLS]color blindness","0"
"Posterior Fossa Ependymoma, Group A (PFA)[SEP][CLS]atrophic glossitis","0"
"Niemann-Pick Disease[SEP][CLS]central nervous system disease","0"
"Blastomycosis[SEP][CLS]parasitic protozoa infectious disease","0"
"Pneumoconiosis[SEP][CLS]interstitial lung disease","1"
"Conventional Leiomyosarcoma[SEP][CLS]adult brain stem glioma","0"
"Volkmann's Ischemic Contracture[SEP][CLS]thymic carcinoma","0"
"Exhibitionism[SEP][CLS]bone benign neoplasm","0"
"MCD Diffuse Large B-Cell Lymphoma[SEP][CLS]testicular yolk sac tumor","0"
"Papillary Ependymoma[SEP][CLS]papilloma","0"
"Sex Cord-Stromal Tumor[SEP][CLS]reproductive organ cancer","1"
"Angiokeratoma of Mibelli[SEP][CLS]viral infectious disease","0"
"Mikulicz Disease[SEP][CLS]androgen insensitivity syndrome","0"
"Tricuspid Valve Insufficiency[SEP][CLS]paranasal sinus benign neoplasm","0"
"Vulvar Porocarcinoma[SEP][CLS]childhood electroclinical syndrome","0"
"Endometrial Clear Cell Adenocarcinoma[SEP][CLS]congenital heart disease","0"
"Breast Atypical Papilloma[SEP][CLS]acute leukemia","0"
"Papillary Adenoma[SEP][CLS]syndrome","0"
"Lacrimal Gland Adenoid Cystic Carcinoma[SEP][CLS]lacrimal gland adenocarcinoma","1"
"Acute Hemorrhagic Encephalitis[SEP][CLS]pneumoconiosis","0"
"Double Cortex Syndrome[SEP][CLS]upper respiratory tract disease","0"
"Intraventricular Brain Neoplasm[SEP][CLS]skin disease","0"
"Hereditary Spherocytosis[SEP][CLS]posterior pituitary gland neoplasm","0"
"Ureterocele[SEP][CLS]angiomyoma","0"
"Demyelinating Disorder[SEP][CLS]ovarian primitive germ cell tumor","0"
"Arthritis[SEP][CLS]nutritional deficiency disease","0"
"Neuroaxonal Dystrophy[SEP][CLS]cranial nerve disease","0"
"Carotid Artery Dissection[SEP][CLS]parasitic protozoa infectious disease","0"
"Histiocytic and Dendritic Cell Neoplasm[SEP][CLS]cervical mucinous adenocarcinoma","0"
"Intracranial Abscess[SEP][CLS]invasive bladder transitional cell carcinoma","0"
"Purpura[SEP][CLS]myopathy","0"
"Dilated Cardiomyopathy[SEP][CLS]testicular disease","0"
"Aflatoxins-Related Hepatocellular Carcinoma[SEP][CLS]hepatocellular carcinoma","1"
"Myeloid/Lymphoid Neoplasms with FGFR1 Rearrangement[SEP][CLS]myeloid and lymphoid neoplasms with eosinophilia and abnormalities of PDGFRA, PDGFRB, and FGFR1","1"
"Breast Apocrine Carcinoma[SEP][CLS]breast adenocarcinoma","1"
"Pierre Robin Syndrome[SEP][CLS]osteochondrodysplasia","1"
"Sarcomatoid Renal Cell Carcinoma[SEP][CLS]female reproductive system disease","0"
"Parathyroid Gland Disorder[SEP][CLS]syndrome","0"
"Occult Lung Large Cell Carcinoma[SEP][CLS]lung large cell carcinoma","1"
"Breast Hemangiopericytoma[SEP][CLS]breast sarcoma","1"
"Gastric Signet Ring Cell Adenocarcinoma[SEP][CLS]glossopharyngeal nerve disease","0"
"Mucocele of the Appendix[SEP][CLS]intestinal disease","1"
"Clear Cell Meningioma[SEP][CLS]embryonal testis carcinoma","0"
"Ischemic Neuropathy[SEP][CLS]neuropathy","1"
"Incontinentia Pigmenti[SEP][CLS]anxiety disorder","0"
"Granuloma Annulare[SEP][CLS]biliary papillomatosis","0"
"Interstitial Myositis[SEP][CLS]testicular yolk sac tumor","0"
"Cranial Nerve Disorder[SEP][CLS]childhood spinal muscular atrophy","0"
"Extrahepatic Bile Duct Adenocarcinoma[SEP][CLS]breast benign neoplasm","0"
"Neonatal Leukemia[SEP][CLS]diabetic retinopathy","0"
"Sebaceous Adenoma[SEP][CLS]nutritional deficiency disease","0"
"Stiff Person Syndrome[SEP][CLS]histiocytic and dendritic cell cancer","0"
"Astrocytoma, IDH-Mutant[SEP][CLS]syndrome","0"
"Jervell and Lange Nielsen Syndrome[SEP][CLS]cranial nerve disease","0"
"Hypospadias[SEP][CLS]dermatomyositis","0"
"Superior Sulcus Lung Carcinoma[SEP][CLS]parasitic protozoa infectious disease","0"
"Leukostasis[SEP][CLS]malignant mesothelioma","0"
"Bartholin Gland Neoplasm[SEP][CLS]acute inflammation of lacrimal passage","0"
"Multiple Intraspinal Meningiomas[SEP][CLS]small intestine cancer","0"
"Cervical Disorder[SEP][CLS]systemic scleroderma","0"
"Supratentorial Embryonal Tumor, Not Otherwise Specified[SEP][CLS]supratentorial cancer","1"
"Lymphocytic Colitis[SEP][CLS]microscopic colitis","1"
"Annular Pancreas[SEP][CLS]immune system disease","0"
"Testicular Polyembryoma[SEP][CLS]congenital heart disease","0"
"Upper Clivus Meningioma[SEP][CLS]mononeuritis of upper limb and mononeuritis multiplex","0"
"Distal Bile Duct Carcinoma[SEP][CLS]atrial heart septal defect","0"
"Pancreatic Acinar Cell Cystadenocarcinoma[SEP][CLS]seborrheic keratosis","0"
"Medulloblastoma, Non-WNT/Non-SHH[SEP][CLS]vagina sarcoma","0"
"Colon Leiomyoma[SEP][CLS]congenital hypoplastic anemia","0"
"Hyperlysinemia[SEP][CLS]neurodegenerative disease","0"
"Venous Insufficiency[SEP][CLS]cataract","0"
"Thyroid Hormone Resistance Syndrome[SEP][CLS]gastrointestinal neuroendocrine benign tumor","0"
"Coronary Artery Stenosis[SEP][CLS]multifocal osteogenic sarcoma","0"
"Hereditary Ovarian Carcinoma[SEP][CLS]mouth disease","0"
"Acute Myeloid Leukemia[SEP][CLS]perineurioma","0"
"Farber Lipogranulomatosis[SEP][CLS]malignant peripheral nerve sheath tumor","0"
"Endometrioid Tumor[SEP][CLS]bilirubin metabolic disorder","0"
"Van der Woude Syndrome[SEP][CLS]cystadenofibroma","0"
"B Acute Lymphoblastic Leukemia with t(1;19)(q23;p13.3); TCF3-PBX1[SEP][CLS]organic acidemia","0"
"Gastric Papillary Adenocarcinoma[SEP][CLS]gonadal dysgenesis","0"
"Porphyria Cutanea Tarda[SEP][CLS]vaginal cancer","0"
"Tall Cell Variant Thyroid Gland Papillary Carcinoma[SEP][CLS]testicular malignant germ cell cancer","0"
"Thyroid Gland Mucoepidermoid Carcinoma[SEP][CLS]thyroid gland carcinoma","1"
"Syringomyelia[SEP][CLS]gastrointestinal system benign neoplasm","0"
"Hyperhomocysteinemia[SEP][CLS]contact dermatitis","0"
"Eosinophilic Pneumonia[SEP][CLS]viral gastritis","0"
"Hepatobiliary Disorder[SEP][CLS]ovary adenocarcinoma","0"
"Acalculous Cholecystitis[SEP][CLS]cholecystitis","1"
"Sturge-Weber Syndrome[SEP][CLS]physical disorder","0"
"Acute Erythroid Leukemia[SEP][CLS]skin disease","0"
"Clubfoot[SEP][CLS]bone development disease","1"
"Multiple Acyl-CoA Dehydrogenase Deficiency[SEP][CLS]lipomatosis","0"
"Transient Tic Disorder[SEP][CLS]skin melanoma","0"
"Narcolepsy[SEP][CLS]lung disease","0"
"Juvenile Pilocytic Astrocytoma[SEP][CLS]pilocytic astrocytoma","1"
"Ureter Abscess[SEP][CLS]renal hypertension","0"
"Graves Disease[SEP][CLS]chronic polyneuropathy","0"
"Trichinosis[SEP][CLS]chronic leukemia","0"
"Intratubular Non-Seminoma[SEP][CLS]pneumoconiosis","0"
"Esophageal Neuroendocrine Neoplasm[SEP][CLS]dermatitis","0"
"Jejunal Somatostatin-Producing Neuroendocrine Tumor[SEP][CLS]neonatal anemia","0"
"Middle Ear Disorder[SEP][CLS]acute megakaryocytic leukemia","0"
"Gallbladder Obstruction[SEP][CLS]cervical benign neoplasm","0"
"Striatonigral Degeneration[SEP][CLS]hemoglobinopathy","0"
"Retinitis Pigmentosa[SEP][CLS]peripheral vascular disease","0"
"Bacterial Infection[SEP][CLS]psychosexual disorder","0"
"Aorta Disease[SEP][CLS]central nervous system germ cell tumor","0"
"Protein Energy Malnutrition[SEP][CLS]autoimmune disease of gastrointestinal tract","0"
"Testicular Yolk Sac Tumor, Macrocystic Pattern[SEP][CLS]adrenal gland disease","0"
"Kidney Sarcoma[SEP][CLS]nephroblastoma","0"
"Anuria[SEP][CLS]malignant dermis tumor","0"
"Adrenal Gland Ganglioneuroblastoma[SEP][CLS]neuroblastoma","0"
"Papillary Cystadenocarcinoma[SEP][CLS]spinal cord glioma","0"
"Scleritis[SEP][CLS]scleral disease","1"
"Childhood Meningioma[SEP][CLS]anemia","0"
"Penile Sarcomatoid Carcinoma[SEP][CLS]renal cell carcinoma","0"
"Duane Syndrome[SEP][CLS]ovarian germ cell cancer","0"
"Primary Immune Thrombocytopenia[SEP][CLS]glomangioma","0"
"Vulvar Verrucous Carcinoma[SEP][CLS]breast carcinoma","0"
"B Lymphoblastic Leukemia/Lymphoma[SEP][CLS]vulva cancer","0"
"Syndrome of Inappropriate Antidiuretic Hormone Secretion[SEP][CLS]marginal zone lymphoma","0"
"Photosensitive Dermatitis[SEP][CLS]acute porphyria","0"
"Trichomonas Infection[SEP][CLS]vaginal adenoma","0"
"Familial Periodic Paralysis[SEP][CLS]vulva carcinoma","0"
"Childhood Testicular Embryonal Carcinoma[SEP][CLS]malignant peripheral nerve sheath tumor","0"
"Childhood Spinal Cord Neoplasm[SEP][CLS]seminoma","0"
"Parathyroid Gland Clear Cell Adenoma[SEP][CLS]opportunistic mycosis","0"
"Ovarian Wilms Tumor[SEP][CLS]ovarian cancer","1"
"Adenosarcoma[SEP][CLS]carcinosarcoma","1"
"Brown-Sequard Syndrome[SEP][CLS]chordoma","0"
"Erythromelalgia[SEP][CLS]ovarian benign neoplasm","0"
"Partial Retinal Vein Occlusion[SEP][CLS]bile duct disease","0"
"Kidney Disorder[SEP][CLS]skin melanoma","0"
"Breast Adenoid Cystic Carcinoma[SEP][CLS]acute megakaryocytic leukemia","0"
"Papillary Glioneuronal Tumor[SEP][CLS]viral infectious disease","0"
"Broad Ligament Clear Cell Adenocarcinoma[SEP][CLS]endocrine gland cancer","0"
"Childhood Epithelioid Sarcoma[SEP][CLS]benign neurilemmoma","0"
"Osteochondrosis[SEP][CLS]ischemic bone disease","1"
"Ovarian Mucinous Cystadenocarcinoma[SEP][CLS]breast sarcoma","0"
"Dermatophytosis of Scalp and Beard[SEP][CLS]sarcoma","0"
"Tracheal Stenosis[SEP][CLS]ovarian mucinous adenofibroma","0"
"Intradural Extramedullary Cauda Equina Astrocytoma[SEP][CLS]Pancoast tumor","0"
"Kartagener Syndrome[SEP][CLS]orbital disease","0"
"Hypopyon[SEP][CLS]gallbladder disease","0"
"Cervical Adenoid Basal Carcinoma[SEP][CLS]lung small cell carcinoma","0"
"Pulp Degeneration[SEP][CLS]primary hyperaldosteronism","0"
"Infiltrating Angiolipoma[SEP][CLS]gingival overgrowth","0"
"Chronic Laryngitis[SEP][CLS]prion disease","0"
"Rectal Rhabdomyosarcoma[SEP][CLS]lysosomal storage disease","0"
"Sphenoid Sinus Papilloma[SEP][CLS]nephroblastoma","0"
"Periapical Dental Abscess[SEP][CLS]retinoblastoma","0"
"Fibroblastic Osteosarcoma[SEP][CLS]primary immunodeficiency disease","0"
"Metanephric Adenoma[SEP][CLS]malignant teratoma","0"
"Refractory T Lymphoblastic Leukemia/Lymphoma[SEP][CLS]physical disorder","0"
"Tetanus Neonatorum[SEP][CLS]cervical adenocarcinoma","0"
"Extrahepatic Bile Duct Small Cell Neuroendocrine Carcinoma[SEP][CLS]prostate carcinoma","0"
"Dental Fluorosis[SEP][CLS]communication disorder","0"
"Adult Brain Stem Gliosarcoma[SEP][CLS]heart conduction disease","0"
"Primary Ovarian Failure[SEP][CLS]congenital mesoblastic nephroma","0"
"Central Nervous System Mature Teratoma[SEP][CLS]hepatitis","0"
"Esophageal Mucoepidermoid Carcinoma[SEP][CLS]viral infectious disease","0"
"Keratopathy[SEP][CLS]pituitary adenoma","0"
"Skin Mucoepidermoid Carcinoma[SEP][CLS]seborrheic keratosis","0"
"Adult Brain Stem Mixed Glioma[SEP][CLS]adult brain stem glioma","1"
"Skin Tag[SEP][CLS]aortic aneurysm","0"
"Trigeminal Nerve Neoplasm[SEP][CLS]splenic disease","0"
"Pica Eating Disorder[SEP][CLS]myositis","0"
"Regional Ureter Carcinoma[SEP][CLS]kidney sarcoma","0"
"Middle Ear Polyp[SEP][CLS]chromophobe renal cell carcinoma","0"
"Childhood Visual Pathway Glioma[SEP][CLS]mesenchymoma","0"
"Diffuse Glomerulonephritis[SEP][CLS]benign perivascular tumor","0"
"Metanephric Adenofibroma[SEP][CLS]calcium metabolism disease","0"
"Breast Engorgement in Newborn[SEP][CLS]male infertility","0"
"Urticaria Pigmentosa/Maculopapular Cutaneous Mastocytosis[SEP][CLS]primary bacterial infectious disease","0"
"Antiphospholipid Syndrome[SEP][CLS]connective tissue benign neoplasm","0"
"Sanfilippo Syndrome[SEP][CLS]mucopolysaccharidosis","1"
"Seborrheic Dermatitis[SEP][CLS]schizophrenia","0"
"Systemic Mastocytosis with an Associated Myeloid Neoplasm[SEP][CLS]nervous system disease","0"
"Nasopharyngitis[SEP][CLS]personality disorder","0"
"Adult Teratoma[SEP][CLS]autoimmune disease of gastrointestinal tract","0"
"Female Orgasmic Disorder[SEP][CLS]germ cell and embryonal cancer","0"
"Medulloblastoma, SHH-Activated, TP53-Wildtype[SEP][CLS]chordoma","0"
"Myopia[SEP][CLS]childhood spinal muscular atrophy","0"
"Desmoplastic Small Round Cell Tumor[SEP][CLS]specific developmental disorder","0"
"Hereditary Clear Cell Renal Cell Carcinoma[SEP][CLS]variable age at onset electroclinical syndrome","0"
"Astrocytoma, IDH-Mutant, Grade 2[SEP][CLS]choroid disease","0"
"Anal Disorder[SEP][CLS]spinal cord disease","0"
"Pediculosis[SEP][CLS]opportunistic mycosis","0"
"Lung Clear Cell Tumor[SEP][CLS]low grade glioma","0"
"Lipoid Proteinosis of Urbach and Wiethe[SEP][CLS]esophageal carcinoma","0"
"Leukodystrophy[SEP][CLS]cerebral degeneration","1"
"Invasive Bladder Lymphoepithelioma-Like Carcinoma[SEP][CLS]upper respiratory tract disease","0"
"Vulvar Glandular Neoplasm[SEP][CLS]ciliary body cancer","0"
"Myeloid/Lymphoid Neoplasms with Eosinophilia and Tyrosine Kinase Gene Fusions[SEP][CLS]brain disease","0"
"Hepatitis C Infection[SEP][CLS]viral infectious disease","1"
"Alcoholic Cirrhosis[SEP][CLS]lipomatosis","0"
"Rectosigmoid Neoplasm[SEP][CLS]high grade ependymoma","0"
"Skin Signet Ring Cell Basal Cell Carcinoma[SEP][CLS]ampulla of Vater adenocarcinoma","0"
"Interstitial Myocarditis[SEP][CLS]myocarditis","1"
"Posterior Urethral Malignant Neoplasm[SEP][CLS]malignant pineal area germ cell neoplasm","0"
"Acute Leukemia[SEP][CLS]epidermolysis bullosa","0"
"Penile Leukoplakia[SEP][CLS]optic nerve disease","0"
"Epithelial Synovial Sarcoma[SEP][CLS]synovial sarcoma","1"
"Medulloblastoma, SHH-Activated, TP53-Wildtype[SEP][CLS]medulloblastoma SHH activated","1"
"Kartagener Syndrome[SEP][CLS]intestinal disease","0"
"Drug Abuse[SEP][CLS]cerebral hemisphere lipoma","0"
"Tricuspid Valve Insufficiency[SEP][CLS]nasal cavity benign neoplasm","0"
"Mesangial Proliferative Glomerulonephritis[SEP][CLS]biliary papillomatosis","0"
"Tourette Syndrome[SEP][CLS]myocardial infarction","0"
"Regional Ureter Carcinoma[SEP][CLS]gastrointestinal system disease","0"
"Rectal Cloacogenic Carcinoma[SEP][CLS]bile duct disease","0"
"Cranial Nerve Disorder[SEP][CLS]neuropathy","1"
"Granulomatous Colitis[SEP][CLS]parasitic protozoa infectious disease","0"
"Testicular Germ Cell Tumor[SEP][CLS]retinoblastoma","0"
"Esophageal Granular Cell Tumor[SEP][CLS]cerebellar disease","0"
"Small Cell Neuroendocrine Carcinoma[SEP][CLS]thrombophilia","0"
"Ganglioneuroblastoma, Intermixed[SEP][CLS]urethra cancer","0"
"Suprasellar Meningioma[SEP][CLS]hepatitis","0"
"Endomyocardial Fibrosis[SEP][CLS]fallopian tube adenofibroma","0"
"Meningeal Melanoma[SEP][CLS]angiosarcoma","0"
"Clivus Chordoma[SEP][CLS]pineal region teratoma","0"
"Carnitine Palmitoyltransferase II Deficiency[SEP][CLS]tracheal disease","0"
"Chronic Pyelonephritis[SEP][CLS]osteochondrodysplasia","0"
"Ebstein Anomaly[SEP][CLS]retinal vascular disease","0"
"Transient Tic Disorder[SEP][CLS]esophagitis","0"
"Pernicious Anemia[SEP][CLS]pancreatic cystadenoma","0"
"Autism[SEP][CLS]inner ear disease","0"
"Spastic Diplegia[SEP][CLS]apocrine sweat gland neoplasm","0"
"Childhood Meningioma[SEP][CLS]meningioma","1"
"Dubin-Johnson Syndrome[SEP][CLS]rectum adenocarcinoma","0"
"Broad Ligament Adenocarcinoma[SEP][CLS]physical urticaria","0"
"Autoimmune Lymphoproliferative Syndrome[SEP][CLS]lymphoma","0"
"Lymphangitis[SEP][CLS]jejunal cancer","0"
"Cavernous Hemangioma[SEP][CLS]peroxisomal disease","0"
"Microphthalmos[SEP][CLS]chondrosarcoma","0"
"Cardiovascular Disorder[SEP][CLS]renal pelvis papillary tumor","0"
"Anal Margin Paget Disease[SEP][CLS]aortic valve stenosis","0"
"Non-Neoplastic Urinary System Disorder[SEP][CLS]parasitic helminthiasis infectious disease","0"
"Malignant Broad Ligament Neoplasm[SEP][CLS]central nervous system cancer","0"
"Hypercortisolemia[SEP][CLS]central nervous system disease","0"
"Central Nervous System Germinoma[SEP][CLS]skin disease","0"
"Sex Cord-Stromal Tumor[SEP][CLS]non-proliferative fibrocystic change of the breast","0"
"Childhood Disintegrative Disorder[SEP][CLS]vagina botryoid rhabdomyosarcoma","0"
"Skin Basosquamous Cell Carcinoma[SEP][CLS]testis sarcoma","0"
"Legionellosis[SEP][CLS]lung disease","0"
"Adult Central Nervous System Embryonal Tumor, Not Otherwise Specified[SEP][CLS]orbital disease","0"
"Sarcomatoid Carcinoma[SEP][CLS]ovarian cystadenoma","0"
"Adult Pleomorphic Rhabdomyosarcoma[SEP][CLS]mitral valve disease","0"
"Adamantinoma[SEP][CLS]muscular dystrophy","0"
"Medullomyoblastoma[SEP][CLS]aleukemic leukemia","0"
"Gonadal Dysgenesis[SEP][CLS]familial periodic paralysis","0"
"Thyroid Gland Malformation[SEP][CLS]thyroid gland disease","1"
"Signet Ring Cell Intrahepatic Cholangiocarcinoma[SEP][CLS]immune system disease","0"
"IgA Nephropathy[SEP][CLS]primary bacterial infectious disease","0"
"Prostate Adenoid Cystic Carcinoma[SEP][CLS]histiocytic and dendritic cell cancer","0"
"Desquamative Interstitial Pneumonia[SEP][CLS]cholangitis","0"
"Thymoma[SEP][CLS]thymus cancer","1"
"Renal Tubular Acidosis[SEP][CLS]medulloblastoma","0"
"Childhood Brain Germinoma[SEP][CLS]apocrine sweat gland neoplasm","0"
"Urethral Diverticulum[SEP][CLS]urethral disease","1"
"Benign Ovarian Sex Cord-Stromal Tumor[SEP][CLS]vaginal cancer","0"
"Cervical Lymphadenitis[SEP][CLS]nervous system disease","0"
"Colon Kaposi Sarcoma[SEP][CLS]colon sarcoma","1"
"Infective Arthritis[SEP][CLS]neural tube defect","0"
"Skin Clear Cell Basal Cell Carcinoma[SEP][CLS]central nervous system adult germ cell tumor","0"
"Cranial Nerve III Palsy[SEP][CLS]leiomyosarcoma","0"
"Testicular Granulosa Cell Tumor[SEP][CLS]adult pineal parenchymal tumor","0"
"Microscopic Colitis[SEP][CLS]colitis","1"
"Lipodystrophy[SEP][CLS]connective tissue disease","1"
"Downward Ocular Deviation[SEP][CLS]acute lymphoblastic leukemia","0"
"Fibrillary Astrocytoma[SEP][CLS]periodontitis","0"
"Thymoma[SEP][CLS]breast benign neoplasm","0"
"Lymphocyte-Depleted Classic Hodgkin Lymphoma[SEP][CLS]hypolipoproteinemia","0"
"Acute Myeloid Leukemia (Megakaryoblastic) with t(1;22)(p13.3;q13.1); RBM15-MKL1[SEP][CLS]connective tissue disease","0"
"Hereditary Papillary Renal Cell Carcinoma[SEP][CLS]angiokeratoma","0"
"Atypical Teratoid/Rhabdoid Tumor[SEP][CLS]female reproductive organ cancer","0"
"Amelanotic Cutaneous Melanoma[SEP][CLS]vulva cancer","0"
"Tendonitis[SEP][CLS]myositis","1"
"Angiokeratoma Circumscriptum[SEP][CLS]smooth muscle cancer","0"
"Childhood Malignant Peripheral Nerve Sheath Tumor[SEP][CLS]histone mutated tumor","0"
"Muscle Atrophy[SEP][CLS]blood coagulation disease","0"
"Primary Cutaneous Gamma-Delta T-Cell Lymphoma[SEP][CLS]primary cutaneous T-cell non-Hodgkin lymphoma","1"
"Extrahepatic Bile Duct Signet Ring Cell Carcinoma[SEP][CLS]bile duct carcinoma","1"
"Leiomyomatosis[SEP][CLS]metal metabolism disorder","0"
"Angiokeratoma Circumscriptum[SEP][CLS]anus adenocarcinoma","0"
"Proliferative Glomerulonephritis[SEP][CLS]viral infectious disease","0"
"Intravenous Leiomyomatosis[SEP][CLS]nephroblastoma","0"
"Encephalitis Lethargica[SEP][CLS]testicular yolk sac tumor","0"
"Acute Nasopharyngitis[SEP][CLS]personality disorder","0"
"Bronchopulmonary Dysplasia[SEP][CLS]B-lymphoblastic leukemia/lymphoma","0"
"Hepatitis C Infection[SEP][CLS]agnosia","0"
"Asbestos-Related Lung Carcinoma[SEP][CLS]glycogen metabolism disorder","0"
"Partial Retinal Vein Occlusion[SEP][CLS]hypersensitivity reaction type IV disease","0"
"Hypoactive Sexual Desire Disorder[SEP][CLS]teeth hard tissue disease","0"
"Megacolon[SEP][CLS]osteosarcoma","0"
"Dengue Fever[SEP][CLS]bladder urothelial carcinoma","0"
"Subependymoma[SEP][CLS]strabismus","0"
"Esophageal Granular Cell Tumor[SEP][CLS]liver sarcoma","0"
"Lumbar Intraspinal Meningioma[SEP][CLS]childhood kidney cancer","0"
"Asymmetric Motor Neuropathy[SEP][CLS]muscle cancer","0"
"Hereditary Clear Cell Renal Cell Carcinoma[SEP][CLS]disease of metabolism","0"
"Childhood Acute Megakaryoblastic Leukemia[SEP][CLS]acute megakaryocytic leukemia","1"
"Hypothyroidism[SEP][CLS]pervasive developmental disorder","0"
"Malignant Nasolacrimal Duct Neoplasm[SEP][CLS]transient hypogammaglobulinemia","0"
"Intracranial Meningioma[SEP][CLS]medulloblastoma SHH activated","0"
"Generalized Atherosclerosis[SEP][CLS]atherosclerosis","1"
"Nasal Cavity Disorder[SEP][CLS]autosomal recessive cerebellar ataxia","0"
"Benign Neonatal Epilepsy[SEP][CLS]connective tissue cancer","0"
"Melkersson-Rosenthal Syndrome[SEP][CLS]facial nerve disease","1"
"Hiatal Hernia[SEP][CLS]meningioma","0"
"Dengue Hemorrhagic Fever[SEP][CLS]renal tubular transport disease","0"
"Arteriolosclerosis[SEP][CLS]optic nerve disease","0"
"Uterine Disorder[SEP][CLS]female reproductive system disease","1"
"Pseudomyxoma Peritonei[SEP][CLS]vulvar squamous tumor","0"
"Chronic Cholangitis[SEP][CLS]larynx cancer","0"
"Lymphedema[SEP][CLS]strabismus","0"
"Immunodeficiency[SEP][CLS]chordoma","0"
"Adult Lymphoma[SEP][CLS]carcinoma","0"
"Endometrial Stromal Nodule[SEP][CLS]testicular granulosa cell tumor","0"
"Childhood Ovarian Mature Teratoma[SEP][CLS]lymphoproliferative syndrome","0"
"Vulvar Keratinizing Squamous Cell Carcinoma[SEP][CLS]lymphoid leukemia","0"
"Testicular Yolk Sac Tumor, Solid Pattern[SEP][CLS]syndrome","0"
"Extrahepatic Bile Duct Embryonal Rhabdomyosarcoma[SEP][CLS]sphingolipidosis","0"
"Kidney Vascular Disorder[SEP][CLS]panuveitis","0"
"Autism[SEP][CLS]acute biphenotypic leukemia","0"
"Esophageal Melanoma[SEP][CLS]gastritis","0"
"Systemic Mastocytosis[SEP][CLS]myositis","0"
"Choroid Mixed Cell Melanoma[SEP][CLS]urethra cancer","0"
"Osteosclerosis[SEP][CLS]male reproductive system disease","0"
"Fallopian Tube Clear Cell Adenocarcinoma[SEP][CLS]myxoid chondrosarcoma","0"
"Spindle Cell Squamous Cell Carcinoma[SEP][CLS]chondroma","0"
"Bilateral Breast Carcinoma[SEP][CLS]breast carcinoma","1"
"Petit Mal Epilepsy[SEP][CLS]primary hyperoxaluria","0"
"Bacillary Angiomatosis[SEP][CLS]viral infectious disease","0"
"Malignant Synovial Neoplasm[SEP][CLS]bladder adenocarcinoma","0"
"Myeloid/Lymphoid Neoplasms with FGFR1 Rearrangement[SEP][CLS]pemphigoid","0"
"Chronic Obstructive Pulmonary Disease[SEP][CLS]testicular cancer","0"
"Plexiform Neurofibroma[SEP][CLS]breast fibrocystic disease","0"
"Optic Nerve Sheath Meningioma[SEP][CLS]thyroiditis","0"
"Adult Central Nervous System Embryonal Carcinoma[SEP][CLS]organic acidemia","0"
"Postencephalitic Parkinsonism[SEP][CLS]skull base meningioma","0"
"Occipital Lobe Neoplasm[SEP][CLS]connective tissue cancer","0"
"Achard Syndrome[SEP][CLS]disease","0"
"Prostate Stromal Sarcoma[SEP][CLS]chronic inflammation of lacrimal passage","0"
"Localized Pulmonary Fibrosis[SEP][CLS]ureteral benign neoplasm","0"
"Mixed Germ Cell-Sex Cord-Stromal Tumor[SEP][CLS]adult pineal parenchymal tumor","0"
"Breast Fibrosis[SEP][CLS]benign mesothelioma","0"
"Encephalomyelitis[SEP][CLS]malignant pineal area germ cell neoplasm","0"
"Hilar Cholangiocarcinoma[SEP][CLS]breast duct papilloma","0"
"Xanthogranulomatous Cholecystitis[SEP][CLS]chronic lymphocytic leukemia","0"
"Melanotic Schwannoma[SEP][CLS]mouth disease","0"
"Thyroid Gland Papillary and Follicular Carcinoma[SEP][CLS]movement disease","0"
"Placenta Accreta[SEP][CLS]parathyroid adenoma","0"
"Pacinian Neurofibroma[SEP][CLS]meningioma","0"
"Penile Basaloid Squamous Cell Carcinoma[SEP][CLS]peripheral nervous system neoplasm","0"
"Childhood Central Nervous System Immature Teratoma[SEP][CLS]testicular non-seminomatous germ cell cancer","0"
"Pituicytoma[SEP][CLS]tricuspid valve disease","0"
"Cryptogenic Organizing Pneumonia[SEP][CLS]parasitic protozoa infectious disease","0"
"Hemoglobin E Disease[SEP][CLS]hemoglobinopathy","1"
"Reactive Cutaneous Fibrous Lesion[SEP][CLS]uveal disease","0"
"Thoracic Intraspinal Meningioma[SEP][CLS]mature B-cell neoplasm","0"
"Posterior Foramen Magnum Meningioma[SEP][CLS]uveitis","0"
"Non-Invasive Urothelial Neoplasm[SEP][CLS]skin disease","0"
"Gingival Recession[SEP][CLS]central nervous system benign neoplasm","0"
"Chronic Leukemia[SEP][CLS]biliary tract benign neoplasm","0"
"Parasitic Endophthalmitis[SEP][CLS]disease by infectious agent","1"
"Epithelioid Mesothelioma[SEP][CLS]vulva squamous cell carcinoma","0"
"Guillain-Barre Syndrome[SEP][CLS]anxiety disorder","0"
"Childhood Vaginal Botryoid-Type Embryonal Rhabdomyosarcoma[SEP][CLS]salivary gland cancer","0"
"Skin Angiosarcoma[SEP][CLS]immune system organ benign neoplasm","0"
"Acute Myeloid Leukemia with CEBPA Mutation[SEP][CLS]acute myeloid leukemia","1"
"Breast Hemangiopericytoma[SEP][CLS]metal metabolism disorder","0"
"Peripheral Retinal Degeneration[SEP][CLS]bladder urothelial carcinoma","0"
"Skin Clear Cell Squamous Cell Carcinoma[SEP][CLS]placenta disease","0"
"Gestational Choriocarcinoma[SEP][CLS]muscular dystrophy","0"
"Lymphocytic Gastritis[SEP][CLS]bone cancer","0"
"Pancreatic Mucinous-Cystic Neoplasm[SEP][CLS]craniopharyngioma","0"
"PEComa[SEP][CLS]bladder benign neoplasm","0"
"Hemoglobin C Disease[SEP][CLS]hemoglobinopathy","1"
"Bulbomembranous Urethral Malignant Neoplasm[SEP][CLS]breast cancer","0"
"Epithelioid Malignant Peripheral Nerve Sheath Tumor[SEP][CLS]lung carcinoma","0"
"Sly Syndrome[SEP][CLS]pneumoconiosis","0"
"Coronary Artery Stenosis[SEP][CLS]malignant astrocytoma","0"
"Posterior Pituitary Gland Neoplasm[SEP][CLS]eye disease","0"
"Staphylococcal Food Poisoning[SEP][CLS]primary bacterial infectious disease","1"
"African Trypanosomiasis[SEP][CLS]spinal canal and spinal cord meningioma","0"
"Voyeurism[SEP][CLS]breast carcinoma","0"
"Histiocytosis[SEP][CLS]variable age at onset electroclinical syndrome","0"
"Malignant Breast Spiradenoma[SEP][CLS]breast cancer","1"
"Focal Embolic Glomerulonephritis[SEP][CLS]anencephaly","0"
"Multicentric Thyroid Gland Papillary Carcinoma[SEP][CLS]primary systemic mycosis","0"
"Mediastinal Rhabdomyosarcoma[SEP][CLS]rhabdomyosarcoma","1"
"Invasive Bladder Sarcomatoid Urothelial Carcinoma[SEP][CLS]skin disease","0"
"Communicating Hydrocephalus[SEP][CLS]kidney benign neoplasm","0"
"Uterine Corpus Leiomyosarcoma[SEP][CLS]thyroid gland papillary carcinoma","0"
"Solitary Mastocytoma of the Skin[SEP][CLS]optic nerve disease","0"
"Atrial Fibrillation[SEP][CLS]chondroma","0"
"Cranial Nodular Fasciitis[SEP][CLS]cervix carcinoma","0"
"Duodenal Ulcer[SEP][CLS]skin carcinoma","0"
"Neonatal Leukemia[SEP][CLS]arthritis","0"
"Dissociative Amnesia[SEP][CLS]uterine fibroid","0"
"Placenta Previa[SEP][CLS]physical disorder","0"
"Rectal Leiomyosarcoma[SEP][CLS]lupus erythematosus","0"
"Adult Xanthogranuloma[SEP][CLS]non-Langerhans-cell histiocytosis","1"
"Paracoccidioidomycosis[SEP][CLS]duodenal obstruction","0"
"Large Cell Medulloblastoma[SEP][CLS]medulloblastoma","1"
"Polycythemia Vera[SEP][CLS]cell type benign neoplasm","0"
"Thyroid Gland Malformation[SEP][CLS]islet cell tumor","0"
"Leuteoma of Pregnancy[SEP][CLS]medulloblastoma","0"
"Acute Chest Syndrome[SEP][CLS]multiple sclerosis","0"
"Pancreatic Mucinous Cystadenocarcinoma[SEP][CLS]medulloblastoma","0"
"Cervical Melanoma[SEP][CLS]monodermal teratoma","0"
"Protein Energy Malnutrition[SEP][CLS]uterine ligament adenocarcinoma","0"
"Somatoform Disorder[SEP][CLS]systemic mastocytosis","0"
"Ankylosis[SEP][CLS]cervical cancer","0"
"Teratoma with Somatic-Type Malignancy[SEP][CLS]uterine corpus sarcoma","0"
"Bulbomembranous Urethral Malignant Neoplasm[SEP][CLS]esophageal disease","0"
"Stromal Predominant Kidney Wilms Tumor[SEP][CLS]prostate sarcoma","0"
"Helminthiasis[SEP][CLS]gastrointestinal system disease","0"
"Klippel-Trenaunay-Weber Syndrome[SEP][CLS]arthritis","0"
"Obsessive Compulsive Disorder[SEP][CLS]skin sarcoma","0"
"Aortic Valve Insufficiency[SEP][CLS]non-Hodgkin lymphoma","0"
"Testicular Yolk Sac Tumor, Solid Pattern[SEP][CLS]parasitic infectious disease","0"
"Ovarian Seromucinous Carcinoma[SEP][CLS]kidney disease","0"
"Small Intestinal L-Cell Glucagon-Like Peptide-Producing Neuroendocrine Tumor[SEP][CLS]lung large cell carcinoma","0"
"Cystoid Macular Edema[SEP][CLS]legionellosis","0"
"Arthus Reaction[SEP][CLS]myopathy","0"
"AIDS Phobia[SEP][CLS]intraductal breast benign neoplasm","0"
"Childhood Pleomorphic Rhabdomyosarcoma[SEP][CLS]skin squamous cell carcinoma","0"
"Yolk Sac Tumor[SEP][CLS]focal epilepsy","0"
"Histiocytosis[SEP][CLS]myelofibrosis","0"
"Malignant Type A Thymoma[SEP][CLS]salivary gland cancer","0"
"Vulvar Squamous Neoplasm[SEP][CLS]larynx cancer","0"
"Vulvar Squamous Papilloma[SEP][CLS]ischemia","0"
"Cellular Neurofibroma[SEP][CLS]neurofibroma","1"
"Parosteal Osteosarcoma[SEP][CLS]islet cell tumor","0"
"Granulomatous Hepatitis[SEP][CLS]ovarian disease","0"
"Aortitis[SEP][CLS]amino acid metabolic disorder","0"
"Combined Lung Small Cell and Squamous Cell Carcinoma[SEP][CLS]disease by infectious agent","0"
"Cholangitis[SEP][CLS]carcinoma","0"
"Mental Retardation[SEP][CLS]cystadenocarcinoma","0"
"Breast Carcinoma[SEP][CLS]obesity","0"
"Bone Leiomyosarcoma[SEP][CLS]bladder clear cell adenocarcinoma","0"
"Myxopapillary Ependymoma[SEP][CLS]acute myeloid leukemia","0"
"Malaria[SEP][CLS]amino acid metabolic disorder","0"
"Endocrine System Disorder[SEP][CLS]ovarian cancer","0"
"Brachial Plexopathy[SEP][CLS]neuroblastoma","0"
"Mastitis[SEP][CLS]breast disease","1"
"Nodal Marginal Zone Lymphoma[SEP][CLS]intestinal disease","0"
"Caroli Disease[SEP][CLS]cutaneous mastocytosis","0"
"Endometrial Stromal Nodule[SEP][CLS]connective tissue benign neoplasm","0"
"Intrahepatic Cholangiocarcinoma[SEP][CLS]malaria","0"
"Threatened Abortion[SEP][CLS]carbohydrate metabolic disorder","0"
"Gallbladder Obstruction[SEP][CLS]carcinoma","0"
"Plexopathy[SEP][CLS]neurodegenerative disease","1"
"Chronic Fatigue Syndrome[SEP][CLS]keratosis","0"
"Amnesia[SEP][CLS]communication disorder","0"
"Hereditary Retinoblastoma[SEP][CLS]neuropathy","0"
"Atherosclerosis[SEP][CLS]calcium metabolism disease","0"
"Intestinal Perforation[SEP][CLS]complex regional pain syndrome","0"
"Ethmoid Sinus Primary Ectopic Meningioma[SEP][CLS]artery disease","0"
"Subglottic Carcinoma[SEP][CLS]embryonal tumor with multilayered rosettes, C19MC-altered","0"
"Ethmoid Sinus Adenoid Cystic Carcinoma[SEP][CLS]pituitary adenoma","0"
"Spindle Cell Synovial Sarcoma[SEP][CLS]neutropenia","0"
"Mucinous Cystadenocarcinoma[SEP][CLS]tricuspid valve disease","0"
"Maxillary Sinus Papilloma[SEP][CLS]islet cell tumor","0"
"Paratesticular Brenner Tumor[SEP][CLS]testicular cancer","1"
"Anal Basaloid Carcinoma[SEP][CLS]diffuse large B-cell lymphoma","0"
"Charcot-Marie-Tooth Disease[SEP][CLS]neuropathy","1"
"Nut Allergy[SEP][CLS]breast sarcoma","0"
"Pyruvate Dehydrogenase Deficiency[SEP][CLS]clear cell meningioma","0"
"Panic Disorder[SEP][CLS]salivary gland cancer","0"
"Giant Hemangioma[SEP][CLS]cholestasis","0"
"Cystitis[SEP][CLS]viral infectious disease","0"
"Pseudotumor Cerebri[SEP][CLS]glomerulonephritis","0"
"Acute Periodontitis[SEP][CLS]ovarian cystadenocarcinoma","0"
"Ebstein Anomaly[SEP][CLS]organic acidemia","0"
"Gastric Body Carcinoma[SEP][CLS]stomach carcinoma","1"
"Parkinson's Disease[SEP][CLS]kidney sarcoma","0"
"Brain Oligodendroglioma[SEP][CLS]sigmoid neoplasm","0"
"Papillary Adenofibroma[SEP][CLS]scleral disease","0"
"Severe Acute Respiratory Syndrome[SEP][CLS]botryoid rhabdomyosarcoma","0"
"Salpingo-Oophoritis[SEP][CLS]bile duct rhabdomyosarcoma","0"
"Cystitis Cystica[SEP][CLS]cystitis","1"
"Epithelial Predominant Kidney Wilms Tumor[SEP][CLS]neonatal anemia","0"
"Lacrimal Duct Obstruction[SEP][CLS]primary bacterial infectious disease","0"
"Divergent Strabismus[SEP][CLS]cervix disease","0"
"Open Angle Glaucoma[SEP][CLS]childhood embryonal tumor with multilayered rosettes, C19MC-altered","0"
"Skin Appendage Neoplasm[SEP][CLS]melanotic neurilemmoma","0"
"Osteopetrosis[SEP][CLS]neurofibroma","0"
"Primary Cutaneous Gamma-Delta T-Cell Lymphoma[SEP][CLS]ovarian disease","0"
"Skull Neoplasm[SEP][CLS]blood group incompatibility","0"
"Pyruvate Dehydrogenase Deficiency[SEP][CLS]mature teratoma of the ovary","0"
"Croup[SEP][CLS]ischemia","0"
"Lipoid Proteinosis of Urbach and Wiethe[SEP][CLS]acute myeloid leukemia","0"
"Bartholin Gland Adenoid Cystic Carcinoma[SEP][CLS]sphingolipidosis","0"
"von Willebrand Disease[SEP][CLS]testicular cancer","0"
"Posterior Uveitis[SEP][CLS]myositis","0"
"Hepatitis C Infection[SEP][CLS]benign teratoma","0"
"Thyroid Gland Follicular Carcinoma[SEP][CLS]high grade ependymoma","0"
"Hypodiploid B Lymphoblastic Leukemia/Lymphoma[SEP][CLS]breast myoepithelial neoplasm","0"
"Lymphocyte-Depleted Classic Hodgkin Lymphoma[SEP][CLS]breast hemangioma","0"
"Hematologic and Lymphocytic Disorder[SEP][CLS]inherited metabolic disorder","0"
"Giant Cell Tumor[SEP][CLS]lipoma","0"
"Egg Allergy[SEP][CLS]carcinosarcoma","0"
"Pancreatic Delta Cell Neuroendocrine Tumor[SEP][CLS]histiocytoma","0"
"Infertility[SEP][CLS]hepatocellular carcinoma","0"
"Pineal Region Immature Teratoma[SEP][CLS]retroperitoneal sarcoma","0"
"Distal Hereditary Motor Neuronopathy Type I[SEP][CLS]appendix cancer","0"
"Penile Sarcomatoid Carcinoma[SEP][CLS]chronic cystitis","0"
"Rubella Infection[SEP][CLS]hepatobiliary disease","0"
"Microcystic Meningioma[SEP][CLS]acquired polycythemia","0"
"Wolman Disease[SEP][CLS]metabolic acidosis","0"
"Beta-Mannosidosis[SEP][CLS]parachordoma","0"
"Eye Disorder[SEP][CLS]sensory system disease","1"
"Urethritis[SEP][CLS]pulmonary fibrosis","0"
"Breast Extraskeletal Osteosarcoma[SEP][CLS]iris disease","0"
"Selective IgG Immunodeficiency[SEP][CLS]nephroblastoma","0"
"Lymphocyte-Rich Classic Hodgkin Lymphoma[SEP][CLS]acute proliferative glomerulonephritis","0"
"Helminthiasis[SEP][CLS]parasitic infectious disease","1"
"Sebaceous Gland Neoplasm[SEP][CLS]esophageal disease","0"
"Sarcomatosis[SEP][CLS]peripheral nervous system disease","0"
"Collagenous Colitis[SEP][CLS]female reproductive organ benign neoplasm","0"
"Ileal Neoplasm[SEP][CLS]myopathy","0"
"Pituitary Gland Hypoplasia[SEP][CLS]acute myeloid leukemia","0"
"Selective Immunoglobulin Isotype Deficiency[SEP][CLS]B cell deficiency","1"
"De Sanctis-Cacchione Syndrome[SEP][CLS]clear cell meningioma","0"
"Pseudomembranous Conjunctivitis[SEP][CLS]apocrine carcinoma","0"
"Malignant Exocrine Pancreas Neoplasm[SEP][CLS]seborrheic keratosis","0"
"Ovarian Serous Cystadenocarcinoma[SEP][CLS]ovarian cystadenocarcinoma","1"
"Myiasis[SEP][CLS]stomach disease","0"
"Middle Cranial Fossa Meningioma[SEP][CLS]breast fibrocystic disease","0"
"Ovarian Stromal Hyperthecosis[SEP][CLS]pancreatitis","0"
"Childhood Ovarian Teratoma[SEP][CLS]bone sarcoma","0"
"Acute Interstitial Pneumonia[SEP][CLS]ciliopathy","0"
"Mixed Endometrial Stromal and Smooth Muscle Neoplasm[SEP][CLS]central nervous system immature teratoma","0"
"Lacrimal Duct Obstruction[SEP][CLS]germ cell cancer","0"
"Extracranial Neuroblastoma[SEP][CLS]sphingolipidosis","0"
"Cerebral Sarcoidosis[SEP][CLS]uterine ligament adenocarcinoma","0"
"Testicular Non-Seminomatous Germ Cell Tumor[SEP][CLS]syndrome","0"
"Malignant Uterine Corpus Neoplasm[SEP][CLS]malignant dermis tumor","0"
"Familial Hyperaldosteronism Type 1[SEP][CLS]autonomic nervous system neoplasm","0"
"Colon Neuroendocrine Neoplasm[SEP][CLS]bone remodeling disease","0"
"Parasagittal Meningioma[SEP][CLS]congenital heart disease","0"
"Color Blindness[SEP][CLS]eye disease","0"
"Breast Sebaceous Carcinoma[SEP][CLS]endometrial disease","0"
"Cervical Symmetrical Lipomatosis[SEP][CLS]laryngeal benign neoplasm","0"
"Nipple Duct Carcinoma[SEP][CLS]rectum adenocarcinoma","0"
"Retinal Arterial Branch Occlusion[SEP][CLS]retinal artery occlusion","1"
"Breast Fibrosis[SEP][CLS]meningioma","0"
"Beta Thalassemia[SEP][CLS]thalassemia","1"
"Acute Promyelocytic Leukemia with t(15;17)(q24.1;q21.2); PML-RARA[SEP][CLS]acute promyelocytic leukemia","1"
"Mediastinal Synovial Sarcoma[SEP][CLS]gallbladder disease","0"
"Hidradenitis[SEP][CLS]myelodysplastic/myeloproliferative neoplasm","0"
"Diphyllobothriasis[SEP][CLS]acute porphyria","0"
"Bladder Signet Ring Cell Adenocarcinoma[SEP][CLS]central nervous system benign neoplasm","0"
"Telangiectasia[SEP][CLS]breast benign neoplasm","0"
"Anthracosis[SEP][CLS]malignant mediastinal neurogenic neoplasm","0"
"Gilbert Syndrome[SEP][CLS]autosomal dominant cerebellar ataxia","0"
"Holocarboxylase Synthetase Deficiency[SEP][CLS]dermatitis","0"
"Axonal Neuropathy[SEP][CLS]prostatic urethral cancer","0"
"Childhood Supratentorial Ependymoma, Not Otherwise Specified[SEP][CLS]connective tissue cancer","0"
"Plague[SEP][CLS]primary bacterial infectious disease","1"
"Congenital Pure Red Cell Aplasia[SEP][CLS]chromosomal duplication syndrome","0"
"Acute Myeloid Leukemia with inv(3)(q21.3;q26.2) or t(3;3)(q21.3;q26.2); GATA2, MECOM[SEP][CLS]acute myeloid leukemia","1"
"Selective IgE Immunodeficiency[SEP][CLS]stomach cancer","0"
"Papillary Adenoma[SEP][CLS]mitral valve disease","0"
"Polyradiculopathy[SEP][CLS]colon adenocarcinoma","0"
"Epithelioid Malignant Peripheral Nerve Sheath Tumor[SEP][CLS]histiocytic and dendritic cell cancer","0"
"Spinal Muscular Atrophy of Childhood[SEP][CLS]fallopian tube carcinosarcoma","0"
"Conus Medullaris Neoplasm[SEP][CLS]cystitis","0"
"Chronic Sphenoidal Sinusitis[SEP][CLS]sphenoid sinusitis","1"
"Purpura[SEP][CLS]breast myoepitheliosis","0"
"Papillary Cystadenocarcinoma[SEP][CLS]irritant dermatitis","0"
"Chronic Suppurative Otitis Media[SEP][CLS]ocular melanoma","0"
"Skin Basosquamous Cell Carcinoma[SEP][CLS]breast adenocarcinoma","0"
"Skin Atrophy[SEP][CLS]conventional osteosarcoma","0"
"Intracranial Hypertension[SEP][CLS]cholestasis","0"
"Alopecia Mucinosa[SEP][CLS]autoimmune disease of endocrine system","0"
"Incontinentia Pigmenti[SEP][CLS]substance abuse","0"
"Subungual Glomus Tumor[SEP][CLS]pituitary infarct","0"
"Sly Syndrome[SEP][CLS]malaria","0"
"Non-Hodgkin Lymphoma[SEP][CLS]cervical squamous cell carcinoma","0"
"Duane Syndrome[SEP][CLS]adenocarcinoma","0"
"Malignant Olfactory Nerve Neoplasm[SEP][CLS]syndrome","0"
"Supraglottic Verrucous Carcinoma[SEP][CLS]malignant leptomeningeal neoplasm","0"
"Hypoglycemic Coma[SEP][CLS]paranasal sinus cancer","0"
"Pathological Gambling[SEP][CLS]spinal cancer","0"
"Diabetic Neuropathy[SEP][CLS]hypersensitivity reaction type III disease","0"
"Measles[SEP][CLS]uveitis","0"
"Nut Allergy[SEP][CLS]choriocarcinoma","0"
"Glanders[SEP][CLS]frontal sinus benign neoplasm","0"
"Childhood Lymphoma[SEP][CLS]spleen cancer","0"
"Intrahepatic Bile Duct Mucinous Cystic Neoplasm[SEP][CLS]severe combined immunodeficiency","0"
"Progressive Familial Intrahepatic Cholestasis[SEP][CLS]basal cell carcinoma","0"
"Osgood-Schlatter's Disease[SEP][CLS]bone inflammation disease","1"
"Sleep Apnea[SEP][CLS]hemoglobinopathy","0"
"Cardiac Leiomyosarcoma[SEP][CLS]skin disease","0"
"Skin Liposarcoma[SEP][CLS]penis carcinoma","0"
"Ovarian Large Cell Neuroendocrine Carcinoma[SEP][CLS]lymphatic system disease","0"
"Lysinuric Protein Intolerance[SEP][CLS]vulva cancer","0"
"Hemolytic Uremic Syndrome[SEP][CLS]kidney disease","1"
"Chest Wall Solitary Plasmacytoma[SEP][CLS]malignant melanocytic neoplasm of the peripheral nerve sheath","0"
"Protoplasmic Astrocytoma[SEP][CLS]fasciitis","0"
"Glomeruloid Hemangioma[SEP][CLS]hemangioma","1"
"Penile Fibromatosis[SEP][CLS]bile duct adenoma","0"
"Adrenocortical Insufficiency[SEP][CLS]syndrome","0"
"Peripheral Motor Neuropathy[SEP][CLS]meningioma","0"
"Exudative Glomerulonephritis[SEP][CLS]personality disorder","0"
"Bile Duct Mucinous Cystic Neoplasm[SEP][CLS]urinary bladder cancer","0"
"Polycythemia Neonatorum[SEP][CLS]laryngeal benign neoplasm","0"
"Menkes Disease[SEP][CLS]lung carcinoma","0"
"Breast Large Cell Neuroendocrine Carcinoma[SEP][CLS]vasculitis","0"
"Cyclic Neutropenia[SEP][CLS]ganglioneuroblastoma","0"
"Hereditary Melanoma[SEP][CLS]B-cell lymphoma","0"
"Goldenhar Syndrome[SEP][CLS]prostate adenocarcinoma","0"
"Adult Meningeal Melanoma[SEP][CLS]breast benign neoplasm","0"
"Microphthalmos[SEP][CLS]childhood electroclinical syndrome","0"
"Ovarian Dysgerminoma[SEP][CLS]neuroblastoma","0"
"Aicardi Syndrome[SEP][CLS]rete ovarii adenoma","0"
"Extraskeletal Myxoid Chondrosarcoma[SEP][CLS]chronic pyelonephritis","0"
"Fatal Familial Insomnia[SEP][CLS]prostate carcinoma","0"
"Histiocytic and Dendritic Cell Neoplasm[SEP][CLS]cholangitis","0"
"Multicentric Thyroid Gland Papillary Carcinoma[SEP][CLS]cystitis","0"
"Adult Yolk Sac Tumor[SEP][CLS]neuropathy","0"
"Childhood Brain Stem Glioma[SEP][CLS]childhood brain stem neoplasm","1"
"Vagus Nerve Neoplasm[SEP][CLS]uterine benign neoplasm","0"
"Polydactyly[SEP][CLS]penis squamous cell carcinoma","0"
"Idiopathic Crescentic Glomerulonephritis[SEP][CLS]acute proliferative glomerulonephritis","1"
"Short Bowel Syndrome[SEP][CLS]skin benign neoplasm","0"
"Glomerulonephritis[SEP][CLS]nephritis","1"
"Lung Neuroendocrine Neoplasm[SEP][CLS]jejunal cancer","0"
"Malignant Jejunal Neoplasm[SEP][CLS]benign ependymoma","0"
"Acute Atopic Conjunctivitis[SEP][CLS]pulmonary artery disease","0"
"Lower Clivus Meningioma[SEP][CLS]strabismus","0"
"Hairy Tongue[SEP][CLS]non-Langerhans-cell histiocytosis","0"
"Nodular Goiter[SEP][CLS]cutaneous mastocytosis","0"
"Prosopagnosia[SEP][CLS]cell type benign neoplasm","0"
"Anhidrotic Ectodermal Dysplasia 1[SEP][CLS]hypolipoproteinemia","0"
"Desmoplastic Small Round Cell Tumor[SEP][CLS]eye disease","0"
"Chronic Eosinophilic Leukemia, Not Otherwise Specified[SEP][CLS]normocytic anemia","0"
"Central Retinal Artery Occlusion[SEP][CLS]specific developmental disorder","0"
"Pemphigoid Gestationis[SEP][CLS]combined immunodeficiency","0"
"B-Cell Prolymphocytic Leukemia[SEP][CLS]gallbladder carcinoma","0"
"Vulvar Disorder[SEP][CLS]female reproductive system disease","1"
"Pancreatic Delta Cell Neuroendocrine Tumor[SEP][CLS]retinal cancer","0"
"Remnant Hyperlipidemia[SEP][CLS]histiocytosis","0"
"Breast Metaplastic Carcinoma[SEP][CLS]spindle cell thymoma","0"
"Progressive Supranuclear Palsy[SEP][CLS]bronchial disease","0"
"Orbit Alveolar Rhabdomyosarcoma[SEP][CLS]aphasia","0"
"Mucocele of the Appendix[SEP][CLS]follicular adenoma","0"
"Postencephalitic Parkinsonism[SEP][CLS]basal cell carcinoma","0"
"Fibroosseous Pseudotumor of Digits[SEP][CLS]intrinsic cardiomyopathy","0"
"Epidermolytic Ichthyosis[SEP][CLS]carcinoma","0"
"Thymoma Type B[SEP][CLS]vulvar squamous papilloma","0"
"Neonatal Candidiasis[SEP][CLS]steroid inherited metabolic disorder","0"
"Malignant Tenosynovial Giant Cell Tumor[SEP][CLS]diabetic retinopathy","0"
"Epicardial Lipoma[SEP][CLS]cognitive disorder","0"
"Refractory Hematologic Malignancy[SEP][CLS]primary hyperoxaluria","0"
"Ethmoid Sinus Papilloma[SEP][CLS]ethmoidal sinus benign neoplasm","1"
"Myxedema[SEP][CLS]hypothyroidism","1"
"Uterine Ligament Papillary Cystadenoma Associated with von Hippel-Lindau Disease[SEP][CLS]congenital hemolytic anemia","0"
"Breast Mucinous Cystadenocarcinoma[SEP][CLS]syndrome","0"
"Embryonal Neoplasm[SEP][CLS]B-lymphoblastic leukemia/lymphoma","0"
"Cervical Disc Degenerative Disorder[SEP][CLS]childhood leukemia","0"
"Liposarcoma[SEP][CLS]urinary system disease","0"
"Acute Endometritis[SEP][CLS]germ cell cancer","0"
"Carotenemia[SEP][CLS]connective tissue benign neoplasm","0"
"Anal Canal Cloacogenic Carcinoma[SEP][CLS]urinary tract papillary transitional cell benign neoplasm","0"
"Epithelioid Leiomyosarcoma[SEP][CLS]neurofibroma","0"
"Intra-Abdominal Hemangioma[SEP][CLS]hemangioma","1"
"Gilbert Syndrome[SEP][CLS]bilirubin metabolic disorder","1"
"Skin Basal Cell Carcinoma with Sarcomatoid Differentiation[SEP][CLS]malignant mesothelioma","0"
"Breast Pericanalicular Fibroadenoma[SEP][CLS]pre-malignant neoplasm","0"
"Vulvar Squamous Papilloma[SEP][CLS]myxoid chondrosarcoma","0"
"Pancreatic Mucinous Cystadenocarcinoma[SEP][CLS]diabetes mellitus","0"
"Meniere Disease[SEP][CLS]aleukemic leukemia","0"
"Trochlear Nerve Neoplasm[SEP][CLS]bile duct cystadenoma","0"
"Fallopian Tube Disorder[SEP][CLS]teeth hard tissue disease","0"
"Status Epilepticus[SEP][CLS]carcinoma","0"
"Celiac Disease[SEP][CLS]diabetes insipidus","0"
"Pseudogout[SEP][CLS]arthritis","1"
"Kimura Disease[SEP][CLS]maxillary sinus benign neoplasm","0"
"Marshall Syndrome[SEP][CLS]ectodermal dysplasia","1"
"Papillary Carcinoma[SEP][CLS]brain stem glioma","0"
"De Sanctis-Cacchione Syndrome[SEP][CLS]bile duct rhabdomyosarcoma","0"
"Ovarian Dysgerminoma[SEP][CLS]cervical squamous cell carcinoma","0"
"Liver Rhabdomyosarcoma[SEP][CLS]suppurative otitis media","0"
"Thyroid Gland Well-Differentiated Tumor of Uncertain Malignant Potential[SEP][CLS]prostate adenocarcinoma","0"
"Ovarian Wilms Tumor[SEP][CLS]artery disease","0"
"Ovarian Mixed Germ Cell Tumor[SEP][CLS]ovarian cancer","0"
"Cheilitis[SEP][CLS]retroperitoneal cancer","0"
"Papillary Adenofibroma[SEP][CLS]motor neuron disease","0"
"Pancreatic Mucinous Cystadenocarcinoma[SEP][CLS]pancreatic cystadenocarcinoma","1"
"Benign Mediastinal Schwannoma[SEP][CLS]central nervous system disease","0"
"Rhabdoid Tumor of the Kidney[SEP][CLS]rhabdoid cancer","1"
"Gastric Germ Cell Tumor[SEP][CLS]eyelid disease","0"
"Chronic Conjunctivitis[SEP][CLS]urethral disease","0"
"Tertiary Syphilis[SEP][CLS]filariasis","0"
"Sex Cord-Stromal Tumor[SEP][CLS]inherited metabolic disorder","0"
"Malignant Oculomotor Nerve Neoplasm[SEP][CLS]periodontal disease","0"
"Degenerative Disorder[SEP][CLS]foramen magnum meningioma","0"
"Granulocytic Sarcoma[SEP][CLS]testicular yolk sac tumor","0"
"Maxillary Sinus Neoplasm[SEP][CLS]seminoma","0"
"Intravascular Angioleiomyoma[SEP][CLS]retinoblastoma","0"
"Intestinal Atresia[SEP][CLS]lymph node benign neoplasm","0"
"Social Anxiety Disorder[SEP][CLS]cranial nerve malignant neoplasm","0"
"Liver Solitary Fibrous Tumor[SEP][CLS]endocrine system disease","0"
"Breast Disorder[SEP][CLS]anal squamous cell carcinoma","0"
"Breast Adenoid Cystic Carcinoma[SEP][CLS]autoimmune disease of skin and connective tissue","0"
"Sporadic Breast Carcinoma[SEP][CLS]acute myeloid leukemia","0"
"Primary Hyperoxaluria Type III[SEP][CLS]testicular malignant germ cell cancer","0"
"Celiac Disease[SEP][CLS]peptic ulcer disease","0"
"Rete Ovarii Cystadenoma[SEP][CLS]nephritis","0"
"Pseudotumor Cerebri[SEP][CLS]testicular germ cell cancer","0"
"Acute Chest Syndrome[SEP][CLS]ovarian benign neoplasm","0"
"Childhood Renal Cell Carcinoma[SEP][CLS]renal cell carcinoma","1"
"Bilateral Breast Carcinoma[SEP][CLS]ureteral benign neoplasm","0"
"Diabetic Ketoacidosis[SEP][CLS]pneumoconiosis","0"
"Uterine Corpus Endometrial Stromal Sarcoma[SEP][CLS]uterine corpus sarcoma","1"
"Adult Central Nervous System Embryonal Tumor, Not Otherwise Specified[SEP][CLS]sex cord-gonadal stromal tumor","0"
"Benign Granular Cell Tumor[SEP][CLS]uterine corpus cancer","0"
"Choroid Melanoma[SEP][CLS]choroid cancer","1"
"Dedifferentiated Liposarcoma[SEP][CLS]meningitis","0"
"Malignant Pyriform Fossa Neoplasm[SEP][CLS]appendix adenocarcinoma","0"
"B Lymphoblastic Leukemia/Lymphoma with Intrachromosomal Amplification of Chromosome 21[SEP][CLS]male urethral cancer","0"
"N1 Diffuse Large B-Cell Lymphoma[SEP][CLS]syndrome","0"
"Adult Brain Stem Astrocytoma[SEP][CLS]chondrosarcoma","0"
"Herpetic Whitlow[SEP][CLS]polyneuropathy","0"
"Urinary Tract Obstruction[SEP][CLS]intestinal disease","0"
"Kidney Angiomyolipoma[SEP][CLS]intestinal obstruction","0"
"Melanotic Schwannoma[SEP][CLS]testicular yolk sac tumor","0"
"Neuroendocrine Neoplasm[SEP][CLS]dermatitis","0"
"Epidermolytic Acanthoma[SEP][CLS]cataract","0"
"Pituitary Gland Apoplexy[SEP][CLS]brain disease","0"
"Synovitis[SEP][CLS]soft palate cancer","0"
"Endometrial Serous Adenocarcinoma[SEP][CLS]chronic ulcer of skin","0"
"Breast Fibrosis[SEP][CLS]hypersensitivity reaction type III disease","0"
"Vaginitis[SEP][CLS]osteochondrodysplasia","0"
"Refractory T Lymphoblastic Leukemia/Lymphoma[SEP][CLS]refractory hematologic cancer","1"
"Ovarian Large Cell Neuroendocrine Carcinoma[SEP][CLS]parasitic helminthiasis infectious disease","0"
"Subvalvular Aortic Stenosis[SEP][CLS]carbohydrate metabolic disorder","0"
"Uterine Corpus Endometrial Stromal Sarcoma[SEP][CLS]dengue disease","0"
"Lipodystrophy[SEP][CLS]benign vaginal carcinosarcoma","0"
"Lactose Intolerance[SEP][CLS]hemoglobinuria","0"
"Ischemic Neuropathy[SEP][CLS]skull base meningioma","0"
"Lipoma-Like Atypical Lipomatous Tumor/Well Differentiated Liposarcoma[SEP][CLS]neuroblastoma","0"
"Malignant Giant Cell Neoplasm[SEP][CLS]medulloblastoma non-WNT/non-SHH","0"
"Diffuse Pediatric-Type High Grade Glioma, H3-Wildtype and IDH-Wildtype[SEP][CLS]skin disease","0"
"Dependence[SEP][CLS]primary bacterial infectious disease","0"
"Jervell and Lange Nielsen Syndrome[SEP][CLS]uterine disease","0"
"High Grade Astrocytoma with Piloid Features[SEP][CLS]ovarian small cell carcinoma","0"
"Fatal Familial Insomnia[SEP][CLS]leiomyosarcoma","0"
"Posterior Uveitis[SEP][CLS]panuveitis","1"
"Clear Cell Cystadenofibroma[SEP][CLS]calcinosis","0"
"Egg Allergy[SEP][CLS]viral infectious disease","0"
"Hallucinogen Dependence[SEP][CLS]acute myeloid leukemia","0"
"Genital Herpes[SEP][CLS]benign perivascular tumor","0"
"Post-Traumatic Stress Disorder[SEP][CLS]intestinal obstruction","0"
"Embryonal Tumor with Multilayered Rosettes[SEP][CLS]pseudosarcomatous fibromatosis","0"
"Abducens Nerve Neoplasm[SEP][CLS]breast adenoma","0"
"Posterior Fossa Ependymoma, Group A (PFA)[SEP][CLS]myositis","0"
"Epiglottis Neoplasm[SEP][CLS]leiomyoma","0"
"Laryngeal Stenosis[SEP][CLS]central nervous system benign neoplasm","0"
"Pancreatitis[SEP][CLS]pancreas disease","1"
"Renal Failure[SEP][CLS]kidney disease","1"
"Breast Squamous Cell Carcinoma, Spindle Cell Variant[SEP][CLS]papillary adenocarcinoma","0"
"Filariasis[SEP][CLS]parasitic helminthiasis infectious disease","1"
"Balanitis Xerotica Obliterans[SEP][CLS]myositis","0"
"Acute Leukemia[SEP][CLS]meningioma","0"
"Expressive Language Disorder[SEP][CLS]bile duct disease","0"
"Angelman Syndrome[SEP][CLS]mature teratoma of the ovary","0"
"Myositis[SEP][CLS]agammaglobulinemia","0"
"Vitamin B6 Deficiency[SEP][CLS]nutritional deficiency disease","1"
"Childhood Epithelioid Sarcoma[SEP][CLS]intrahepatic cholangiocarcinoma","0"
"Severe Combined Immunodeficiency[SEP][CLS]salivary gland cancer","0"
"Diffuse Astrocytoma, MYBL1-Altered[SEP][CLS]diffuse astrocytoma","1"
"Chronic Cervicitis[SEP][CLS]prostate sarcoma","0"
"Dysembryoplastic Neuroepithelial Tumor[SEP][CLS]central nervous system benign neoplasm","1"
"Brain Stem Astrocytoma[SEP][CLS]brain stem glioma","1"
"Phobia[SEP][CLS]peripheral nervous system neoplasm","0"
"Chromosome 2q37 Deletion Syndrome[SEP][CLS]bone osteosarcoma","0"
"Pica Eating Disorder[SEP][CLS]gastrointestinal system disease","0"
"Riedel Fibrosing Thyroiditis[SEP][CLS]congenital mesoblastic nephroma","0"
"Erectile Dysfunction[SEP][CLS]conventional osteosarcoma","0"
"Mediastinal Granular Cell Tumor[SEP][CLS]chondrosarcoma","0"
"Breast Engorgement in Newborn[SEP][CLS]medulloblastoma non-WNT/non-SHH","0"
"Rete Ovarii Cystadenoma[SEP][CLS]rete ovarii adenoma","1"
"Cystic Teratoma[SEP][CLS]heart disease","0"
"Pneumonia[SEP][CLS]perineurioma","0"
"Anthracosilicosis[SEP][CLS]pancreatic adenocarcinoma","0"
"Hodgkin Lymphoma[SEP][CLS]lymphoma","1"
"Hypokalemic Periodic Paralysis[SEP][CLS]aortic valve disease","0"
"Tracheal Adenoid Cystic Carcinoma[SEP][CLS]galactosemia","0"
"Tetralogy of Fallot[SEP][CLS]cervicitis","0"
"Lacrimal System Disorder[SEP][CLS]radiculopathy","0"
"Invasive Bladder Lipid-Rich Urothelial Carcinoma[SEP][CLS]invasive bladder transitional cell carcinoma","1"
"Cancerphobia[SEP][CLS]dry eye syndrome","0"
"Occult Lung Adenocarcinoma[SEP][CLS]spinal muscular atrophy","0"
"Beta-Mannosidosis[SEP][CLS]vulvar sarcoma","0"
"Isovaleric Acidemia[SEP][CLS]organic acidemia","1"
"Intrahepatic Cholangiocarcinoma[SEP][CLS]uterine ligament cancer","0"
"Endometrioid Stromal Sarcoma[SEP][CLS]vasculitis","0"
"Amino Acid Metabolism Disorder[SEP][CLS]central nervous system disease","0"
"Tangier Disease[SEP][CLS]malignant ovarian germ cell neoplasm","0"
"Colon Leiomyosarcoma[SEP][CLS]adrenal gland pheochromocytoma","0"
"Fabry Disease[SEP][CLS]spinal canal and spinal cord meningioma","0"
"Trigeminal Schwannoma[SEP][CLS]adolescence-adult electroclinical syndrome","0"
"Chronic Atrophic Gastritis[SEP][CLS]conjunctival disease","0"
"Refractory Hematologic Malignancy[SEP][CLS]hematologic cancer","1"
"Cellular Leiomyoma[SEP][CLS]osteosarcoma","0"
"Corneal Edema[SEP][CLS]chondrosarcoma","0"
"Malignant Ethmoid Sinus Neoplasm[SEP][CLS]brain disease","0"
"Accessory Nerve Disorder[SEP][CLS]bile duct carcinoma","0"
"Balanitis[SEP][CLS]lung disease","0"
"Sleep Apnea[SEP][CLS]intrahepatic cholangiocarcinoma","0"
"Renal Cell Carcinoma[SEP][CLS]extraskeletal myxoid chondrosarcoma","0"
"Classic Congenital Mesoblastic Nephroma[SEP][CLS]primary bacterial infectious disease","0"
"Cervical Leukoplakia[SEP][CLS]malignant pineal area germ cell neoplasm","0"
"Gastric Gastrin-Producing Neuroendocrine Tumor[SEP][CLS]myeloproliferative neoplasm","0"
"Chronic Rhinitis[SEP][CLS]viral infectious disease","0"
"Epicardial Lipoma[SEP][CLS]Goodpasture syndrome","0"
"Lacrimal System Disorder[SEP][CLS]chromosomal deletion syndrome","0"
"Goiter[SEP][CLS]thyroid gland disease","1"
"Nesidioblastosis[SEP][CLS]congenital hemolytic anemia","0"
"Congo-Crimean Hemorrhagic Fever[SEP][CLS]ovarian endodermal sinus tumor","0"
"Hunter Syndrome[SEP][CLS]peripheral nerve schwannoma","0"
"Granuloma Inguinale[SEP][CLS]lacrimal apparatus disease","0"
"Lung Basaloid Large Cell Carcinoma[SEP][CLS]choroid plexus cancer","0"
"Neurofibromatosis Type 2[SEP][CLS]neurofibromatosis","1"
"Thymic Clear Cell Carcinoma[SEP][CLS]non-Hodgkin lymphoma","0"
"Rhesus Isoimmunization[SEP][CLS]blood group incompatibility","1"
"Filariasis[SEP][CLS]viral infectious disease","0"
"Encapsulated Thymoma[SEP][CLS]pineoblastoma","0"
"Empty Sella Syndrome[SEP][CLS]pituitary gland disease","1"
"Childhood Cerebellar Neoplasm[SEP][CLS]meningioma","0"
"Lung Clear Cell Tumor[SEP][CLS]placenta disease","0"
"Hereditary Ovarian Carcinoma[SEP][CLS]polyneuropathy","0"
"Acute Interstitial Pneumonia[SEP][CLS]idiopathic interstitial pneumonia","1"
"Verrucous Hemangioma[SEP][CLS]extraosseous osteosarcoma","0"
"Lipoadenoma[SEP][CLS]high grade ependymoma","0"
"Regional Ureter Carcinoma[SEP][CLS]ureter carcinoma","1"
"Hemoglobin E Disease[SEP][CLS]leiomyoma","0"
"Migraine Without Aura[SEP][CLS]botryoid rhabdomyosarcoma","0"
"Tinea Versicolor[SEP][CLS]systemic mastocytosis","0"
"Benign Migratory Glossitis[SEP][CLS]atrophic glossitis","1"
"Bile Duct Perforation[SEP][CLS]biliary tract disease","1"
"Childhood Astrocytic Tumor[SEP][CLS]lupus erythematosus","0"
"Thyroid Gland Disorder[SEP][CLS]vulva carcinoma","0"
"Rumination Disorder[SEP][CLS]IDH-mutant anaplastic astrocytoma","0"
"Renovascular Hypertension[SEP][CLS]paranasal sinus benign neoplasm","0"
"Cervical Endometrioid Adenocarcinoma[SEP][CLS]GM2 gangliosidosis","0"
"Hemangiopericytic Neoplasm[SEP][CLS]perivascular tumor","1"
"Acute Diffuse Glomerulonephritis[SEP][CLS]primary bacterial infectious disease","0"
"Vulvar Porocarcinoma[SEP][CLS]central nervous system cancer","0"
"Alcoholic Polyneuropathy[SEP][CLS]papilloma","0"
"Vaginal Squamous Neoplasm[SEP][CLS]vaginal cancer","1"
"Prostate Angiosarcoma[SEP][CLS]muscle cancer","0"
"Malignant Ovarian Germ Cell Tumor[SEP][CLS]pericardial effusion","0"
"Landau-Kleffner Syndrome[SEP][CLS]childhood electroclinical syndrome","1"
"Intravascular Angioleiomyoma[SEP][CLS]angiomyoma","1"
"Bone Osteosarcoma[SEP][CLS]osteosarcoma","1"
"Renal Pelvis Urothelial Papilloma[SEP][CLS]central nervous system embryonal tumor","0"
"Acute Intermittent Porphyria[SEP][CLS]angiosarcoma","0"
"Inverted Papilloma[SEP][CLS]papilloma","1"
"Infertility[SEP][CLS]carbohydrate metabolic disorder","0"
"Vulvar Keratoacanthoma[SEP][CLS]ovarian germ cell teratoma","0"
"Intermittent Explosive Disorder[SEP][CLS]lymphadenitis","0"
"Allergic Cutaneous Angiitis[SEP][CLS]ovarian germ cell teratoma","0"
"Tourette Syndrome[SEP][CLS]encephalomalacia","0"
"Superior Sulcus Lung Carcinoma[SEP][CLS]syndrome","0"
"Testicular Germ Cell Tumor[SEP][CLS]cervical squamous cell carcinoma","0"
"Childhood Ependymoma[SEP][CLS]germ cell benign neoplasm","0"
"Ovarian Papillary Cystadenoma[SEP][CLS]uterine corpus cancer","0"
"Rift Valley Fever[SEP][CLS]testicular non-seminomatous germ cell cancer","0"
"Generalized Anxiety Disorder[SEP][CLS]gonadal dysgenesis","0"
"Uterine Ligament Neoplasm[SEP][CLS]uterine cancer","1"
"Argininosuccinic Aciduria[SEP][CLS]specific developmental disorder","0"
"Amblyopia[SEP][CLS]eye disease","1"
"Thyroid Gland Macrofollicular Adenoma[SEP][CLS]adenocarcinoma","0"
"Portal Hypertension[SEP][CLS]eye disease","0"
"Seizure Disorder[SEP][CLS]skin benign neoplasm","0"
"Distal Hereditary Motor Neuronopathy Type I[SEP][CLS]renal agenesis","0"
"Melanoma in Congenital Melanocytic Nevus[SEP][CLS]carcinoma","0"
"Histiocytoma[SEP][CLS]connective tissue benign neoplasm","1"
"Small Intestinal L-Cell Glucagon-Like Peptide-Producing Neuroendocrine Tumor[SEP][CLS]small intestine cancer","1"
"Testicular Infarction[SEP][CLS]respiratory failure","0"
"Tamoxifen-Related Endometrial Disorder[SEP][CLS]endometrial disease","1"
"Systemic Mastocytosis with an Associated Myeloid Neoplasm[SEP][CLS]obstructive lung disease","0"
"Adult Yolk Sac Tumor[SEP][CLS]primary bacterial infectious disease","0"
"Hyperimmunoglobulin Syndrome[SEP][CLS]breast sarcoma","0"
"Wernicke-Korsakoff Syndrome[SEP][CLS]viral infectious disease","0"
"Systemic Scleroderma[SEP][CLS]perivascular tumor","0"
"Ovarian Yolk Sac Tumor[SEP][CLS]placenta cancer","0"
"Small Intestinal L-Cell Glucagon-Like Peptide-Producing Neuroendocrine Tumor[SEP][CLS]islet cell tumor","0"
"Encephalitis[SEP][CLS]muscular dystrophy","0"
"Barakat Syndrome[SEP][CLS]chromosomal deletion syndrome","1"
"Supraglottic Verrucous Carcinoma[SEP][CLS]syndrome","0"
"Infiltrating Bladder Urothelial Carcinoma, Lymphoma-Like Variant[SEP][CLS]liposarcoma","0"
"Lateral Wall of the Bladder[SEP][CLS]cerebellar disease","0"
"Essential Hypertension[SEP][CLS]ovarian carcinoma","0"
"Generalized Epilepsy[SEP][CLS]carcinosarcoma","0"
"Pancreatic Gastrin-Producing Neuroendocrine Tumor[SEP][CLS]high grade glioma","0"
"Nodular Hidradenoma[SEP][CLS]malignant pineal area germ cell neoplasm","0"
"Nodular Goiter[SEP][CLS]facial nerve disease","0"
"Anemia[SEP][CLS]hematopoietic system disease","1"
"WAGR Syndrome[SEP][CLS]chromosomal deletion syndrome","1"
"Vulvar Dystrophy[SEP][CLS]lung disease","0"
"Multicentric Reticulohistiocytosis[SEP][CLS]syndrome","1"
"Central Nervous System Tumor with BCOR Internal Tandem Duplication[SEP][CLS]hypothyroidism","0"
"B-Cell Non-Hodgkin Lymphoma[SEP][CLS]non-Hodgkin lymphoma","1"
"Asperger Syndrome[SEP][CLS]cystic teratoma","0"
"Childhood Angiosarcoma[SEP][CLS]acute myeloid leukemia","0"
"Childhood Central Nervous System Mature Teratoma[SEP][CLS]craniopharyngioma","0"
"Pulp Degeneration[SEP][CLS]dental pulp disease","1"
"Verrucous Papilloma[SEP][CLS]disease of anatomical entity","0"
"Signet Ring Cell Intrahepatic Cholangiocarcinoma[SEP][CLS]keratoacanthoma","0"
"Skull Neoplasm[SEP][CLS]diverticulitis","0"
"Minimal Change Glomerulonephritis[SEP][CLS]bladder urothelial carcinoma","0"
"Lymphohistiocytoid Mesothelioma[SEP][CLS]sweat gland disease","0"
"Transient Arthropathy[SEP][CLS]pineoblastoma","0"
"Fasciitis[SEP][CLS]extrinsic cardiomyopathy","0"
"Rectal Sarcomatoid Carcinoma[SEP][CLS]West Nile encephalitis","0"
"Atypical Polypoid Adenomyoma[SEP][CLS]adenomyoma","1"
"Childhood Vulvar Botryoid-Type Embryonal Rhabdomyosarcoma[SEP][CLS]sphingolipidosis","0"
"Mixed Cellularity Classic Hodgkin Lymphoma[SEP][CLS]splenic disease","0"
"Childhood Botryoid-Type Embryonal Rhabdomyosarcoma[SEP][CLS]glossopharyngeal nerve disease","0"
"Anterior Cranial Fossa Meningioma[SEP][CLS]lung carcinoma","0"
"Granular Cell Carcinoma[SEP][CLS]vascular disease","0"
"Skin Appendage Neoplasm[SEP][CLS]skin benign neoplasm","1"
"Coccidioidomycosis[SEP][CLS]malignant astrocytoma","0"
"Psychiatric Disorder[SEP][CLS]stomach cancer","0"
"Breast Pericanalicular Fibroadenoma[SEP][CLS]specific developmental disorder","0"
"Vagus Nerve Neoplasm[SEP][CLS]bladder adenocarcinoma","0"
"Glottis Neoplasm[SEP][CLS]spinal canal and spinal cord meningioma","0"
"Polyhydramnios[SEP][CLS]posterior fossa ependymoma","0"
"Hypodiploid B Lymphoblastic Leukemia/Lymphoma[SEP][CLS]B-lymphoblastic leukemia/lymphoma","1"
"Cardiac Tamponade[SEP][CLS]lung benign neoplasm","0"
"Bare Lymphocyte Syndrome[SEP][CLS]cavernous hemangioma","0"
"Granular Cell Leiomyosarcoma[SEP][CLS]benign perivascular tumor","0"
"Ovarian Serous Surface Papillary Adenocarcinoma[SEP][CLS]familial hyperlipidemia","0"
"Dome of the Bladder[SEP][CLS]skin disease","0"
"Penile Fibromatosis[SEP][CLS]osteosclerosis","0"
"Appendicitis[SEP][CLS]ischemia","0"
"Bone Liposarcoma[SEP][CLS]craniopharyngioma","0"
"Testicular Yolk Sac Tumor, Solid Pattern[SEP][CLS]central nervous system benign neoplasm","0"
"Platelet Disorder[SEP][CLS]fallopian tube cancer","0"
"Syringomyelia[SEP][CLS]spinal cord disease","1"
"Dermal Neoplasm[SEP][CLS]neuroma","0"
"Epidural Spinal Canal Meningioma[SEP][CLS]corneal disease","0"
"Acute Myeloid Leukemia with Maturation[SEP][CLS]vulvar benign neoplasm","0"
"Lung Disorder[SEP][CLS]PTEN hamartoma tumor syndrome","0"
"Carotid Artery Dissection[SEP][CLS]islet cell tumor","0"
"Bladder Verrucous Carcinoma[SEP][CLS]monocytic leukemia","0"
"Scleredema Adultorum[SEP][CLS]liposarcoma","0"
"Ascending Cholangitis[SEP][CLS]histiocytosis","0"
"Stutter[SEP][CLS]polyneuropathy","0"
"Megacolon[SEP][CLS]rectum squamous cell carcinoma","0"
"Undescended Testes[SEP][CLS]tertiary neurosyphilis","0"
"Cholestasis[SEP][CLS]degeneration of macula and posterior pole","0"
"Fredrickson Type IV Lipidemia[SEP][CLS]nephroblastoma","0"
"Duodenal Ulcer[SEP][CLS]brain stem cancer","0"
"Myoclonic Epilepsy of Unverricht and Lundborg[SEP][CLS]Waardenburg syndrome","0"
"Squamous Cell Carcinoma[SEP][CLS]mixed glioma","0"
"Maxillary Sinus Adenoid Cystic Carcinoma[SEP][CLS]maxillary sinus cancer","1"
"Mucolipidosis[SEP][CLS]mucolipidosis","1"
"Diffuse Glomerulonephritis[SEP][CLS]laryngitis","0"
"Cervical Verrucous Carcinoma[SEP][CLS]cervical squamous cell carcinoma","1"
"Hemolytic Disease of the Newborn[SEP][CLS]thrombophilia","0"
"Talc Pneumoconiosis[SEP][CLS]skin cancer","0"
"Suprasellar Meningioma[SEP][CLS]uterine cancer","0"
"Cholesteatoma[SEP][CLS]cell type benign neoplasm","0"
"EBV Infection[SEP][CLS]Bartholin's gland carcinoma","0"
"Protein S Deficiency Disease[SEP][CLS]physical disorder","0"
"Mixed Cell Adenoma[SEP][CLS]subglottis cancer","0"
"Cervical Alveolar Soft Part Sarcoma[SEP][CLS]acute promyelocytic leukemia","0"
"Extraosseous Plasmacytoma[SEP][CLS]plasmacytoma","1"
"Prostate Leiomyosarcoma[SEP][CLS]pneumonia","0"
"Adult Central Nervous System Mixed Germ Cell Tumor[SEP][CLS]benign ependymoma","0"
"Erythematosquamous Dermatosis[SEP][CLS]depressive disorder","0"
"Porokeratosis[SEP][CLS]acquired metabolic disease","0"
"Tracheal Adenoid Cystic Carcinoma[SEP][CLS]language disorder","0"
"Gastric Leiomyosarcoma[SEP][CLS]cerebrum cancer","0"
"Broad Ligament Adenocarcinoma[SEP][CLS]Usher syndrome","0"
"Secondary Hypertension[SEP][CLS]breast duct papilloma","0"
"Rectal Signet Ring Cell Adenocarcinoma[SEP][CLS]ovarian cancer","0"
"Sick Sinus Syndrome[SEP][CLS]neuropathy","0"
"Transient Global Amnesia[SEP][CLS]leukemia","0"
"Rift Valley Fever[SEP][CLS]auditory system disease","0"
"Hyperuricemia[SEP][CLS]syndrome","0"
"Brain Sarcoma[SEP][CLS]neurofibroma","0"
"Intracranial Embryonal Tumor, Not Otherwise Specified[SEP][CLS]osteosarcoma","0"
"Intradural Extramedullary Spinal Canal Neoplasm[SEP][CLS]motor neuron disease","0"
"Urethra Disorder[SEP][CLS]nephritis","0"
"Hemangioblastoma[SEP][CLS]urethral disease","0"
"Malignant Cardiac Germ Cell Tumor[SEP][CLS]GM2 gangliosidosis","0"
"Struma Ovarii[SEP][CLS]ovarian germ cell monodermal and highly specialized teratoma","1"
"Duane Syndrome[SEP][CLS]sinusitis","0"
"MELAS Syndrome[SEP][CLS]mitochondrial encephalomyopathy","1"
"Medulloblastoma, SHH-Activated[SEP][CLS]adenocarcinoma","0"
"Leiomyomatosis[SEP][CLS]renal cell carcinoma","0"
"Epithelial-Myoepithelial Carcinoma[SEP][CLS]breast sarcoma","0"
"Vernal Conjunctivitis[SEP][CLS]male infertility","0"
"Childhood Disintegrative Disorder[SEP][CLS]choroid plexus cancer","0"
"Bone Liposarcoma[SEP][CLS]allergic conjunctivitis","0"
"Paraphimosis[SEP][CLS]phimosis","1"
"Adult Acute Lymphoblastic Leukemia[SEP][CLS]pneumoconiosis","0"
"Atypical Intradermal Smooth Muscle Neoplasm[SEP][CLS]skin sarcoma","1"
"Cardiac Leiomyosarcoma[SEP][CLS]hallucinogen dependence","0"
"Neuritis[SEP][CLS]small intestine cancer","0"
"Vitamin B1 Deficiency[SEP][CLS]diffuse large B-cell lymphoma","0"
"Thymoma Type B3[SEP][CLS]biliary tract disease","0"
"Childhood Supratentorial Ependymoma, Not Otherwise Specified[SEP][CLS]lung disease","0"
"Childhood Central Nervous System Germinoma[SEP][CLS]cerebral degeneration","0"
"Malignant Colorectal Neoplasm[SEP][CLS]primary bacterial infectious disease","0"
"Endometrioid Stromal Sarcoma of the Vagina[SEP][CLS]vagina sarcoma","1"
"Ovarian Mucinous Cystadenofibroma[SEP][CLS]paranasal sinus cancer","0"
"Breast Angiosarcoma[SEP][CLS]breast sarcoma","1"
"Pancreatic Mucinous Ductal Ectasia[SEP][CLS]opportunistic mycosis","0"
"Ileitis[SEP][CLS]autoimmune disease of skin and connective tissue","0"
"Peroneal Neuropathy[SEP][CLS]central nervous system benign neoplasm","0"
"Visual Cortex Disorder[SEP][CLS]visual pathway disease","1"
"Herpetic Gastritis[SEP][CLS]brain disease","0"
"Sympathetic Schwannoma[SEP][CLS]glucose metabolism disease","0"
"Childhood Osteosarcoma[SEP][CLS]mouth disease","0"
"Complex Regional Pain Syndrome II[SEP][CLS]leiomyoma","0"
"Vulvar Granular Cell Tumor[SEP][CLS]thymoma","0"
"Hypothalamic Neoplasm[SEP][CLS]diencephalic neoplasm","1"
"Malignant Cutaneous Granular Cell Tumor[SEP][CLS]malignant dermis tumor","1"
"Aorta Disease[SEP][CLS]bladder urachal carcinoma","0"
"Polyarteritis Nodosa[SEP][CLS]urinary system disease","0"
"Hypopituitarism[SEP][CLS]disease of cellular proliferation","0"
"Pinta[SEP][CLS]childhood electroclinical syndrome","0"
"Ovarian Adenosarcoma[SEP][CLS]rectal disease","0"
"Pulmonary Edema[SEP][CLS]irritant dermatitis","0"
"Pancreatic Ductal Adenocarcinoma[SEP][CLS]supratentorial ependymoma","0"
"Cerebral Sarcoidosis[SEP][CLS]breast carcinoma","0"
"Lung Acinar Adenocarcinoma[SEP][CLS]lung adenocarcinoma","1"
"Babesiosis[SEP][CLS]mature T-cell and NK-cell lymphoma","0"
"von Willebrand Disease, Type 3[SEP][CLS]carcinoma","0"
"Dracunculiasis[SEP][CLS]thyroid gland disease","0"
"Thyroid Carcinoma Arising in Struma Ovarii[SEP][CLS]meningioma","0"
"Metabolic Syndrome[SEP][CLS]prolymphocytic leukemia","0"
"Mixed Astrocytoma-Ependymoma-Oligodendroglioma[SEP][CLS]embryonal tumor with multilayered rosettes","0"
"Primary Peritoneal Serous Adenocarcinoma[SEP][CLS]adult brain stem glioma","0"
"Dacryocystitis[SEP][CLS]mouth disease","0"
"Pulmonary Alveolar Proteinosis[SEP][CLS]syndrome","0"
"Coccidioidomycosis[SEP][CLS]primary systemic mycosis","1"
"Legionellosis[SEP][CLS]primary bacterial infectious disease","1"
"Infertility[SEP][CLS]reproductive system disease","1"
"Pathological Gambling[SEP][CLS]mixed cell type cancer","0"
"Cutaneous Nodular Melanoma[SEP][CLS]skin melanoma","1"
"Non-Invasive Verrucous Carcinoma of the Penis[SEP][CLS]lymphatic system disease","0"
"Gonadoblastoma[SEP][CLS]hereditary sensory neuropathy","0"
"Addison's Disease[SEP][CLS]eye disease","0"
"Rete Testis Neoplasm[SEP][CLS]rectal disease","0"
"Aortitis[SEP][CLS]iris disease","0"
"Choroid Plexus Neoplasm[SEP][CLS]adenofibroma","0"
"Submucosal Invasive Colon Adenocarcinoma[SEP][CLS]ganglioneuroblastoma","0"
"Spindle Cell Oncocytoma[SEP][CLS]posterior pituitary gland neoplasm","1"
"Lung Leiomyosarcoma[SEP][CLS]meningioma","0"
"Achenbach Syndrome[SEP][CLS]corneal endothelial dystrophy","0"
"Ophthalmoplegia[SEP][CLS]upper respiratory tract disease","0"
"Embryonal Tumor with Multilayered Rosettes[SEP][CLS]leiomyosarcoma","0"
"Malignant Myoepithelioma[SEP][CLS]variable age at onset electroclinical syndrome","0"
"Cerebral Palsy[SEP][CLS]cholestasis","0"
"Vulvovaginitis[SEP][CLS]breast cancer","0"
"Astrocytoma, IDH-Mutant[SEP][CLS]bladder carcinoma","0"
"Lymphangitis[SEP][CLS]bone marrow disease","0"
"Broad Ligament Mucinous Adenocarcinoma[SEP][CLS]pneumonia","0"
"Renal Papillary Adenoma[SEP][CLS]male reproductive system disease","0"
"Macular Degeneration[SEP][CLS]nephroblastoma","0"
"Ataxia with Isolated Vitamin E Deficiency[SEP][CLS]pericardial effusion","0"
"Cervical Verrucous Carcinoma[SEP][CLS]gastrointestinal system benign neoplasm","0"
"Acute Myeloid Leukemia with t(6;9)(p22.3;q34.1); DEK-NUP214[SEP][CLS]colonic disease","0"
"Acquired Hemangioma[SEP][CLS]histone mutated tumor","0"
"Gerstmann-Straussler-Scheinker Disease[SEP][CLS]chondrosarcoma","0"
"Homocystinuria[SEP][CLS]amino acid metabolic disorder","1"
"Parasitic Endophthalmitis[SEP][CLS]testicular disease","0"
"Vitamin K Deficiency[SEP][CLS]autonomic neuropathy","0"
"Polyradiculopathy[SEP][CLS]refractive error","0"
"Syringoma[SEP][CLS]intestinal disease","0"
"Subacute Sclerosing Panencephalitis[SEP][CLS]viral infectious disease","1"
"Rete Ovarii Neoplasm[SEP][CLS]periapical periodontitis","0"
"Esophageal Adenoid Cystic Carcinoma[SEP][CLS]testicular cancer","0"
"Clear Cell Renal Cell Carcinoma[SEP][CLS]pemphigoid","0"
"Erythroleukemia[SEP][CLS]ovarian germ cell teratoma","0"
"Male Orgasmic Disorder[SEP][CLS]sinusitis","0"
"Stiff Person Syndrome[SEP][CLS]mitral valve disease","0"
"Hypoactive Sexual Desire Disorder[SEP][CLS]anus adenocarcinoma","0"
"Malignant Mediastinal Hemangiopericytoma[SEP][CLS]gallbladder disease","0"
"Corticotroph Pituitary Neuroendocrine Tumor[SEP][CLS]proliferative type fibrocystic change of breast","0"
"Metastatic Thyrotroph Pituitary Neuroendocrine Tumor[SEP][CLS]esophageal disease","0"
"Sialadenitis[SEP][CLS]impulse control disorder","0"
"Vernal Conjunctivitis[SEP][CLS]gestational choriocarcinoma","0"
"Fibrillary Astrocytoma[SEP][CLS]testicular yolk sac tumor","0"
"Dermatophytosis of Scalp and Beard[SEP][CLS]dermatitis","0"
"Focal Embolic Glomerulonephritis[SEP][CLS]phagocyte bactericidal dysfunction","0"
"Chronic Atrophic Gastritis[SEP][CLS]mesenchymoma","0"
"Breast Mixed Epithelial/Mesenchymal Metaplastic Carcinoma[SEP][CLS]vulvar benign neoplasm","0"
"Paracoccidioidomycosis[SEP][CLS]meningioma","0"
"Mixed Liposarcoma[SEP][CLS]malignant mesenchymoma","0"
"Hypersensitivity[SEP][CLS]immune system disease","1"
"Tetanic Cataract[SEP][CLS]fallopian tube adenocarcinoma","0"
"Pathological Gambling[SEP][CLS]malignant olfactory nerve neoplasm","0"
"Bronchiectasis[SEP][CLS]malignant mesenchymoma","0"
"Parathyroid Gland Water-Clear Cell Adenoma[SEP][CLS]brain disease","0"
"Galactokinase Deficiency[SEP][CLS]leiomyosarcoma","0"
"Ovarian Small Cell Carcinoma, Hypercalcemic Type[SEP][CLS]intestinal disease","0"
"Primary Peritoneal Serous Adenocarcinoma[SEP][CLS]neutropenia","0"
"Invasive Bladder Microcystic Urothelial Carcinoma[SEP][CLS]germ cell benign neoplasm","0"
"Ulcerative Stomatitis[SEP][CLS]skin benign neoplasm","0"
"Gastric Signet Ring Cell Adenocarcinoma[SEP][CLS]blepharitis","0"
"Paraplegia[SEP][CLS]hyperparathyroidism","0"
"Malignant Chest Wall Bone Neoplasm[SEP][CLS]bone cancer","1"
"Vulvar Sebaceous Carcinoma[SEP][CLS]thrombophilia","0"
"Childhood Oligodendroglioma[SEP][CLS]osteosarcoma","0"
"Urethral Clear Cell Adenocarcinoma[SEP][CLS]Goodpasture syndrome","0"
"Beta Thalassemia Major[SEP][CLS]appendix cancer","0"
"Breast Signet Ring Cell Carcinoma[SEP][CLS]breast adenocarcinoma","1"
"Breast Scirrhous Carcinoma[SEP][CLS]malignant peripheral nerve sheath tumor","0"
"Impulse-Control Disorder[SEP][CLS]eye disease","0"
"Laryngeal Leiomyosarcoma[SEP][CLS]synovial sarcoma","0"
"Internal Auditory Canal Meningioma[SEP][CLS]cervical mucinous adenocarcinoma","0"
"Metastatic Carotid Body Paraganglioma[SEP][CLS]alopecia","0"
"Cryptogenic Organizing Pneumonia[SEP][CLS]fibrosarcoma","0"
"Mixed Cell Adenoma[SEP][CLS]adenoma","1"
"Maxillary Sinus Papilloma[SEP][CLS]basal cell carcinoma","0"
"Polycythaemia due to Excess Erythropoetin Production[SEP][CLS]mouth disease","0"
"Childhood Acute Myeloid Leukemia[SEP][CLS]breast duct papilloma","0"
"Rectosigmoid Carcinoma[SEP][CLS]ovarian cystadenocarcinoma","0"
"Acute Intestinal Ischemia[SEP][CLS]intestinal disease","1"
"Beta Thalassemia Major[SEP][CLS]mixed type thymoma","0"
"Ornithosis[SEP][CLS]primary bacterial infectious disease","1"
"Differentiated Thyroid Gland Carcinoma[SEP][CLS]delusional disorder","0"
"Bartholin Gland Cyst[SEP][CLS]bladder urothelial carcinoma","0"
"Facial Hemiatrophy[SEP][CLS]primary cutaneous T-cell non-Hodgkin lymphoma","0"
"Cardiac Sarcoidosis[SEP][CLS]mesenchymal cell neoplasm","0"
"Neonatal Jaundice[SEP][CLS]cystic teratoma","0"
"Spinal Meningioma[SEP][CLS]aphasia","0"
"Rectosigmoid Neoplasm[SEP][CLS]iris disease","0"
"Hepatoerythropoietic Porphyria[SEP][CLS]thymus gland disease","0"
"Blepharoconjunctivitis[SEP][CLS]mitral valve disease","0"
"Zollinger Ellison Syndrome[SEP][CLS]renal agenesis","0"
"Vulvar Alveolar Soft Part Sarcoma[SEP][CLS]renal agenesis","0"
"Disseminated Intravascular Coagulation[SEP][CLS]ovarian papillary neoplasm","0"
"Pulmonary Valvular Insufficiency[SEP][CLS]stomach cancer","0"
"Lung Mucous Gland Adenoma[SEP][CLS]bronchus adenoma","1"
"N1 Diffuse Large B-Cell Lymphoma[SEP][CLS]lung disease","0"
"Primary Cutaneous T-Cell Non-Hodgkin Lymphoma[SEP][CLS]supratentorial ependymoma","0"
"Dyschromatosis Universalis Hereditaria[SEP][CLS]brain disease","0"
"Vitamin B1 Deficiency[SEP][CLS]salivary gland carcinoma","0"
"Hair Follicle Neoplasm[SEP][CLS]carbohydrate metabolic disorder","0"
"Tricuspid Valve Stenosis[SEP][CLS]pigmentation disease","0"
"Ovarian Serous Surface Papillary Adenocarcinoma[SEP][CLS]benign ependymoma","0"
"Anal Disorder[SEP][CLS]rectal disease","1"
"Angiomatous Meningioma[SEP][CLS]adenocarcinoma","0"
"Kernicterus Related to Isoimmunization[SEP][CLS]bone inflammation disease","0"
"Dumping Syndrome[SEP][CLS]lung disease","0"
"Chronic Ethmoidal Sinusitis[SEP][CLS]esophagus adenocarcinoma","0"
"Acute Intermittent Porphyria[SEP][CLS]acute porphyria","1"
"Pharyngeal Neoplasm[SEP][CLS]glomerulonephritis","0"
"Lymphohistiocytoid Mesothelioma[SEP][CLS]syndrome","0"
"Malignant Hard Palate Neoplasm[SEP][CLS]mixed testicular germ cell tumor","0"
"Bronchopneumonia[SEP][CLS]sclerosing cholangitis","0"
"Empty Sella Syndrome[SEP][CLS]pulmonary blastoma","0"
"Complex Regional Pain Syndrome I[SEP][CLS]malignant fibrous histiocytoma","0"
"Urinary Tract Obstruction[SEP][CLS]tinea capitis","0"
"Neurofibromatosis Type 1[SEP][CLS]purine-pyrimidine metabolic disorder","0"
"Osteosarcoma Arising in Paget Disease of Bone[SEP][CLS]ovary adenocarcinoma","0"
"Columnar Cell Variant Thyroid Gland Papillary Carcinoma[SEP][CLS]pneumoconiosis","0"
"Herpes Simplex Virus Infection[SEP][CLS]lung non-small cell carcinoma","0"
"Mucinous Adenofibroma[SEP][CLS]inner ear disease","0"
"Movement Disorder[SEP][CLS]lipid metabolism disorder","0"
"Bladder Papillary Clear Cell Adenocarcinoma[SEP][CLS]penile disease","0"
"Rete Ovarii Neoplasm[SEP][CLS]kidney disease","0"
"Demyelinating Disorder[SEP][CLS]prostate rhabdomyosarcoma","0"
"Syndrome of Inappropriate Antidiuretic Hormone Secretion[SEP][CLS]congenital heart disease","0"
"Evans Syndrome[SEP][CLS]skin disease","0"
"Emphysematous Cholecystitis[SEP][CLS]cholecystitis","1"
"Anovulation[SEP][CLS]bladder benign neoplasm","0"
"Gynatresia[SEP][CLS]breast adenocarcinoma","0"
"Childhood Germ Cell Tumor[SEP][CLS]pancreas disease","0"
"Synovitis[SEP][CLS]long QT syndrome","0"
"Childhood Meningioma[SEP][CLS]hematopoietic system disease","0"
"Adult Botryoid-Type Embryonal Rhabdomyosarcoma[SEP][CLS]essential hypertension","0"
"Prostate Leiomyosarcoma[SEP][CLS]optic nerve disease","0"
"Non-Specific Granulomatous Orchitis[SEP][CLS]vulvar benign neoplasm","0"
"Sturge-Weber Syndrome[SEP][CLS]gastrointestinal system disease","0"
"Breast Peripheral Papilloma[SEP][CLS]penile disease","0"
"Aggressive Systemic Mastocytosis[SEP][CLS]viral infectious disease","0"
"Breast Fibrocystic Change[SEP][CLS]keratosis","0"
"Borderline Personality Disorder[SEP][CLS]multiple sclerosis","0"
"Childhood Malignant Peripheral Nerve Sheath Tumor[SEP][CLS]leiomyosarcoma","0"
"Female Urethral Malignant Neoplasm[SEP][CLS]urethra cancer","1"
"Typhoid Fever[SEP][CLS]primary bacterial infectious disease","1"
"Malignant Sublingual Gland Neoplasm[SEP][CLS]supratentorial cancer","0"
"Intrahepatic Bile Duct Adenoma[SEP][CLS]respiratory system disease","0"
"Nipple Carcinoma[SEP][CLS]myocardial infarction","0"
"Verrucous Hemangioma[SEP][CLS]malignant peripheral nerve sheath tumor","0"
"Nerve Root Neoplasm[SEP][CLS]vaginal cancer","0"
"Endometrial Mixed Cell Adenocarcinoma[SEP][CLS]peptic ulcer disease","0"
"Pericholangitis[SEP][CLS]eye disease","0"
"Malignant Uterine Corpus Mixed Epithelial and Mesenchymal Neoplasm[SEP][CLS]dermatitis","0"
"Fibroosseous Pseudotumor of Digits[SEP][CLS]thrombocytopenia","0"
"Pericardial Effusion[SEP][CLS]aortic valve disease","0"
"Meningeal Melanocytoma[SEP][CLS]lymphangioma","0"
"Epididymal Neoplasm[SEP][CLS]mouth disease","0"
"Notochordal Tumor[SEP][CLS]cell type benign neoplasm","0"
"Macrotrabecular Hepatoblastoma[SEP][CLS]acute porphyria","0"
"Ovarian Mucinous Adenofibroma[SEP][CLS]bladder disease","0"
"Familial Hypertrophic Cardiomyopathy[SEP][CLS]breast benign neoplasm","0"
"Medulloblastoma with Extensive Nodularity[SEP][CLS]brain disease","0"
"Papillary Adenofibroma[SEP][CLS]neurofibroma","0"
"Ovarian Endometrioid Adenocarcinofibroma[SEP][CLS]ovarian carcinosarcoma","1"
"Mucinous Cystadenocarcinoma[SEP][CLS]liver disease","0"
"Prolymphocytic Leukemia[SEP][CLS]chronic lymphocytic leukemia","1"
"Encephalomalacia[SEP][CLS]hydrocephalus","0"
"Lung Neuroendocrine Neoplasm[SEP][CLS]sarcoidosis","0"
"Hyperphosphatemia[SEP][CLS]combined immunodeficiency","0"
"Epiglottis Neoplasm[SEP][CLS]viral infectious disease","0"
"Interstitial Cystitis[SEP][CLS]retinal vein occlusion","0"
"Phlebitis[SEP][CLS]thrombophilia","0"
"Mesangial Proliferative Glomerulonephritis[SEP][CLS]glomerulonephritis","1"
"Restless Leg Syndrome[SEP][CLS]integumentary system disease","0"
"Nodular Sclerosis Classic Hodgkin Lymphoma[SEP][CLS]hemangioma","0"
"Childhood Brain Stem Glioma[SEP][CLS]tracheal disease","0"
"Acantholytic Acanthoma[SEP][CLS]heart disease","0"
"Infant-Type Hemispheric Glioma[SEP][CLS]prostate adenocarcinoma","0"
"Small Intestinal L-Cell Glucagon-Like Peptide-Producing Neuroendocrine Tumor[SEP][CLS]B-lymphoblastic leukemia/lymphoma","0"
"Metanephric Adenoma[SEP][CLS]spinal cord disease","0"
"Childhood Ovarian Embryonal Carcinoma[SEP][CLS]rectum sarcoma","0"
"Hepatitis B Infection[SEP][CLS]neurofibromatosis","0"
"Wolff-Parkinson-White Syndrome[SEP][CLS]encephalitis","0"
"Lung Small Cell Carcinoma[SEP][CLS]germ cell and embryonal cancer","0"
"Inflammatory Atypical Lipomatous Tumor/Well Differentiated Liposarcoma[SEP][CLS]brain angioma","0"
"Miller Fisher Syndrome[SEP][CLS]lung adenocarcinoma","0"
"Uterine Corpus Adenomyoma[SEP][CLS]cell type benign neoplasm","0"
"Early Yaws[SEP][CLS]yaws","1"
"Chondroma[SEP][CLS]intestinal disease","0"
"Pseudohypoaldosteronism[SEP][CLS]neuropathy","0"
"Hypertensive Encephalopathy[SEP][CLS]high grade ependymoma","0"
"Nonossifying Fibromyxoid Tumor[SEP][CLS]anxiety disorder","0"
"Toxoplasmosis[SEP][CLS]myocardial infarction","0"
"Caries[SEP][CLS]intestinal disease","0"
"Paranoid Type Schizophrenia[SEP][CLS]fallopian tube carcinosarcoma","0"
"Frontal Sinusitis[SEP][CLS]mixed glioma","0"
"EWSR1-Negative Small Round Cell Tumor[SEP][CLS]anemia","0"
"Kawasaki Disease[SEP][CLS]autoimmune disease of endocrine system","0"
"Meningothelial Meningioma[SEP][CLS]embryonal cancer","0"
"Subacute Bacterial Endocarditis[SEP][CLS]bladder benign neoplasm","0"
"Extratemporal Epilepsy[SEP][CLS]coronary artery disease","0"
"Hairy Cell Leukemia Variant[SEP][CLS]breast duct papilloma","0"
"Medulloblastoma, Non-WNT/Non-SHH, Group 3[SEP][CLS]sinoatrial node disease","0"
"Lung Disorder[SEP][CLS]parasitic helminthiasis infectious disease","0"
"Ciliary Motility Defect[SEP][CLS]heart disease","0"
"Multicentric Thyroid Gland Papillary Carcinoma[SEP][CLS]thyroid gland papillary carcinoma","1"
"Extraskeletal Osteosarcoma[SEP][CLS]vulva squamous cell carcinoma","0"
"Hypoparathyroidism[SEP][CLS]bile duct disease","0"
"Vaginal Squamous Papilloma[SEP][CLS]GM2 gangliosidosis","0"
"Anal Leiomyosarcoma[SEP][CLS]tricuspid valve disease","0"
"Neonatal Thyrotoxicosis[SEP][CLS]food allergy","0"
"Distal-Type Epithelioid Sarcoma[SEP][CLS]artery disease","0"
"B-Cell Non-Hodgkin Lymphoma[SEP][CLS]paraphilia disorder","0"
"Angiomyolipoma[SEP][CLS]cell type benign neoplasm","1"
"Spindle Cell Rhabdomyosarcoma[SEP][CLS]polycythemia","0"
"Necrotizing Ulcerative Gingivitis[SEP][CLS]male reproductive system disease","0"
"Macular Edema[SEP][CLS]anus adenocarcinoma","0"
"Mediastinal Psammomatous Schwannoma[SEP][CLS]central nervous system disease","0"
"Primary Carnitine Deficiency[SEP][CLS]syndrome","0"
"Bladder Signet Ring Cell Adenocarcinoma[SEP][CLS]congenital heart disease","0"
"Leber Hereditary Optic Atrophy[SEP][CLS]cervical adenomyoma","0"
"Vaginal Endometrioid Stromal and Related Neoplasms[SEP][CLS]islet cell tumor","0"
"Central Nervous System Disorder[SEP][CLS]pyelonephritis","0"
"Synovitis[SEP][CLS]hidradenoma","0"
"Dissociative Identity Disorder[SEP][CLS]dissociative disorder","1"
"B Lymphoblastic Leukemia/Lymphoma with Intrachromosomal Amplification of Chromosome 21[SEP][CLS]hepatocellular carcinoma","0"
"Spinal Muscular Atrophy Type 3[SEP][CLS]muscle benign neoplasm","0"
"Malignant Myoepithelioma[SEP][CLS]corneal disease","0"
"Leukorrhea[SEP][CLS]muscle cancer","0"
"Amnesia[SEP][CLS]penile disease","0"
"Soft Tissue Chondroma[SEP][CLS]nephritis","0"
"Diffuse Low Grade Glioma, MAPK Pathway-Altered[SEP][CLS]ethmoid sinusitis","0"
"Pineocytoma[SEP][CLS]muscle tissue disease","0"
"Rhabdoid Tumor[SEP][CLS]childhood kidney cancer","1"
"Salpingitis[SEP][CLS]fallopian tube disease","1"
"Acanthosis Nigricans[SEP][CLS]central nervous system embryonal tumor","0"
"Neonatal Diabetes Mellitus[SEP][CLS]pharynx cancer","0"
"Infiltrating Bladder Urothelial Carcinoma, Lymphoma-Like Variant[SEP][CLS]urinary system disease","0"
"Malignant Glottis Neoplasm[SEP][CLS]lacrimal apparatus disease","0"
"Adult Meningeal Melanoma[SEP][CLS]lipomatosis","0"
"Telangiectatic Osteosarcoma[SEP][CLS]plasma protein metabolism disease","0"
"Clear Cell Hidradenoma[SEP][CLS]pancreas disease","0"
"Skin Nodular Basal Cell Carcinoma[SEP][CLS]squamous cell neoplasm","0"
"Encephalomyelitis[SEP][CLS]aplastic anemia","0"
"Selective IgG Immunodeficiency[SEP][CLS]aortic valve disease","0"
"Uveal Necrotic Melanoma[SEP][CLS]pre-malignant neoplasm","0"
"Skin Nodular Basal Cell Carcinoma[SEP][CLS]phlebitis","0"
"Frontal Sinus Papilloma[SEP][CLS]inflammatory and toxic neuropathy","0"
"Conventional Fibrosarcoma[SEP][CLS]fibrosarcoma","1"
"Undifferentiated High Grade Pleomorphic Sarcoma of Bone[SEP][CLS]pancreatic intraductal papillary-colloid carcinoma","0"
"Spindle Cell Squamous Cell Carcinoma[SEP][CLS]carcinoma","0"
"Interstitial Nephritis[SEP][CLS]ovary adenocarcinoma","0"
"Thymic Clear Cell Carcinoma[SEP][CLS]carbohydrate metabolic disorder","0"
"Yellow Fever Virus Infection[SEP][CLS]viral infectious disease","1"
"Colitis[SEP][CLS]inflammatory bowel disease","1"
"Pyelitis[SEP][CLS]diffuse large B-cell lymphoma","0"
"Membranoproliferative Glomerulonephritis[SEP][CLS]nephritis","0"
"Pleomorphic Carcinoma[SEP][CLS]lung squamous cell carcinoma","0"
"Frontal Lobe Neoplasm[SEP][CLS]chromosomal deletion syndrome","0"
"Liver Leiomyosarcoma[SEP][CLS]non-Hodgkin lymphoma","0"
"Tricuspid Valve Insufficiency[SEP][CLS]primary bacterial infectious disease","0"
"Malignant Tenosynovial Giant Cell Tumor[SEP][CLS]plasma cell neoplasm","0"
"Benign Teratoma[SEP][CLS]bladder adenocarcinoma","0"
"Microcephaly[SEP][CLS]congenital nervous system abnormality","1"
"Dyschromatosis Universalis Hereditaria[SEP][CLS]pigmentation disease","1"
"Renal Osteodystrophy[SEP][CLS]lung small cell carcinoma","0"
"Rheumatologic Disorder[SEP][CLS]uterine benign neoplasm","0"
"Divergent Strabismus[SEP][CLS]chordoma","0"
"Pleomorphic Rhabdomyosarcoma[SEP][CLS]extrinsic allergic alveolitis","0"
"Pyruvate Dehydrogenase Deficiency[SEP][CLS]motor neuron disease","0"
"Croup[SEP][CLS]lung large cell carcinoma","0"
"Cerebral Convexity Meningioma[SEP][CLS]arthritis","0"
"Congenital Glaucoma[SEP][CLS]skin disease","0"
"Congenital Pure Red Cell Aplasia[SEP][CLS]IDH-mutant anaplastic astrocytoma","0"
"Secondary Polycythemia[SEP][CLS]polycythemia","1"
"Penile Leukoplakia[SEP][CLS]malignant mediastinal neurogenic neoplasm","0"
"Sphenoidal Sinusitis[SEP][CLS]hemangioma","0"
"Acute Cervicitis[SEP][CLS]salivary gland cancer","0"
"Eyelid Melanoma[SEP][CLS]breast disease","0"
"Complete Androgen Insensitivity Syndrome[SEP][CLS]penis squamous cell carcinoma","0"
"Protoplasmic Astrocytoma[SEP][CLS]ovarian papillary neoplasm","0"
"Refractive Error[SEP][CLS]cerebellum cancer","0"
"Chronic Myelomonocytic Leukemia[SEP][CLS]reflex epilepsy","0"
"Lung Adenoid Cystic Carcinoma[SEP][CLS]color blindness","0"
"Coccidioidomycosis[SEP][CLS]female reproductive organ benign neoplasm","0"
"Corneal Abscess[SEP][CLS]osteochondrodysplasia","0"
"Stomatitis[SEP][CLS]vulva carcinoma","0"
"Malignant Type AB Thymoma[SEP][CLS]radiculopathy","0"
"Papillary Tumor of the Pineal Region[SEP][CLS]adrenal gland pheochromocytoma","0"
"Dentatorubral-Pallidoluysian Atrophy[SEP][CLS]fallopian tube adenocarcinoma","0"
"Dermatitis Herpetiformis[SEP][CLS]visceral heterotaxy","0"
"Ampulla of Vater Small Cell Neuroendocrine Carcinoma[SEP][CLS]tooth disease","0"
"Staphylococcal Food Poisoning[SEP][CLS]dental pulp disease","0"
"Paronychia[SEP][CLS]carcinoma","0"
"Peripheral Primitive Neuroectodermal Tumor of Soft Tissues[SEP][CLS]parathyroid adenoma","0"
"Hepatic Encephalopathy[SEP][CLS]bladder squamous cell carcinoma","0"
"Rabies[SEP][CLS]Joubert syndrome","0"
"Hepatolenticular Degeneration[SEP][CLS]subglottis cancer","0"
"Metabolic Syndrome[SEP][CLS]spinal canal and spinal cord meningioma","0"
"Amblyopia[SEP][CLS]prostate sarcoma","0"
"Tracheal Stenosis[SEP][CLS]rectosigmoid junction cancer","0"
"Leber Hereditary Optic Atrophy[SEP][CLS]nutritional deficiency disease","0"
"Acute Myeloid Leukemia with BCR-ABL1[SEP][CLS]malaria","0"
"Focal Segmental Glomerulosclerosis[SEP][CLS]cystadenocarcinoma","0"
"Polycythemia Vera[SEP][CLS]pancreas disease","0"
"Myopathy[SEP][CLS]ovarian dysfunction","0"
"Synovial Neoplasm[SEP][CLS]parasitic helminthiasis infectious disease","0"
"Adult Pineoblastoma[SEP][CLS]cell type benign neoplasm","0"
"Mixed Cellularity Classic Hodgkin Lymphoma[SEP][CLS]bladder carcinoma","0"
"Pituitary Gland Mixed Acidophil-Basophil Adenoma[SEP][CLS]posterior pituitary gland neoplasm","0"
"Rosette-Forming Glioneuronal Tumor[SEP][CLS]salpingitis","0"
"Childhood Ovarian Dysgerminoma[SEP][CLS]central nervous system benign neoplasm","0"
"Childhood Testicular Germ Cell Tumor[SEP][CLS]testicular germ cell cancer","1"
"Chronic Lymphocytic Leukemia/Small Lymphocytic Lymphoma[SEP][CLS]invasive bladder transitional cell carcinoma","0"
"Pulmonary Interstitial Emphysema[SEP][CLS]vulva adenocarcinoma","0"
"Childhood Malignant Mesenchymoma[SEP][CLS]disorder of sexual development","0"
"Ovarian Fetiform Teratoma[SEP][CLS]tricuspid valve disease","0"
"Cavernous Hemangioma of the Face[SEP][CLS]cavernous hemangioma","1"
"Pilar Sheath Acanthoma[SEP][CLS]mixed type thymoma","0"
"Amenorrhea[SEP][CLS]ovarian cystadenocarcinoma","0"
"Cryptophthalmia[SEP][CLS]pilocytic astrocytoma","0"
"Ankylosis[SEP][CLS]fundus dystrophy","0"
"Ovarian Sex Cord-Stromal Tumor[SEP][CLS]non-Hodgkin lymphoma","0"
"Yaws[SEP][CLS]blood coagulation disease","0"
"Breast Medullary Carcinoma[SEP][CLS]breast adenocarcinoma","1"
"Periosteal Chondrosarcoma[SEP][CLS]ovarian cystadenocarcinoma","0"
"Myositis Ossificans[SEP][CLS]sebaceous gland disease","0"
"Solitary Breast Cyst[SEP][CLS]connective tissue benign neoplasm","0"
"Echinococcosis[SEP][CLS]bone benign neoplasm","0"
"Vulvar Leiomyoma[SEP][CLS]vulvar benign neoplasm","1"
"Conventional Malignant Hemangiopericytoma[SEP][CLS]kidney disease","0"
"Anaplastic Astrocytoma, IDH-Wildtype[SEP][CLS]tracheal disease","0"
"Lipoatrophic Diabetes Mellitus[SEP][CLS]breast carcinoma","0"
"Skin Liposarcoma[SEP][CLS]stromal dystrophy","0"
"Adult Brain Stem Glioma[SEP][CLS]prostate rhabdomyosarcoma","0"
"Endometrial Mixed Cell Adenocarcinoma[SEP][CLS]acquired metabolic disease","0"
"Nasal Cavity Disorder[SEP][CLS]mononeuropathy","0"
"Hyperglycemia[SEP][CLS]plasmacytoma","0"
"Cervical Intraspinal Meningioma[SEP][CLS]gingival disease","0"
"Epicardial Neoplasm[SEP][CLS]cholangitis","0"
"Toxoplasmosis[SEP][CLS]amnestic disorder","0"
"Retinal Tear[SEP][CLS]retinal detachment","1"
"Benign Granular Cell Tumor[SEP][CLS]diffuse large B-cell lymphoma","0"
"Gastric Ulcer[SEP][CLS]lymphedema","0"
"Acute Basophilic Leukemia[SEP][CLS]skin cancer","0"
"Pleomorphic Carcinoma[SEP][CLS]fallopian tube cancer","0"
"Neuroendocrine Neoplasm[SEP][CLS]malignant astrocytoma","0"
"VIP-Producing Neuroendocrine Tumor[SEP][CLS]adult brain stem glioma","0"
"Nasopharyngeal-Type Undifferentiated Carcinoma[SEP][CLS]bone osteosarcoma","0"
"Pyelonephritis[SEP][CLS]renal cell carcinoma","0"
"Mitral Valve Stenosis[SEP][CLS]mitral valve disease","1"
"Juvenile Myelomonocytic Leukemia[SEP][CLS]squamous cell carcinoma","0"
"Liver Fibrosarcoma[SEP][CLS]liver sarcoma","1"
"Cervical Melanoma[SEP][CLS]cervical cancer","1"
"Granular Cell Carcinoma[SEP][CLS]sebaceous gland neoplasm","0"
"Type 2 Diabetes Mellitus[SEP][CLS]benign mesothelioma","0"
"Liver Fibrosarcoma[SEP][CLS]bile duct disease","0"
"Diabetic Autonomic Neuropathy[SEP][CLS]parasitic protozoa infectious disease","0"
"Aromatic L-Amino-Acid Decarboxylase Deficiency[SEP][CLS]nasopharyngeal disease","0"
"Hallermann Syndrome[SEP][CLS]spastic cerebral palsy","0"
"Esophageal Mucoepidermoid Carcinoma[SEP][CLS]testicular disease","0"
"Juvenile Pilocytic Astrocytoma[SEP][CLS]posterior fossa ependymoma","0"
"Hidradenitis Suppurativa[SEP][CLS]Hodgkin's lymphoma","0"
"Hepatitis A Infection[SEP][CLS]viral infectious disease","1"
"Nystagmus[SEP][CLS]anterior cranial fossa meningioma","0"
"Splenic Manifestation of Hairy Cell Leukemia[SEP][CLS]gingivitis","0"
"Cervical Endometrioid Stromal and Related Neoplasms[SEP][CLS]optic nerve neoplasm","0"
"Thyroid Gland Disorder[SEP][CLS]ureteral disease","0"
"Hypertension[SEP][CLS]malignant peripheral nerve sheath tumor","0"
"Eosinophilic Esophagitis[SEP][CLS]gastritis","0"
"Bladder Squamous Papilloma[SEP][CLS]ovarian cystadenoma","0"
"Endometrioid Stromal Sarcoma of the Vagina[SEP][CLS]gastrointestinal system benign neoplasm","0"
"Anthracosis[SEP][CLS]ovarian benign neoplasm","0"
"Chronic Pyelonephritis[SEP][CLS]dermatomycosis","0"
"Non-Muscle Invasive Bladder Carcinoma[SEP][CLS]Ewing sarcoma of bone","0"
"Broad Ligament Adenocarcinoma[SEP][CLS]anemia","0"
"Extrahepatic Bile Duct Embryonal Rhabdomyosarcoma[SEP][CLS]colonic disease","0"
"Yolk Sac Tumor[SEP][CLS]inner ear disease","0"
"Primary Hypertrophic Osteoarthropathy[SEP][CLS]laryngeal disease","0"
"Breast Large Cell Neuroendocrine Carcinoma[SEP][CLS]primary cutaneous T-cell non-Hodgkin lymphoma","0"
"Polymorphous Low Grade Neuroepithelial Tumor of the Young[SEP][CLS]central nervous system benign neoplasm","1"
"Adult Teratoma[SEP][CLS]meningioma","0"
"Castration-Resistant Prostate Carcinoma[SEP][CLS]carbohydrate metabolic disorder","0"
"Medulloblastoma, SHH-Activated, TP53-Mutant[SEP][CLS]optic nerve disease","0"
"Nicotine Dependence[SEP][CLS]nephroblastoma","0"
"Atypical Spindle Cell/Pleomorphic Lipomatous Tumor[SEP][CLS]breast adenocarcinoma","0"
"Fasciolopsiasis[SEP][CLS]Bartholin's gland disease","0"
"Early Invasive Cervical Adenocarcinoma[SEP][CLS]cervical adenocarcinoma","1"
"Learning Disorder[SEP][CLS]aleukemic leukemia","0"
"Alcoholic Cardiomyopathy[SEP][CLS]personality disorder","0"
"Benign Essential Hypertension[SEP][CLS]peritoneal carcinoma","0"
"Metabolic Disorder[SEP][CLS]carcinoma","0"
"Fibrous Histiocytoma[SEP][CLS]drug dependence","0"
"Breast Flat Ductal Epithelial Atypia[SEP][CLS]parosteal osteosarcoma","0"
"Squamous Papilloma[SEP][CLS]vascular cancer","0"
"Neonatal Thyrotoxicosis[SEP][CLS]thyrotoxicosis","1"
"Notochordal Tumor[SEP][CLS]fallopian tube cancer","0"
"Appendix Neoplasm[SEP][CLS]respiratory failure","0"
"Hepatorenal Syndrome[SEP][CLS]childhood spinal muscular atrophy","0"
"Melioidosis[SEP][CLS]myocardial infarction","0"
"Meningeal Melanoma[SEP][CLS]functional gastric disease","0"
"Laryngitis[SEP][CLS]pleural empyema","0"
"Immature Ovarian Teratoma[SEP][CLS]prostate sarcoma","0"
"Malignant Gingival Neoplasm[SEP][CLS]urinary system disease","0"
"Solitary Plasmacytoma of Bone[SEP][CLS]cervical squamous cell carcinoma","0"
"Cerebellopontine Angle Schwannoma[SEP][CLS]urethral disease","0"
"Pancreatic Colloid Carcinoma[SEP][CLS]malignant astrocytoma","0"
"Freeman-Sheldon Syndrome[SEP][CLS]adrenal cortical hypofunction","0"
"Facial Nerve Neoplasm[SEP][CLS]malignant giant cell tumor","0"
"Pituitary Gland Mixed Acidophil-Basophil Adenoma[SEP][CLS]epilepsy","0"
"Constrictive Pericarditis[SEP][CLS]bone giant cell tumor","0"
"Childhood Ovarian Teratoma[SEP][CLS]ovarian germ cell teratoma","1"
"Retinoschisis[SEP][CLS]differentiated thyroid gland carcinoma","0"
"Esophageal Disorder[SEP][CLS]specific developmental disorder","0"
"Malignant Postcricoid Neoplasm[SEP][CLS]renal tubular transport disease","0"
"Rheumatologic Disorder[SEP][CLS]kidney disease","0"
"Carotid Artery Stenosis[SEP][CLS]peripheral nerve schwannoma","0"
"Childhood Renal Cell Carcinoma[SEP][CLS]intestinal disease","0"
"Cutis Laxa[SEP][CLS]microglandular adenosis","0"
"Mature Ovarian Teratoma[SEP][CLS]endocrine organ benign neoplasm","0"
"Peripheral Retinal Degeneration[SEP][CLS]carbohydrate metabolic disorder","0"
"Hodgkin Lymphoma[SEP][CLS]opportunistic mycosis","0"
"Wolff-Parkinson-White Syndrome[SEP][CLS]basal cell carcinoma","0"
"Malignant Childhood Hemangiopericytoma[SEP][CLS]hyperpituitarism","0"
"Lysinuric Protein Intolerance[SEP][CLS]hemangioma","0"
"Acute Atopic Conjunctivitis[SEP][CLS]nodular ganglioneuroblastoma","0"
"Struma Ovarii[SEP][CLS]syndrome","0"
"Hereditary Spherocytosis[SEP][CLS]conjunctival cancer","0"
"Pulmonary Embolism[SEP][CLS]uterine benign neoplasm","0"
"Testicular Polyembryoma[SEP][CLS]dysgammaglobulinemia","0"
"Exudative Glomerulonephritis[SEP][CLS]malignant giant cell tumor","0"
"Syndactyly[SEP][CLS]lysosomal storage disease","0"
"Polyhydramnios[SEP][CLS]Joubert syndrome","0"
"Valvular Heart Disorder[SEP][CLS]hypersensitivity reaction type IV disease","0"
"Benign Meningioma[SEP][CLS]peroxisomal disease","0"
"Leprosy[SEP][CLS]syndrome","0"
"Pseudobulbar Palsy[SEP][CLS]psychosexual disorder","0"
"Pharyngeal Neoplasm[SEP][CLS]endometrial adenocarcinoma","0"
"Medulloblastoma, SHH-Activated[SEP][CLS]distal arthrogryposis","0"
"Binocular Vision Disorder[SEP][CLS]sphingolipidosis","0"
"Borrelia Burgdorferi Infection[SEP][CLS]inherited metabolic disorder","0"
"Retinal Tear[SEP][CLS]fallopian tube disease","0"
"Impetigo[SEP][CLS]inherited metabolic disorder","0"
"Chronic Cholangitis[SEP][CLS]cerebral degeneration","0"
"Cerebellopontine Angle Embryonal Tumor, Not Otherwise Specified[SEP][CLS]cervical carcinosarcoma","0"
"Well Differentiated Papillary Mesothelial Tumor[SEP][CLS]B cell deficiency","0"
"Skin Sclerosing/Morphoeic Basal Cell Carcinoma[SEP][CLS]cerebrum cancer","0"
"Vulvar Angiokeratoma[SEP][CLS]motor neuron disease","0"
"Pancreatic Insufficiency[SEP][CLS]carbohydrate metabolic disorder","0"
"Refractory T Lymphoblastic Leukemia/Lymphoma[SEP][CLS]Hodgkin's lymphoma","0"
"Ehlers-Danlos Syndrome[SEP][CLS]adenomyoma","0"
"Urticaria Pigmentosa/Maculopapular Cutaneous Mastocytosis[SEP][CLS]central nervous system melanocytic neoplasm","0"
"Uterine Corpus Endometrial Stromal Sarcoma[SEP][CLS]thyroid gland adenocarcinoma","0"
"Type 2 Renal Papillary Adenoma[SEP][CLS]chromophil adenoma of the kidney","1"
"Carcinoma ex Pleomorphic Adenoma[SEP][CLS]multiple sclerosis","0"
"Emphysematous Cholecystitis[SEP][CLS]syndrome","0"
"Exanthem[SEP][CLS]mesenchymoma","0"
"Lacrimal Mucocele[SEP][CLS]spinal cord glioma","0"
"Ovarian Leiomyosarcoma[SEP][CLS]synovial sarcoma","0"
"Lewy Body Dementia[SEP][CLS]acute porphyria","0"
"Uterine Corpus Endometrial Stromal Sarcoma[SEP][CLS]otitis media","0"
"Mixed Tumor of the Salivary Gland[SEP][CLS]thymoma","0"
"Adult Central Nervous System Solitary Fibrous Tumor, Grade 3[SEP][CLS]acute myeloid leukemia","0"
"Acute Respiratory Failure[SEP][CLS]lung disease","1"
"Cervical Adenomyoma, Endocervical-Type[SEP][CLS]invasive bladder transitional cell carcinoma","0"
"Contact Dermatitis[SEP][CLS]viral infectious disease","0"
"Porocarcinoma[SEP][CLS]eccrine sweat gland cancer","1"
"Schwannomatosis[SEP][CLS]meningioma","0"
"Cystoid Macular Edema[SEP][CLS]plasma protein metabolism disease","0"
"Breast Angiosarcoma[SEP][CLS]encephalitis","0"
"Malignant Peripheral Nerve Sheath Tumor[SEP][CLS]reproductive organ benign neoplasm","0"
"Lateral Medullary Syndrome[SEP][CLS]eye disease","0"
"Beta Thalassemia Major[SEP][CLS]beta thalassemia","1"
"Lymphangioma[SEP][CLS]lipomatosis","0"
"Hypopituitarism[SEP][CLS]pituitary gland disease","1"
"Exudative Glomerulonephritis[SEP][CLS]liver disease","0"
"Acatalasemia[SEP][CLS]islet cell tumor","0"
"Ehlers-Danlos Syndrome[SEP][CLS]collagen disease","1"
"Holocarboxylase Synthetase Deficiency[SEP][CLS]B-cell lymphoma","0"
"Breast Apocrine Carcinoma[SEP][CLS]renal pelvis transitional cell carcinoma","0"
"Esophageal Disorder[SEP][CLS]metal metabolism disorder","0"
"Cellular Schwannoma[SEP][CLS]endodermal sinus tumor","0"
"Language Disorder[SEP][CLS]extrinsic cardiomyopathy","0"
"Galactocele[SEP][CLS]renal cell carcinoma","0"
"Stevens-Johnson Syndrome[SEP][CLS]in situ carcinoma","0"
"Cardiac Leiomyosarcoma[SEP][CLS]bile duct cystadenoma","0"
"Rhinitis[SEP][CLS]vulva squamous cell carcinoma","0"
"Cystitis Cystica[SEP][CLS]ovarian mucinous neoplasm","0"
"Isovaleric Acidemia[SEP][CLS]cutaneous mycosis","0"
"Bartholin Gland Cyst[SEP][CLS]Bartholin's gland disease","1"
"Ovarian Clear Cell Cystadenocarcinoma[SEP][CLS]gastrointestinal system disease","0"
"Nerve Plexus Neoplasm[SEP][CLS]kidney cancer","0"
"Adult Infiltrating Astrocytic Tumor[SEP][CLS]bladder adenocarcinoma","0"
"Axillary Lymphadenitis[SEP][CLS]anaplastic astrocytoma","0"
"Breast Malignant Myoepithelioma[SEP][CLS]breast carcinoma","1"
"Double Cortex Syndrome[SEP][CLS]endometritis","0"
"Primary Peritoneal Serous Papillary Adenocarcinoma[SEP][CLS]peritoneal serous adenocarcinoma","1"
"Dermatographism[SEP][CLS]chondrosarcoma","0"
"Primary Intracranial Sarcoma, DICER1-Mutant[SEP][CLS]facial nerve disease","0"
"Dry Eye Syndrome[SEP][CLS]hereditary sensory neuropathy","0"
"Multidrug-Resistant Tuberculosis[SEP][CLS]pharynx cancer","0"
"Superficial Multifocal Basal Cell Carcinoma[SEP][CLS]hemangioma","0"
"Breast Sclerosing Adenosis[SEP][CLS]chromosomal disease","0"
"Peripheral Retinal Degeneration[SEP][CLS]reactive cutaneous fibrous lesion","0"
"Premature Ejaculation[SEP][CLS]psychosexual disorder","1"
"Well Differentiated Papillary Mesothelial Tumor[SEP][CLS]calcium metabolism disease","0"
"Adult Cerebellar Neoplasm[SEP][CLS]malignant peripheral nerve sheath tumor","0"
"Myxosarcoma[SEP][CLS]ampulla of Vater adenocarcinoma","0"
"Malignant Type A Thymoma[SEP][CLS]mouth disease","0"
"Cryptophthalmia[SEP][CLS]metabolic acidosis","0"
"Chromosome 2q37 Deletion Syndrome[SEP][CLS]glioblastoma","0"
"Superior Mesenteric Artery Syndrome[SEP][CLS]urea cycle disorder","0"
"Retrograde Amnesia[SEP][CLS]prostate sarcoma","0"
"Small Cell Neuroendocrine Carcinoma[SEP][CLS]lymphoma","0"
"Relapsing-Remitting Multiple Sclerosis[SEP][CLS]vulvar benign neoplasm","0"
"Disseminated Intravascular Coagulation in Newborn[SEP][CLS]disseminated intravascular coagulation","1"
"Neuritis[SEP][CLS]neuropathy","1"
"Superior Mesenteric Artery Syndrome[SEP][CLS]gastritis","0"
"Lens Subluxation[SEP][CLS]lens disease","1"
"Paratesticular Brenner Tumor[SEP][CLS]vestibular gland benign neoplasm","0"
"Alopecia Mucinosa[SEP][CLS]medulloblastoma","0"
"Gastroesophageal Junction Adenocarcinoma[SEP][CLS]medulloblastoma SHH activated","0"
"Gout[SEP][CLS]retinal cancer","0"
"Huntington's Disease[SEP][CLS]spinal cord ependymoma","0"
"Chronic Pyelonephritis[SEP][CLS]facial nerve disease","0"
"Skin Tag[SEP][CLS]hemoglobinopathy","0"
"Chorioretinitis[SEP][CLS]brain stem cancer","0"
"Petroclival Meningioma[SEP][CLS]acute myeloid leukemia","0"
"Yellow Fever Virus Infection[SEP][CLS]pigmentation disease","0"
"Papillary Transitional Cell Carcinoma[SEP][CLS]acute myeloid leukemia","0"
"Prostate Acinar Lymphoepithelioma-Like Adenocarcinoma[SEP][CLS]oral cavity cancer","0"
"Valvular Heart Disorder[SEP][CLS]specific developmental disorder","0"
"Fallopian Tube Serous Cystadenofibroma[SEP][CLS]gastroesophageal adenocarcinoma","0"
"Cervical Serous Adenocarcinoma[SEP][CLS]cervical adenocarcinoma","1"
"Subungual Glomus Tumor[SEP][CLS]glomus tumor","1"
"Central Nervous System Hibernoma[SEP][CLS]central nervous system lipoma","1"
"Xerophthalmia[SEP][CLS]dry eye syndrome","1"
"Sphenoid Sinus Papilloma[SEP][CLS]hemangioma","0"
"Unstable Angina[SEP][CLS]pericardial effusion","0"
"Breast Intraductal Papillary Neoplasm[SEP][CLS]intraductal breast benign neoplasm","1"
"Giant Hemangioma[SEP][CLS]nephritis","0"
"Pineal Region Teratoma[SEP][CLS]male infertility","0"
"Postauricular Lymphadenitis[SEP][CLS]lipomatosis","0"
"Macular Edema[SEP][CLS]glomerulonephritis","0"
"Central Nervous System Angiosarcoma[SEP][CLS]gangliosidosis","0"
"Toxic Nodular Goiter[SEP][CLS]high grade glioma","0"
"Spindle Cell Squamous Cell Carcinoma[SEP][CLS]breast fibrocystic disease","0"
"Pyromania[SEP][CLS]male infertility","0"
"Malignant Neoplasm[SEP][CLS]lymphoma","0"
"Oral Cavity Submucous Fibrosis[SEP][CLS]brain glioma","0"
"Rubella Infection[SEP][CLS]hemangiopericytoma","0"
"Diffuse Astrocytoma, MYBL1-Altered[SEP][CLS]nodular ganglioneuroblastoma","0"
"Ochronosis[SEP][CLS]mesenchymal cell neoplasm","0"
"Thyroid Gland Macrofollicular Adenoma[SEP][CLS]benign ependymoma","0"
"Pineal Parenchymal Tumor of Intermediate Differentiation[SEP][CLS]testicular disease","0"
"Miliary Tuberculosis[SEP][CLS]acrofacial dysostosis","0"
"Lewy Body Dementia[SEP][CLS]skin disease","0"
"Selective IgE Immunodeficiency[SEP][CLS]dysgammaglobulinemia","1"
"Pancytopenia[SEP][CLS]chronic polyneuropathy","0"
"Epithelioid Angiomyolipoma[SEP][CLS]cranial nerve disease","0"
"Homocystinuria[SEP][CLS]childhood low-grade glioma","0"
"Endomyocardial Fibrosis[SEP][CLS]skin squamous cell carcinoma","0"
"Uveitis[SEP][CLS]sinusitis","0"
"Downward Ocular Deviation[SEP][CLS]strabismus","1"
"Thyroiditis[SEP][CLS]syndrome","0"
"Gastric Germ Cell Tumor[SEP][CLS]tracheal disease","0"
"Lipoma-Like Atypical Lipomatous Tumor/Well Differentiated Liposarcoma[SEP][CLS]urinary system disease","0"
"Suppurative Cholangitis[SEP][CLS]hematopoietic system disease","0"
"Bone Surface (Peripheral) Osteosarcoma[SEP][CLS]bone osteosarcoma","1"
"Renal Papillary Adenoma[SEP][CLS]mouth disease","0"
"Malignant Frontal Sinus Neoplasm[SEP][CLS]cataract","0"
"Localized Osteosarcoma[SEP][CLS]ganglioneuroblastoma","0"
"Orofaciodigital Syndrome Type 6[SEP][CLS]stomach cancer","0"
"Middle Cranial Fossa Meningioma[SEP][CLS]thiamine deficiency disease","0"
"Klinefelter Syndrome[SEP][CLS]thalassemia","0"
"Ovarian Serous Cystadenocarcinoma[SEP][CLS]hyperpituitarism","0"
"Mixed Tumor of the Salivary Gland[SEP][CLS]intestinal obstruction","0"
"Facial Hemiatrophy[SEP][CLS]congenital nervous system abnormality","0"
"Ataxia with Isolated Vitamin E Deficiency[SEP][CLS]primary bacterial infectious disease","0"
"Breast Peripheral Papilloma[SEP][CLS]nasopharyngeal disease","0"
"Exudative Glomerulonephritis[SEP][CLS]B-cell lymphoma","0"
"CHARGE Syndrome[SEP][CLS]kidney benign neoplasm","0"
"Malignant Supraglottis Neoplasm[SEP][CLS]mixed glioma","0"
"Cerebrotendinous Xanthomatosis[SEP][CLS]communication disorder","0"
"Expressive Language Disorder[SEP][CLS]lung disease","0"
"Paroxysmal Nocturnal Hemoglobinuria[SEP][CLS]lymphatic system disease","0"
"Androgen Insensitivity Syndrome[SEP][CLS]vulvar squamous tumor","0"
"Thyroid Gland Hyalinizing Trabecular Tumor[SEP][CLS]polyneuropathy","0"
"Gallbladder Mucinous Adenocarcinoma[SEP][CLS]meningioma","0"
"Colon Lymphangioma[SEP][CLS]Goodpasture syndrome","0"
"Ovarian Cystic Teratoma[SEP][CLS]bone inflammation disease","0"
"Breast Disorder[SEP][CLS]restrictive cardiomyopathy","0"
"Somatotroph Pituitary Neuroendocrine Tumor[SEP][CLS]chromophobe renal cell carcinoma","0"
"Alopecia Mucinosa[SEP][CLS]hypertension","0"
"Abducens Nerve Disorder[SEP][CLS]middle ear disease","0"
"Sanfilippo Syndrome[SEP][CLS]melanoma","0"
"Orbit Cavernous Hemangioma[SEP][CLS]urinary bladder cancer","0"
"Lysinuric Protein Intolerance[SEP][CLS]amino acid metabolic disorder","1"
"Diffuse Astrocytoma[SEP][CLS]invasive bladder transitional cell carcinoma","0"
"Polyarteritis Nodosa[SEP][CLS]hyperpituitarism","0"
"Autoimmune Lymphoproliferative Syndrome[SEP][CLS]hypersensitivity reaction type IV disease","1"
"Malignant Cardiac Germ Cell Tumor[SEP][CLS]acute megakaryocytic leukemia","0"
"Oral Cavity Disorder[SEP][CLS]cervical benign neoplasm","0"
"Spastic Diplegia[SEP][CLS]conventional osteosarcoma","0"
"Breast Intraductal Neoplasm[SEP][CLS]breast benign neoplasm","1"
"Cystitis Cystica[SEP][CLS]syphilis","0"
"Intracranial Abscess[SEP][CLS]infratentorial cancer","0"
"Ovarian Rhabdomyosarcoma[SEP][CLS]rhabdomyosarcoma","1"
"Malignant Neoplasm[SEP][CLS]myocarditis","0"
"Pineal Region Germinoma[SEP][CLS]hypogonadotropic hypogonadism","0"
"Post-Traumatic Stress Disorder[SEP][CLS]biliary tract disease","0"
"Hereditary Spherocytosis[SEP][CLS]esophagus sarcoma","0"
"Pancreatic Gastrin-Producing Neuroendocrine Tumor[SEP][CLS]central nervous system disease","0"
"Silicosis[SEP][CLS]vascular cancer","0"
"Leukodystrophy[SEP][CLS]leiomyosarcoma","0"
"Papillary Tumor of the Pineal Region[SEP][CLS]neuroma","0"
"Dermatitis Herpetiformis[SEP][CLS]Ewing sarcoma","0"
"Posterior Fossa Ependymoma, Group B (PFB)[SEP][CLS]intestinal cancer","0"
"Papillary Cystadenocarcinoma[SEP][CLS]synovial sarcoma","0"
"Encephalomalacia[SEP][CLS]larynx cancer","0"
"Non-Neoplastic Reproductive System Disorder[SEP][CLS]drug dependence","0"
"Acute Basophilic Leukemia[SEP][CLS]B-lymphoblastic leukemia/lymphoma","0"
"Intestinal Atresia[SEP][CLS]intestinal disease","1"
"Ptosis[SEP][CLS]salivary gland disease","0"
"Neonatal Diabetes Mellitus[SEP][CLS]congenital hemolytic anemia","0"
"Malignant Melanotic Psammomatous Peripheral Nerve Sheath Tumor[SEP][CLS]primary hyperoxaluria","0"
"Hemangiopericytoma[SEP][CLS]cytochrome-c oxidase deficiency disease","0"
"Invasive Bladder Lipid-Rich Urothelial Carcinoma[SEP][CLS]oral cavity cancer","0"
"Testicular Yolk Sac Tumor, Solid Pattern[SEP][CLS]mood disorder","0"
"Lung Abscess[SEP][CLS]epithelioid sarcoma","0"
"Adult Extraskeletal Osteosarcoma[SEP][CLS]intestinal cancer","0"
"Bile Duct Perforation[SEP][CLS]liposarcoma","0"
"Sensorineural Hearing Loss[SEP][CLS]inner ear disease","1"
"Helminthiasis[SEP][CLS]gastrointestinal system benign neoplasm","0"
"Pyromania[SEP][CLS]osteosclerosis","0"
"Lymphocele[SEP][CLS]lymphatic system disease","1"
"Tamoxifen-Related Endometrial Disorder[SEP][CLS]arthropathy","0"
"Penile Leukoplakia[SEP][CLS]liver sarcoma","0"
"Esophageal Granular Cell Tumor[SEP][CLS]esophageal cancer","1"
"Band Keratopathy[SEP][CLS]sweat gland disease","0"
"Metastatic Lactotroph Pituitary Neuroendocrine Tumor[SEP][CLS]syndrome","0"
"Sly Syndrome[SEP][CLS]strabismus","0"
"Trigonitis[SEP][CLS]stomach disease","0"
"Asperger Syndrome[SEP][CLS]neonatal anemia","0"
"Malignant Childhood Hemangiopericytoma[SEP][CLS]endocrine organ benign neoplasm","0"
"Thyrotroph Pituitary Neuroendocrine Tumor[SEP][CLS]endocrine system disease","0"
"Inflammatory Bowel Disease[SEP][CLS]intestinal disease","1"
"Epithelioid Hemangioendothelioma[SEP][CLS]malignant hemangioma","1"
"Small Cell Osteosarcoma[SEP][CLS]ovarian dysfunction","0"
"Bruxism[SEP][CLS]nephritis","0"
"Cerebral Embryonal Tumor, Not Otherwise Specified[SEP][CLS]autosomal recessive cerebellar ataxia","0"
"Bacterial Infection[SEP][CLS]leiomyoma","0"
"VIP-Producing Neuroendocrine Tumor[SEP][CLS]somatoform disorder","0"
"Wolfram Syndrome[SEP][CLS]stomach carcinoma","0"
"Ovarian Endometrioid Adenocarcinofibroma[SEP][CLS]intraductal breast benign neoplasm","0"
"Meckel Diverticulitis[SEP][CLS]autosomal dominant cerebellar ataxia","0"
"Kidney Leiomyosarcoma[SEP][CLS]macrocytic anemia","0"
"Cerebral Atherosclerosis[SEP][CLS]mineral metabolism disease","0"
"Ovarian Endometrioid Adenocarcinoma[SEP][CLS]atherosclerosis","0"
"Glycogen Storage Disease[SEP][CLS]West Nile encephalitis","0"
"Primary Open Angle Glaucoma[SEP][CLS]epilepsy","0"
"Angiolipoma[SEP][CLS]lipoma","1"
"Liver Angiomyolipoma[SEP][CLS]rheumatic disease","0"
"Paraplegia[SEP][CLS]frontal sinusitis","0"
"Persistent Fetal Circulation[SEP][CLS]amino acid metabolic disorder","0"
"Conventional Fibrosarcoma[SEP][CLS]intestinal disease","0"
"Drug Abuse[SEP][CLS]substance-related disorder","1"
"Gallbladder Disorder[SEP][CLS]chromophil adenoma of the kidney","0"
"Double Cortex Syndrome[SEP][CLS]B-lymphoblastic leukemia/lymphoma","0"
"Autonomic Nervous System Neoplasm[SEP][CLS]urinary system disease","0"
"Vernal Conjunctivitis[SEP][CLS]ovarian cancer","0"
"Infectious Otitis Externa[SEP][CLS]cervical mucinous adenocarcinoma","0"
"Dermatitis[SEP][CLS]parasitic protozoa infectious disease","0"
"Glandular Malignant Peripheral Nerve Sheath Tumor[SEP][CLS]nervous system disease","0"
"Breast Columnar Cell Mucinous Carcinoma[SEP][CLS]extrahepatic bile duct carcinoma","0"
"Laryngeal Verrucous Carcinoma[SEP][CLS]adenocarcinoma","0"
"Mediastinal Rhabdomyosarcoma[SEP][CLS]orbit rhabdomyosarcoma","0"
"Brain Stem Astrocytoma[SEP][CLS]meningioma","0"
"Hemangiopericytoma[SEP][CLS]synovial sarcoma","0"
"Malignant Mesenchymoma[SEP][CLS]anxiety disorder","0"
"Neurofibromatosis Type 2[SEP][CLS]prion disease","0"
"Thoracic Outlet Syndrome[SEP][CLS]gastric teratoma","0"
"Cardiac Granular Cell Tumor[SEP][CLS]phobic disorder","0"
"Parathyroid Gland Water-Clear Cell Adenoma[SEP][CLS]cerebellar astrocytoma","0"
"Inflammatory Leiomyosarcoma[SEP][CLS]congenital nervous system abnormality","0"
"Pineal Region Mature Teratoma[SEP][CLS]pineal region teratoma","1"
"Proliferative Glomerulonephritis[SEP][CLS]prostate adenocarcinoma","0"
"Childhood Cerebellar Neoplasm[SEP][CLS]external ear disease","0"
"Dandy-Walker Malformation[SEP][CLS]acute orbital inflammation","0"
"Extraskeletal Myxoid Chondrosarcoma[SEP][CLS]fallopian tube adenofibroma","0"
"Hyperphosphatemia[SEP][CLS]phosphorus metabolism disease","1"
"Adamantinomatous Craniopharyngioma[SEP][CLS]atrophic glossitis","0"
"Chronic Laryngitis[SEP][CLS]osteochondrodysplasia","0"
"Chromophobe Renal Cell Carcinoma[SEP][CLS]renal cell carcinoma","1"
"Histrionic Personality Disorder[SEP][CLS]inner ear cancer","0"
"Heart Disorder[SEP][CLS]skin disease","0"
"Balloon Cell Melanoma[SEP][CLS]ovarian germ cell teratoma","0"
"Ovarian Endometrioid Stromal and Related Neoplasms[SEP][CLS]pulmonary hypertension","0"
"Pancreatic Mucinous-Cystic Neoplasm[SEP][CLS]goiter","0"
"Gestational Diabetes[SEP][CLS]skin disease","0"
"Riedel Fibrosing Thyroiditis[SEP][CLS]thyroiditis","1"
"Uterine Corpus Dissecting Leiomyoma[SEP][CLS]viral infectious disease","0"
"Aplastic Anemia[SEP][CLS]pericarditis","0"
"Pancreatic Intraductal Papillary-Mucinous Neoplasm with an Associated Invasive Carcinoma[SEP][CLS]prion disease","0"
"Uterine Corpus Myxoid Leiomyosarcoma[SEP][CLS]choriocarcinoma of the testis","0"
"Melkersson-Rosenthal Syndrome[SEP][CLS]cardiovascular system disease","0"
"Transient Hypogammaglobulinemia of Infancy[SEP][CLS]chromosomal deletion syndrome","0"
"Olfactory Nerve Disorder[SEP][CLS]glossopharyngeal nerve disease","1"
"Chronic Granulomatous Disease[SEP][CLS]testis sarcoma","0"
"Intraocular Retinoblastoma[SEP][CLS]amino acid metabolic disorder","0"
"Pulmonary Veno-Occlusive Disease[SEP][CLS]pulmonary hypertension","1"
"Spastic Diplegia[SEP][CLS]cystic teratoma","0"
"Acute Disseminated Encephalomyelitis[SEP][CLS]liposarcoma","0"
"Herpetic Gastritis[SEP][CLS]tracheal disease","0"
"Transient Retinal Arterial Occlusion[SEP][CLS]diencephalic neoplasm","0"
"Nasopharyngeal-Type Undifferentiated Carcinoma[SEP][CLS]breast cyst","0"
"Varicose Vein[SEP][CLS]chondrosarcoma","0"
"Neuroendocrine Neoplasm[SEP][CLS]motor neuron disease","0"
"Hemolytic Anemia[SEP][CLS]gastritis","0"
"Bronchiectasis[SEP][CLS]bladder disease","0"
"Glucose Metabolism Disorder[SEP][CLS]gestational choriocarcinoma","0"
"Ovarian Endometrioid Adenocarcinoma[SEP][CLS]skin disease","0"
"Pancreatic Colloid Carcinoma[SEP][CLS]relapsing fever","0"
"Interstitial Nephritis[SEP][CLS]amino acid metabolic disorder","0"
"Endocrine System Disorder[SEP][CLS]cell type benign neoplasm","0"
"Maroteaux-Lamy Syndrome[SEP][CLS]central nervous system benign neoplasm","0"
"Invasive Bladder Micropapillary Urothelial Carcinoma[SEP][CLS]inherited metabolic disorder","0"
"Selective IgE Immunodeficiency[SEP][CLS]liver disease","0"
"Cholesteatoma[SEP][CLS]meningioma","0"
"Appendix L-Cell Glucagon-Like Peptide-Producing Neuroendocrine Tumor[SEP][CLS]peripheral nerve schwannoma","0"
"Childhood Kidney Angiomyolipoma[SEP][CLS]cutaneous mastocytosis","0"
"Sialadenitis[SEP][CLS]pituitary gland disease","0"
"Laryngeal Squamous Papilloma[SEP][CLS]penis squamous cell carcinoma","0"
"Hypokalemic Periodic Paralysis[SEP][CLS]familial periodic paralysis","1"
"Thyroid Gland Anaplastic Carcinoma[SEP][CLS]carcinoma","0"
"Pancreatic Mucinous Ductal Ectasia[SEP][CLS]diffuse astrocytoma","0"
"Endobronchial Leiomyoma[SEP][CLS]B-lymphoblastic leukemia/lymphoma","0"
"Hereditary Fructose Intolerance[SEP][CLS]testis seminoma","0"
"Central Nervous System Melanocytic Neoplasm[SEP][CLS]vesiculobullous skin disease","0"
"Optic Neuritis[SEP][CLS]breast fibroadenoma","0"
"GM2-Gangliosidosis, AB Variant[SEP][CLS]breast fibrocystic disease","0"
"Proliferative Glomerulonephritis[SEP][CLS]uterine corpus sarcoma","0"
"Kartagener Syndrome[SEP][CLS]embryonal tumor with multilayered rosettes, C19MC-altered","0"
"Eosinophilic Endomyocardial Disease[SEP][CLS]candidiasis","0"
"Vulvar Glandular Neoplasm[SEP][CLS]hypertension","0"
"Macrocytic Anemia[SEP][CLS]cornea cancer","0"
"Abducens Nerve Disorder[SEP][CLS]lipid storage disease","0"
"Small Intestinal Sarcoma[SEP][CLS]severe pre-eclampsia","0"
"Darier Disease[SEP][CLS]benign vascular tumor","0"
"Nasal Cavity Disorder[SEP][CLS]osteosarcoma","0"
"Intestinal Perforation[SEP][CLS]intestinal disease","1"
"Malignant Cutaneous Granular Cell Tumor[SEP][CLS]metabolic acidosis","0"
"Cervical Adenosarcoma[SEP][CLS]contact dermatitis","0"
"Pyromania[SEP][CLS]benign ependymoma","0"
"Neurotoxicity Syndrome[SEP][CLS]anus adenocarcinoma","0"
"Childhood Cerebellar Astrocytoma[SEP][CLS]corneal disease","0"
"Pemphigoid Gestationis[SEP][CLS]skin disease","0"
"Nipple Carcinoma[SEP][CLS]sarcoma","0"
"Smooth Muscle Neoplasm[SEP][CLS]follicular adenoma","0"
"Cerebral Atherosclerosis[SEP][CLS]urethral disease","0"
"Acute Myeloid Leukemia with RUNX1 Mutation[SEP][CLS]visual pathway disease","0"
"Pituitary Gland Apoplexy[SEP][CLS]pituitary infarct","1"
"Human Papillomavirus-Independent Cervical Adenocarcinoma, Clear Cell-Type[SEP][CLS]fallopian tube cancer","0"
"Leptospirosis[SEP][CLS]lower respiratory tract disease","0"
"Suprasellar Meningioma[SEP][CLS]lip disease","0"
"Stage IVB Bladder Cancer[SEP][CLS]thyroid gland disease","0"
"Lung Sarcomatoid Carcinoma[SEP][CLS]acute disseminated encephalomyelitis","0"
"Cerebral Malaria[SEP][CLS]meningioma","0"
"Malignant Granular Cell Tumor[SEP][CLS]breast duct papilloma","0"
"External Ear Disorder[SEP][CLS]malignant hemangioma","0"
"Compartment Syndrome[SEP][CLS]ischemia","1"
"Glomangioma[SEP][CLS]lower respiratory tract disease","0"
"Aspartylglycosaminuria[SEP][CLS]lysosomal storage disease","1"
"Uveal Spindle Cell Melanoma[SEP][CLS]hemangiopericytic tumor","0"
"Breast Liposarcoma[SEP][CLS]osteochondrodysplasia","0"
"Mixed Cellularity Classic Hodgkin Lymphoma[SEP][CLS]teratoma","0"
"Clear Cell Hidradenoma[SEP][CLS]skull cancer","0"
"CHARGE Syndrome[SEP][CLS]diffuse glomerulonephritis","0"
"Malignant Pylorus Neoplasm[SEP][CLS]peripheral vascular disease","0"
"Pulmonary Fibrosis[SEP][CLS]brain ependymoma","0"
"Acute Intermittent Porphyria[SEP][CLS]substance abuse","0"
"Blepharitis[SEP][CLS]parasitic ectoparasitic infectious disease","0"
"Polyneuropathy[SEP][CLS]amino acid metabolic disorder","0"
"Connective Tissue Disorder[SEP][CLS]functioning pituitary adenoma","0"
"Communication Disorder[SEP][CLS]specific developmental disorder","1"
"Breast Capillary Hemangioma[SEP][CLS]glucosephosphate dehydrogenase deficiency","0"
"Macular Hole[SEP][CLS]ovary adenocarcinoma","0"
"EZB Diffuse Large B-Cell Lymphoma[SEP][CLS]urea cycle disorder","0"
"Q Fever[SEP][CLS]anus adenocarcinoma","0"
"Extrahepatic Bile Duct Adenocarcinoma[SEP][CLS]extrahepatic bile duct carcinoma","1"
"Invasive Bladder Microcystic Urothelial Carcinoma[SEP][CLS]invasive bladder transitional cell carcinoma","1"
"Biphasic Synovial Sarcoma[SEP][CLS]psychosexual disorder","0"
"Breast Intraductal Papillomatosis[SEP][CLS]hepatocellular carcinoma","0"
"Bullous Keratopathy[SEP][CLS]skin disease","0"
"Adult Pleomorphic Rhabdomyosarcoma[SEP][CLS]abdominal obesity-metabolic syndrome","0"
"Senile Cataract[SEP][CLS]cataract","1"
"Pyruvate Carboxylase Deficiency[SEP][CLS]nephroblastoma","0"
"Non-Functioning Pancreatic Neuroendocrine Tumor[SEP][CLS]salpingitis","0"
"Adult Teratoma[SEP][CLS]choroid cancer","0"
"Selective IgD Immunodeficiency[SEP][CLS]selective immunoglobulin deficiency disease","1"
"Rete Ovarii Cystadenoma[SEP][CLS]malignant pineal area germ cell neoplasm","0"
"Uveal Disorder[SEP][CLS]cystitis","0"
"Myelodysplastic/Myeloproliferative Neoplasm[SEP][CLS]skin melanoma","0"
"Malignant Apocrine Neoplasm[SEP][CLS]keratoacanthoma","0"
"Relapsing-Remitting Multiple Sclerosis[SEP][CLS]angiomyolipoma","0"
"Azoospermia[SEP][CLS]neuroendocrine tumor","0"
"POEMS Syndrome[SEP][CLS]peripheral nervous system neoplasm","0"
"Childhood Extraskeletal Myxoid Chondrosarcoma[SEP][CLS]vulvar squamous papilloma","0"
"Desmoplastic Small Round Cell Tumor[SEP][CLS]sarcoma","1"
"Subacute Bacterial Endocarditis[SEP][CLS]peroxisomal disease","0"
"Breast Lobular Carcinoma[SEP][CLS]syndrome","0"
"Urethral Verrucous Carcinoma[SEP][CLS]urethra squamous cell carcinoma","1"
"Childhood Acute Lymphoblastic Leukemia[SEP][CLS]nephroblastoma","0"
"Lymphocyte-Rich Classic Hodgkin Lymphoma[SEP][CLS]parasitic protozoa infectious disease","0"
"Laryngitis[SEP][CLS]laryngeal disease","1"
"Sacral Intraspinal Meningioma[SEP][CLS]angiolipoma","0"
"Childhood Acute Megakaryoblastic Leukemia[SEP][CLS]acute porphyria","0"
"Clear Cell Adenoma[SEP][CLS]pericardium cancer","0"
"Periapical Dental Abscess[SEP][CLS]testicular yolk sac tumor","0"
"Herpetic Gastritis[SEP][CLS]thyroid gland papillary carcinoma","0"
"Caroli Disease[SEP][CLS]bile duct disease","1"
"Malignancy in Giant Cell Tumor of Bone[SEP][CLS]ovarian benign neoplasm","0"
"Hyperthyroxinemia[SEP][CLS]muscular dystrophy","0"
"Megacolon[SEP][CLS]cerebellum cancer","0"
"Oxyphilic Endometrial Endometrioid Adenocarcinoma[SEP][CLS]acute conjunctivitis","0"
"Phlebitis[SEP][CLS]aortic valve stenosis","0"
"Lung Leiomyosarcoma[SEP][CLS]low grade glioma","0"
"Adult Pineoblastoma[SEP][CLS]primary bacterial infectious disease","0"
"Epithelioid Hemangioendothelioma[SEP][CLS]corneal disease","0"
"Myxoid Liposarcoma[SEP][CLS]conjunctival degeneration","0"
"Schwannoma[SEP][CLS]neuroma","1"
"Synovitis[SEP][CLS]orbital disease","0"
"Breast Large Cell Neuroendocrine Carcinoma[SEP][CLS]melanoma","0"
"Limb-Girdle Muscular Dystrophy[SEP][CLS]ovarian biphasic or triphasic teratoma","0"
"Nonanaplastic Kidney Wilms Tumor[SEP][CLS]vascular disease","0"
"Spindle Cell Sarcoma[SEP][CLS]Hodgkin's lymphoma","0"
"Splenic Hemangioma[SEP][CLS]conjunctivitis","0"
"Ganglioneuroblastoma, Nodular[SEP][CLS]smallpox","0"
"Anterior Uveitis[SEP][CLS]B cell deficiency","0"
"Secondary Polycythemia[SEP][CLS]breast carcinoma","0"
"Mixed Astrocytoma-Ependymoma[SEP][CLS]botryoid rhabdomyosarcoma","0"
"Thyroid Gland Oncocytic Carcinoma[SEP][CLS]pulmonary blastoma","0"
"Retroperitoneal Sarcoma[SEP][CLS]ovarian germ cell cancer","0"
"Malignant Buccal Mucosa Neoplasm[SEP][CLS]anal margin carcinoma","0"
"Ovarian Serous Surface Papillary Adenocarcinoma[SEP][CLS]ovarian carcinoma","1"
"Intrahepatic Bile Duct Adenoma[SEP][CLS]spinal cancer","0"
"Extrahepatic Bile Duct Mucinous Cystic Neoplasm[SEP][CLS]spinal cord glioma","0"
"Chronic Obstructive Pulmonary Disease[SEP][CLS]eye disease","0"
"Brain Stem Intraparenchymal Clear Cell Meningioma[SEP][CLS]peripheral nerve sheath neoplasm","0"
"Gilbert Syndrome[SEP][CLS]pituitary adenoma","0"
"Melanotic Neuroectodermal Tumor[SEP][CLS]bone benign neoplasm","1"
"Ovarian Yolk Sac Tumor[SEP][CLS]inflammatory bowel disease","0"
"Breast Apocrine Adenoma[SEP][CLS]globe disease","0"
"Thanatophoric Dysplasia[SEP][CLS]primary bacterial infectious disease","0"
"Ethmoidal Sinusitis[SEP][CLS]neurodegenerative disease","0"
"Endocardial Fibroelastosis[SEP][CLS]mixed cell type cancer","0"
"Cervical Wilms Tumor[SEP][CLS]neurilemmoma","0"
"Hydranencephaly[SEP][CLS]anencephaly","1"
"Chronic Polyneuropathy[SEP][CLS]polyneuropathy","1"
"Cerebral Hemangioma[SEP][CLS]meningioma","0"
"Entrapment Neuropathy[SEP][CLS]myositis","0"
"Chorioretinitis[SEP][CLS]eye disease","1"
"Metachromatic Leukodystrophy[SEP][CLS]ampulla of Vater carcinoma","0"
"Endometrioid Stromal Sarcoma[SEP][CLS]endometrial stromal tumor","1"
"Macular Corneal Dystrophy[SEP][CLS]muscular dystrophy","0"
"Sexual Dysfunction[SEP][CLS]notochordal cancer","0"
"Acinar Cell Carcinoma[SEP][CLS]primary systemic mycosis","0"
"Fasciitis[SEP][CLS]connective tissue disease","1"
"Glycogen Storage Disease[SEP][CLS]bronchus adenoma","0"
"Luminal B Breast Carcinoma[SEP][CLS]cholangitis","0"
"Undifferentiated Pleomorphic Sarcoma, Inflammatory Variant[SEP][CLS]male urethral cancer","0"
"Immature Ovarian Teratoma[SEP][CLS]malignant ovarian germ cell neoplasm","1"
"Testicular Pure Germ Cell Tumor[SEP][CLS]primary bacterial infectious disease","0"
"Childhood Brain Stem Glioma[SEP][CLS]disorder of sexual development","0"
"Potassium Deficiency Disorder[SEP][CLS]penis squamous cell carcinoma","0"
"Vivax Malaria[SEP][CLS]capillary disease","0"
"Lipoid Proteinosis of Urbach and Wiethe[SEP][CLS]supratentorial ependymoma","0"
"Q Fever[SEP][CLS]primary bacterial infectious disease","1"
"Hereditary Elliptocytosis[SEP][CLS]thyroid gland disease","0"
"Glossitis[SEP][CLS]tongue disease","1"
"Ovarian Seromucinous Carcinoma[SEP][CLS]apocrine sweat gland neoplasm","0"
"Villoglandular Endometrial Endometrioid Adenocarcinoma[SEP][CLS]cranial nerve malignant neoplasm","0"
"Progressive Myoclonus Epilepsy[SEP][CLS]laryngeal benign neoplasm","0"
"Breast Engorgement in Newborn[SEP][CLS]central nervous system disease","0"
"Posterior Fossa Ependymoma, Group A (PFA)[SEP][CLS]coronary artery disease","0"
"Progressive Supranuclear Palsy[SEP][CLS]parotid disease","0"
"Voyeurism[SEP][CLS]testicular yolk sac tumor","0"
"Vagus Nerve Disorder[SEP][CLS]stomach cancer","0"
"Supratentorial Ependymoma, ZFTA-RELA Fusion-Positive[SEP][CLS]autoimmune disease","0"
"Agoraphobia[SEP][CLS]marginal zone lymphoma","0"
"Cholesteatoma[SEP][CLS]B-lymphoblastic leukemia/lymphoma","0"
"Solitary Plasmacytoma of Bone[SEP][CLS]ovarian cystadenoma","0"
"Mastocytosis[SEP][CLS]pulmonary large cell neuroendocrine carcinoma","0"
"Vulvar Nodular Hidradenoma[SEP][CLS]intestinal obstruction","0"
"Chronic Monocytic Leukemia[SEP][CLS]ganglioneuroblastoma","0"
"Tarsal Tunnel Syndrome[SEP][CLS]hypopharynx cancer","0"
"Uterine Corpus Leiomyosarcoma[SEP][CLS]uterine corpus sarcoma","1"
"Depression[SEP][CLS]syndrome","0"
"Angiolipoma[SEP][CLS]apocrine sweat gland neoplasm","0"
"Verruca Plantaris[SEP][CLS]inherited metabolic disorder","0"
"Malignant Essential Hypertension[SEP][CLS]leiomyosarcoma","0"
"Laryngeal Leiomyosarcoma[SEP][CLS]nervous system disease","0"
"Esophageal Disorder[SEP][CLS]cervical adenomyoma","0"
"Glandular Malignant Peripheral Nerve Sheath Tumor[SEP][CLS]malignant peripheral nerve sheath tumor","1"
"Lung Leiomyosarcoma[SEP][CLS]leiomyosarcoma","1"
"EBV Infection[SEP][CLS]viral infectious disease","1"
"Nesidioblastosis[SEP][CLS]central nervous system germinoma","0"
"Myxedema[SEP][CLS]vulvar benign neoplasm","0"
"Renal Pelvis Neoplasm[SEP][CLS]germ cell benign neoplasm","0"
"Carpal Tunnel Syndrome[SEP][CLS]mediastinal neurilemmoma","0"
"Central Giant Cell Granuloma[SEP][CLS]diaphragm disease","0"
"Essential Tremor[SEP][CLS]movement disease","1"
"Metanephric Adenofibroma[SEP][CLS]hypothalamic disease","0"
"Interstitial Nephritis[SEP][CLS]vagina sarcoma","0"
"Miliary Tuberculosis[SEP][CLS]cranial nerve malignant neoplasm","0"
"Facial Nerve Neoplasm[SEP][CLS]marginal zone lymphoma","0"
"Juvenile Breast Papillomatosis[SEP][CLS]hypertension","0"
"Cheilitis[SEP][CLS]osteochondrodysplasia","0"
"Coccidioidomycosis[SEP][CLS]brain disease","0"
"Intracranial Cavernous Hemangioma[SEP][CLS]chromosomal duplication syndrome","0"
"Caroli Disease[SEP][CLS]artery disease","0"
"Maxillary Sinus Neoplasm[SEP][CLS]vulvar sarcoma","0"
"Leber Hereditary Optic Atrophy[SEP][CLS]breast disease","0"
"Polycythaemia due to Excess Erythropoetin Production[SEP][CLS]acquired polycythemia","1"
"Lactating Adenoma[SEP][CLS]gallbladder adenocarcinoma","0"
"Ovarian Small Cell Carcinoma[SEP][CLS]skull base meningioma","0"
"Multinodular and Vacuolated Neuronal Tumor[SEP][CLS]blood protein disease","0"
"Cervical Endometrioid Adenocarcinoma[SEP][CLS]tongue disease","0"
"Dystonia[SEP][CLS]movement disease","1"
"Metabolic Disorder[SEP][CLS]oral cavity cancer","0"
"Chronic Renal Failure[SEP][CLS]myopathy","0"
"Thoracic Aortic Aneurysm[SEP][CLS]physical urticaria","0"
"Essential Hypertension[SEP][CLS]mouth disease","0"
"Dermal Neoplasm[SEP][CLS]gastrointestinal system disease","0"
"Malignant Cardiac Hemangiopericytoma[SEP][CLS]acute myeloid leukemia","0"
"Glycine Encephalopathy[SEP][CLS]familial hyperlipidemia","0"
"Bone Surface (Peripheral) Osteosarcoma[SEP][CLS]brain disease","0"
"Ebola Hemorrhagic Fever[SEP][CLS]strabismus","0"
"Breast Extraskeletal Osteosarcoma[SEP][CLS]myopathy","0"
"Bladder Verrucous Carcinoma[SEP][CLS]steroid inherited metabolic disorder","0"
"Exanthem[SEP][CLS]sleep apnea","0"
"Tendonitis[SEP][CLS]cervical carcinosarcoma","0"
"Prostate Adenoid Cystic Carcinoma[SEP][CLS]lipoma","0"
"Antisocial Personality Disorder[SEP][CLS]amino acid metabolic disorder","0"
"Pineal Region Teratoma[SEP][CLS]eye disease","0"
"Hereditary Kidney Wilms Tumor[SEP][CLS]endometritis","0"
"Adult Xanthogranuloma[SEP][CLS]breast sarcoma","0"
"Acute Cystitis[SEP][CLS]adenocarcinoma","0"
"Thymoma Type A[SEP][CLS]thymoma","1"
"Breast Squamous Cell Carcinoma, Acantholytic Variant[SEP][CLS]hereditary sensory neuropathy","0"
"Epiretinal Membrane[SEP][CLS]dissociative disorder","0"
"Alopecia[SEP][CLS]primary congenital glaucoma","0"
"Striatonigral Degeneration[SEP][CLS]meningitis","0"
"Glucose-6-Phosphate Dehydrogenase Deficiency[SEP][CLS]amino acid metabolic disorder","0"
"Infective Arthritis[SEP][CLS]polycythemia","0"
"Pseudohermaphroditism[SEP][CLS]autoimmune disease of peripheral nervous system","0"
"Late Yaws[SEP][CLS]atrophic glossitis","0"
"Cervical Endometrioid Stromal and Related Neoplasms[SEP][CLS]testicular malignant germ cell cancer","0"
"Peroxisomal Disorder[SEP][CLS]retinoblastoma","0"
"Cervical Serous Adenocarcinoma[SEP][CLS]mixed testicular germ cell tumor","0"
"Skin Adamantinoid Basal Cell Carcinoma[SEP][CLS]intestinal disease","0"
"Benign Mediastinal Schwannoma[SEP][CLS]gastric outlet obstruction","0"
"Borderline Personality Disorder[SEP][CLS]female reproductive organ benign neoplasm","0"
"Hyperimmunoglobulin Syndrome[SEP][CLS]uterine body mixed cancer","0"
"Central Nervous System Melanocytic Neoplasm[SEP][CLS]central nervous system cancer","1"
"Amyotrophic Lateral Sclerosis[SEP][CLS]pituitary adenoma","0"
"Multicentric Reticulohistiocytosis[SEP][CLS]renal tubular transport disease","0"
"Acute Salpingitis[SEP][CLS]hemoglobinopathy","0"
"Malignant Oculomotor Nerve Neoplasm[SEP][CLS]syndrome","0"
"Metanephric Adenoma[SEP][CLS]syndrome","0"
"Rectal Kaposi Sarcoma[SEP][CLS]rectum sarcoma","1"
"Clear Cell Meningioma[SEP][CLS]somatoform disorder","0"
"Lung Large Cell Carcinoma[SEP][CLS]meningioma","0"
"Uterine Corpus Leiomyoma[SEP][CLS]vaginal disease","0"
"Pancreatic Non-Invasive Mucinous Cystadenocarcinoma[SEP][CLS]pineal gland cancer","0"
"Megaesophagus[SEP][CLS]osteosarcoma","0"
"Thoracic Intraspinal Meningioma[SEP][CLS]autoimmune disease of endocrine system","0"
"Malignant Mesenchymoma[SEP][CLS]myeloid and lymphoid neoplasms with eosinophilia and abnormalities of PDGFRA, PDGFRB, and FGFR1","0"
"Breast Hypertrophy[SEP][CLS]breast disease","1"
"Idiopathic Granulomatous Myositis[SEP][CLS]pulmonary hypertension","0"
"Gallbladder Small Cell Neuroendocrine Carcinoma[SEP][CLS]phobic disorder","0"
"Rett Syndrome[SEP][CLS]adrenal cortex disease","0"
"Pancreatic Serous Cystadenocarcinoma[SEP][CLS]laryngeal disease","0"
"Nonanaplastic Kidney Wilms Tumor[SEP][CLS]kidney disease","0"
"Refractory Hematologic Malignancy[SEP][CLS]prostate sarcoma","0"
"Intramedullary Spinal Cord Teratoma[SEP][CLS]kidney disease","0"
"Acrodermatitis[SEP][CLS]adrenal gland cancer","0"
"Blomstrand Type Chondrodysplasia[SEP][CLS]central nervous system disease","0"
"Breast Medullary Carcinoma[SEP][CLS]viral infectious disease","0"
"Keratoconjunctivitis[SEP][CLS]medulloblastoma non-WNT/non-SHH","0"
"Yaws[SEP][CLS]acute lymphoblastic leukemia","0"
"Giant Hypertrophic Gastritis[SEP][CLS]physical disorder","0"
"Malignant Leptomeningeal Neoplasm[SEP][CLS]pulmonary neuroendocrine tumor","0"
"Mediastinal Neuroblastoma[SEP][CLS]ovarian small cell carcinoma","0"
"Acquired Keratoderma[SEP][CLS]embryonal cancer","0"
"Breast Lipid-Rich Carcinoma[SEP][CLS]tracheal disease","0"
"Urachal Urothelial Carcinoma[SEP][CLS]amnestic disorder","0"
"Malignant Myoepithelioma[SEP][CLS]carcinoma","1"
"Gynecomastia[SEP][CLS]disorder of sexual development","1"
"Smooth Muscle Neoplasm[SEP][CLS]extrinsic cardiomyopathy","0"
"Desbuquois Dysplasia[SEP][CLS]ovarian small cell carcinoma","0"
"Anaplastic Oligodendroglioma[SEP][CLS]apocrine sweat gland neoplasm","0"
"Juvenile Breast Papillomatosis[SEP][CLS]breast benign neoplasm","1"
"Childhood Fibrosarcoma[SEP][CLS]small intestine cancer","0"
"Tylosis[SEP][CLS]pleomorphic rhabdomyosarcoma","0"
"Kidney Fibrosarcoma[SEP][CLS]medulloblastoma","0"
"Peptic Ulcer[SEP][CLS]muscular dystrophy","0"
"Phosphorus Metabolic Disorder[SEP][CLS]mineral metabolism disease","1"
"Uterine Corpus Leiomyosarcoma[SEP][CLS]eye disease","0"
"Contact Dermatitis[SEP][CLS]skin disease","0"
"Extraskeletal Ewing Sarcoma/Peripheral Primitive Neuroectodermal Tumor[SEP][CLS]skin hemangioma","0"
"Benign Migratory Glossitis[SEP][CLS]cerebral arterial disease","0"
"Childhood Malignant Mesenchymoma[SEP][CLS]basal cell carcinoma","0"
"Gilbert Syndrome[SEP][CLS]skin cancer","0"
"Ischemic Fasciitis[SEP][CLS]neonatal jaundice","0"
"Malignant Hypopharyngeal Neoplasm[SEP][CLS]breast disease","0"
"Endometriosis[SEP][CLS]uterine disease","0"
"Nasal Cavity and Paranasal Sinus Lethal Midline Granuloma[SEP][CLS]nose disease","1"
"Gray-Zone Lymphoma[SEP][CLS]lymphangioma","0"
"Myxosarcoma[SEP][CLS]connective tissue cancer","1"
"Visual Pathway Disorder[SEP][CLS]malignant ovarian surface epithelial-stromal neoplasm","0"
"Early Invasive Cervical Squamous Cell Carcinoma[SEP][CLS]cervical squamous cell carcinoma","1"
"Learning Disorder[SEP][CLS]ovarian carcinosarcoma","0"
"Skin Clear Cell Basal Cell Carcinoma[SEP][CLS]B cell deficiency","0"
"Ampulla of Vater Small Cell Neuroendocrine Carcinoma[SEP][CLS]pulmonary valve disease","0"
"Adrenal Rest Tumor[SEP][CLS]heart aneurysm","0"
"Fallopian Tube Disorder[SEP][CLS]diabetic retinopathy","0"
"Ovarian Primitive Germ Cell Tumor[SEP][CLS]intracranial hypertension","0"
"Fucosidosis[SEP][CLS]hidradenoma","0"
"Benign Essential Hypertension[SEP][CLS]parasitic protozoa infectious disease","0"
"Patent Ductus Arteriosus[SEP][CLS]peroxisomal disease","0"
"Tracheal Calcification[SEP][CLS]parasitic helminthiasis infectious disease","0"
"Indolent Multiple Myeloma[SEP][CLS]osteosarcoma","0"
"Malignant Colorectal Neoplasm[SEP][CLS]adrenal cortex disease","0"
"Intermittent Explosive Disorder[SEP][CLS]peripheral vascular disease","0"
"Sphenoid Sinus Neoplasm[SEP][CLS]primary bacterial infectious disease","0"
"Yaws[SEP][CLS]artery disease","0"
"COVID-19 Infection[SEP][CLS]intrinsic cardiomyopathy","0"
"Sarcomatoid Renal Cell Carcinoma[SEP][CLS]pigmentation disease","0"
"Gastric Tubular Adenocarcinoma[SEP][CLS]frontal sinus benign neoplasm","0"
"Hair Follicle Neoplasm[SEP][CLS]Waardenburg syndrome","0"
"Dysostosis[SEP][CLS]parathyroid adenoma","0"
"Rectosigmoid Carcinoma[SEP][CLS]amino acid metabolic disorder","0"
"Mediastinal Ganglioneuroblastoma[SEP][CLS]disease of mental health","0"
"Ovarian Yolk Sac Tumor, Glandular Pattern[SEP][CLS]intestinal benign neoplasm","0"
"Pelvic Lipomatosis[SEP][CLS]acquired metabolic disease","0"
"Food Allergy[SEP][CLS]pineal gland cancer","0"
"Duodenal Ulcer[SEP][CLS]peptic ulcer disease","1"
"Glucose Intolerance[SEP][CLS]plasmacytoma","0"
"Systemic Scleroderma[SEP][CLS]orofacial cleft","0"
"Pleural Disorder[SEP][CLS]meningioma","0"
"Aleukemic Leukemia[SEP][CLS]larynx cancer","0"
"Conjunctival Melanoma[SEP][CLS]struma ovarii","0"
"Breast Mucinous Cystadenocarcinoma[SEP][CLS]breast mucinous carcinoma","1"
"Choroid Mixed Cell Melanoma[SEP][CLS]cholecystitis","0"
"Prostatic Urethral Malignant Neoplasm[SEP][CLS]tracheal disease","0"
"Acute Myeloid Leukemia (Megakaryoblastic) with t(1;22)(p13.3;q13.1); RBM15-MKL1[SEP][CLS]lipoma","0"
"Anomia[SEP][CLS]bone cancer","0"
"Anhidrotic Ectodermal Dysplasia 1[SEP][CLS]galactosemia","0"
"Malignant Thymoma[SEP][CLS]leukemia","0"
"Hepatobiliary Neoplasm[SEP][CLS]basal cell carcinoma","0"
"Ileus[SEP][CLS]malaria","0"
"Thrombotic Thrombocytopenic Purpura[SEP][CLS]lipoma","0"
"Tamoxifen-Related Endometrial Disorder[SEP][CLS]hypersensitivity reaction type III disease","0"
"Subclavian Steal Syndrome[SEP][CLS]coronary artery disease","0"
"Ovarian Yolk Sac Tumor, Polyvesicular Vitelline Pattern[SEP][CLS]ovarian endodermal sinus tumor","1"
"Cervical Adenomyoma[SEP][CLS]purine-pyrimidine metabolic disorder","0"
"Mononeuritis Multiplex[SEP][CLS]prolymphocytic leukemia","0"
"Urticaria Pigmentosa/Maculopapular Cutaneous Mastocytosis[SEP][CLS]laryngeal disease","0"
"Embryonal Tumor with Multilayered Rosettes, C19MC-Altered[SEP][CLS]eye disease","0"
"Cellular Schwannoma[SEP][CLS]chronic lymphocytic leukemia","0"
"Pernicious Anemia[SEP][CLS]hypogonadotropic hypogonadism","0"
"Elephantiasis[SEP][CLS]breast cancer","0"
"Hemophagocytic Lymphohistiocytosis[SEP][CLS]lymphatic system disease","1"
"Gastric Cronkhite Canada Polyposis[SEP][CLS]vulvar sarcoma","0"
"Mature Gastric Teratoma[SEP][CLS]synostosis","0"
"Granulomatous Dermatitis[SEP][CLS]dermatitis","1"
"Anal Margin Basal Cell Carcinoma[SEP][CLS]basal cell carcinoma","1"
"Dumping Syndrome[SEP][CLS]pyelitis","0"
"Gout[SEP][CLS]PTEN hamartoma tumor syndrome","0"
"Hilar Cholangiocarcinoma[SEP][CLS]herpes simplex","0"
"Porocarcinoma[SEP][CLS]breast mucinous carcinoma","0"
"Measles[SEP][CLS]eye disease","0"
"Gestational Diabetes[SEP][CLS]bilirubin metabolic disorder","0"
"Lung Disorder[SEP][CLS]paranasal sinus benign neoplasm","0"
"Dermatophytosis of Scalp and Beard[SEP][CLS]dermatophytosis","1"
"Uremic Neuropathy[SEP][CLS]cerebrum cancer","0"
"Childhood Central Nervous System Embryonal Tumor, Not Otherwise Specified[SEP][CLS]cutaneous mycosis","0"
"Meningoencephalitis[SEP][CLS]lipoma","0"
"Chronic Salpingitis[SEP][CLS]malignant dermis tumor","0"
"Uterine Corpus Epithelioid Leiomyosarcoma[SEP][CLS]disorder of sexual development","0"
"Acquired Keratoderma[SEP][CLS]eye disease","0"
"Pleural Solitary Fibrous Tumor[SEP][CLS]breast myoepitheliosis","0"
"Ureter Abscess[SEP][CLS]testicular malignant germ cell cancer","0"
"Hypogonadism[SEP][CLS]extrahepatic bile duct adenoma","0"
"Epithelioid Neurofibroma[SEP][CLS]vulva adenocarcinoma","0"
"Testicular Granulosa Cell Tumor[SEP][CLS]hematopoietic system disease","0"
"Transient Retinal Arterial Occlusion[SEP][CLS]fallopian tube carcinoma","0"
"Supravalvular Aortic Stenosis[SEP][CLS]testicular germ cell cancer","0"
"Kidney Leiomyosarcoma[SEP][CLS]pneumoconiosis","0"
"Mediastinal Granular Cell Tumor[SEP][CLS]pulmonary valve disease","0"
"Renal Failure[SEP][CLS]male reproductive system disease","0"
"Intermediate Immature Teratoma[SEP][CLS]adult brain stem glioma","0"
"Hyperkalemic Periodic Paralysis[SEP][CLS]gastrointestinal system benign neoplasm","0"
"Sexual Masochism[SEP][CLS]sexual health disorder","1"
"Supratentorial Ependymoma YAP1 Fusion-Positive[SEP][CLS]supratentorial ependymoma","1"
"Orbit Rhabdomyosarcoma[SEP][CLS]vulva cancer","0"
"Cherry Hemangioma[SEP][CLS]salivary gland cancer","0"
"Myxoid Leiomyosarcoma[SEP][CLS]gonadal dysgenesis","0"
"Castleman Disease[SEP][CLS]posterior pituitary gland neoplasm","0"
"Chronic Lymphoproliferative Disorder of NK-Cells[SEP][CLS]benign ependymoma","0"
"Movement Disorder[SEP][CLS]eye disease","0"
"Eosinophilic Esophagitis[SEP][CLS]breast benign neoplasm","0"
"Primary Diffuse Large B-Cell Lymphoma of the Central Nervous System[SEP][CLS]organic acidemia","0"
"Inflammatory Atypical Lipomatous Tumor/Well Differentiated Liposarcoma[SEP][CLS]well-differentiated liposarcoma","1"
"Breast Leiomyosarcoma[SEP][CLS]lower respiratory tract disease","0"
"Hidradenitis Suppurativa[SEP][CLS]colonic benign neoplasm","0"
"Rabies[SEP][CLS]viral infectious disease","1"
"45,X/46,XY Mixed Gonadal Dysgenesis[SEP][CLS]Hodgkin's lymphoma","0"
"Hereditary Ovarian Carcinoma[SEP][CLS]strabismus","0"
"Vulvar Leiomyosarcoma[SEP][CLS]EEC syndrome","0"
"Melanotic Neuroectodermal Tumor[SEP][CLS]autonomic neuropathy","0"
"Granular Cell Carcinoma[SEP][CLS]glomerulonephritis","0"
"Communicating Hydrocephalus[SEP][CLS]hydrocephalus","1"
"Pineal Region Dysgerminoma[SEP][CLS]opportunistic mycosis","0"
"Hyperostosis[SEP][CLS]skin benign neoplasm","0"
"Acute Alcoholic Hepatitis[SEP][CLS]diabetic retinopathy","0"
"Uterine Corpus Leiomyoma[SEP][CLS]congenital heart disease","0"
"Pancreatic Delta Cell Neuroendocrine Tumor[SEP][CLS]microglandular adenosis","0"
"Neurogenic Bladder[SEP][CLS]bladder disease","1"
"Retinal Tear[SEP][CLS]uterine benign neoplasm","0"
"Myocarditis[SEP][CLS]uterus leiomyosarcoma","0"
"Melkersson-Rosenthal Syndrome[SEP][CLS]skin benign neoplasm","0"
"Antisocial Personality Disorder[SEP][CLS]aortic valve disease","0"
"Acute Pyelonephritis[SEP][CLS]nephroma","0"
"Appendix Neoplasm[SEP][CLS]leiomyosarcoma","0"
"Language Disorder[SEP][CLS]myelodysplastic/myeloproliferative neoplasm","0"
"NUT Carcinoma[SEP][CLS]parasitic protozoa infectious disease","0"
"Cerebellopontine Angle Schwannoma[SEP][CLS]breast sarcoma","0"
"Glycine Encephalopathy[SEP][CLS]nasal cavity carcinoma","0"
"Solitary Reticulohistiocytoma[SEP][CLS]syndrome","0"
"Mevalonate Kinase Deficiency[SEP][CLS]meningioma","0"
"Von Hippel Lindau Syndrome[SEP][CLS]breast sarcoma","0"
"Acute Cystitis[SEP][CLS]parasitic protozoa infectious disease","0"
"Type 2 Renal Papillary Adenoma[SEP][CLS]leukemia","0"
"Type II Acrocephalopolysyndactyly[SEP][CLS]childhood low-grade glioma","0"
"Primary Diffuse Large B-Cell Lymphoma of the Central Nervous System[SEP][CLS]diffuse large B-cell lymphoma","1"
"Blepharitis[SEP][CLS]cerebral degeneration","0"
"Dyschromatosis Universalis Hereditaria[SEP][CLS]lipomatosis","0"
"Disseminated Intravascular Coagulation in Newborn[SEP][CLS]stromal dystrophy","0"
"Myocarditis[SEP][CLS]extrinsic cardiomyopathy","1"
"Pancreatic Non-Invasive Mucinous Cystadenocarcinoma[SEP][CLS]mucinous cystadenocarcinoma of pancreas","1"
"Middle Ear Cholesterol Granuloma[SEP][CLS]acute erythroid leukemia","0"
"Myeloid/Lymphoid Neoplasms with PDGFRB Rearrangement[SEP][CLS]nodular ganglioneuroblastoma","0"
"Hypertrichosis[SEP][CLS]pulmonary large cell neuroendocrine carcinoma","0"
"Tongue Disorder[SEP][CLS]idiopathic interstitial pneumonia","0"
"Medulloblastoma, Non-WNT/Non-SHH[SEP][CLS]acute porphyria","0"
"Lymphangioma[SEP][CLS]mononeuritis of upper limb and mononeuritis multiplex","0"
"Thyroid Gland Follicular Carcinoma[SEP][CLS]Epstein-Barr virus infectious disease","0"
"Organic Mental Disorder[SEP][CLS]lung carcinoma","0"
"Nodular Hidradenoma[SEP][CLS]gastroenteritis","0"
"Malignant Small Intestinal Neoplasm[SEP][CLS]thyroid gland follicular carcinoma","0"
"Erythromelalgia[SEP][CLS]cerebrum cancer","0"
"Malignant Tenosynovial Giant Cell Tumor[SEP][CLS]apocrine sweat gland neoplasm","0"
"Invasive Bladder Sarcomatoid Urothelial Carcinoma[SEP][CLS]intestinal disease","0"
"Severe Combined Immunodeficiency[SEP][CLS]extraocular retinoblastoma","0"
"Dengue Fever[SEP][CLS]spinal cancer","0"
"Granular Cell Tumor[SEP][CLS]chromosomal disease","0"
"Childhood Acute Lymphoblastic Leukemia[SEP][CLS]skin benign neoplasm","0"
"Adult Cerebellar Neoplasm[SEP][CLS]peripheral vascular disease","0"
"Vulvar Alveolar Soft Part Sarcoma[SEP][CLS]specific developmental disorder","0"
"Vulvar Trichoepithelioma[SEP][CLS]kidney disease","0"
"Tabes Dorsalis[SEP][CLS]lymphatic system disease","0"
"Membranous Glomerulonephritis[SEP][CLS]glomerulonephritis","1"
"Renal Pelvis Papillary Urothelial Carcinoma[SEP][CLS]complement deficiency","0"
"Kidney Disorder[SEP][CLS]hemangioma","0"
"Binocular Vision Disorder[SEP][CLS]skin benign neoplasm","0"
"Selective IgG Immunodeficiency[SEP][CLS]acute myeloid leukemia","0"
"Mediastinal Rhabdomyosarcoma[SEP][CLS]papilloma","0"
"Telogen Effluvium[SEP][CLS]sex cord-gonadal stromal tumor","0"
"Rectosigmoid Carcinoma[SEP][CLS]medulloblastoma non-WNT/non-SHH","0"
"Ovarian Cystadenoma[SEP][CLS]herpes simplex","0"
"Central Nervous System Embryonal Tumor, Not Otherwise Specified[SEP][CLS]hemangioma","0"
"Ulcerative Stomatitis[SEP][CLS]reproductive system disease","0"
"Penile Fibromatosis[SEP][CLS]in situ carcinoma","0"
"Cauda Equina Neoplasm[SEP][CLS]spinal cancer","1"
"Transitional Meningioma[SEP][CLS]choriocarcinoma of ovary","0"
"Sly Syndrome[SEP][CLS]ovarian benign neoplasm","0"
"Fibromyalgia[SEP][CLS]central nervous system disease","0"
"Neurofibromatosis Type 2[SEP][CLS]congenital hemolytic anemia","0"
"Thyroid Hormone Resistance Syndrome[SEP][CLS]adrenal adenoma","0"
"Peroneal Neuropathy[SEP][CLS]biliary tract benign neoplasm","0"
"Proteinuria[SEP][CLS]skin benign neoplasm","0"
"Complement Deficiency[SEP][CLS]reproductive organ cancer","0"
"Spermatocele[SEP][CLS]breast carcinoma","0"
"Central Neurocytoma[SEP][CLS]female reproductive organ benign neoplasm","0"
"Secretory Meningioma[SEP][CLS]skin disease","0"
"Voyeurism[SEP][CLS]paraphilia disorder","1"
"Benign Ovarian Sex Cord-Stromal Tumor[SEP][CLS]cholestasis","0"
"Reactive Cutaneous Fibrous Lesion[SEP][CLS]substance-related disorder","0"
"Acute Myeloid Leukemia without Maturation[SEP][CLS]thyroiditis","0"
"Lactose Intolerance[SEP][CLS]disease of mental health","0"
"Beckwith-Wiedemann Syndrome[SEP][CLS]syndrome","1"
"Early Gastric Cancer[SEP][CLS]breast adenoma","0"
"Anti-Basement Membrane Glomerulonephritis[SEP][CLS]arteriosclerotic cardiovascular disease","0"
"Angiokeratoma of Fordyce[SEP][CLS]breast adenoma","0"
"Krukenberg Tumor[SEP][CLS]cholecystitis","0"
"Tangier Disease[SEP][CLS]brain stem infarction","0"
"Chronic Fatigue Syndrome[SEP][CLS]mucopolysaccharidosis","0"
"Scleritis[SEP][CLS]spinal cancer","0"
"Diffuse Sclerosing Variant Thyroid Gland Papillary Carcinoma[SEP][CLS]immune system organ benign neoplasm","0"
"Pineal Parenchymal Tumor of Intermediate Differentiation[SEP][CLS]diabetes insipidus","0"
"Acute Nasopharyngitis[SEP][CLS]craniopharyngioma","0"
"Acute Respiratory Distress Syndrome[SEP][CLS]carcinoma","0"
"Telangiectatic Osteosarcoma[SEP][CLS]salpingitis","0"
"Childhood Testicular Mixed Embryonal Carcinoma and Teratoma[SEP][CLS]sweat gland benign neoplasm","0"
"Acute Disseminated Encephalomyelitis[SEP][CLS]facial nerve disease","0"
"Childhood Supratentorial Embryonal Tumor with Multilayered Rosettes, C19MC-Altered[SEP][CLS]breast fibroadenoma","0"
"Pityriasis Rubra Pilaris[SEP][CLS]scabies","0"
"Gallbladder Signet Ring Cell Carcinoma[SEP][CLS]skull base meningioma","0"
"Angiomatous Meningioma[SEP][CLS]functional gastric disease","0"
"Thyroid Gland Microfollicular Adenoma[SEP][CLS]spinal canal and spinal cord meningioma","0"
"Lymphocytic Gastritis[SEP][CLS]cystadenocarcinoma","0"
"Early/Prefibrotic Primary Myelofibrosis[SEP][CLS]malaria","0"
"Ureter Urothelial Papilloma[SEP][CLS]trypanosomiasis","0"
"Endometritis[SEP][CLS]connective tissue cancer","0"
"Interstitial Cystitis[SEP][CLS]neuropathy","0"
"Ear Disorder[SEP][CLS]oophoritis","0"
"Syndactyly[SEP][CLS]synostosis","1"
"Pinta[SEP][CLS]primary bacterial infectious disease","1"
"Nasal Cavity and Paranasal Sinus Lethal Midline Granuloma[SEP][CLS]mood disorder","0"
"Bone Leiomyosarcoma[SEP][CLS]essential hypertension","0"
"Lissencephaly[SEP][CLS]congenital heart disease","0"
"Hypothalamic Neoplasm[SEP][CLS]salivary gland disease","0"
"Conventional Osteosarcoma[SEP][CLS]intestinal benign neoplasm","0"
"Benign Pericytic Neoplasm[SEP][CLS]cardiovascular organ benign neoplasm","1"
"POEMS Syndrome[SEP][CLS]gallbladder adenocarcinoma","0"
"Spindle Cell Rhabdomyosarcoma[SEP][CLS]osteosarcoma","0"
"Eye Disorder[SEP][CLS]uterine ligament cancer","0"
"Renal Cell Carcinoma[SEP][CLS]breast mucinous carcinoma","0"
"Potocki-Lupski Syndrome[SEP][CLS]thyroid gland disease","0"
"Atypical Chronic Myeloid Leukemia[SEP][CLS]hereditary lymphedema","0"
"Achromatopsia[SEP][CLS]brain disease","0"
"Clear Cell Acanthoma[SEP][CLS]malignant teratoma","0"
"Prostate Leiomyosarcoma[SEP][CLS]sleep disorder","0"
"B Acute Lymphoblastic Leukemia with t(5;14)(q31.1;q32.3); IL3-IGH[SEP][CLS]mucinous cystadenocarcinoma of pancreas","0"
"Migraine Without Aura[SEP][CLS]migraine","1"
"Gray-Zone Lymphoma[SEP][CLS]blood coagulation disease","0"
"Thoracic Intraspinal Meningioma[SEP][CLS]osteochondrodysplasia","0"
"Giant Cell Glioblastoma[SEP][CLS]liver cancer","0"
"Columnar Cell Variant Thyroid Gland Papillary Carcinoma[SEP][CLS]hematologic cancer","0"
"Leishmaniasis[SEP][CLS]respiratory system disease","0"
"Chronic Lymphocytic Leukemia/Small Lymphocytic Lymphoma[SEP][CLS]chronic lymphocytic leukemia","1"
"Osteoporosis[SEP][CLS]hemangioma","0"
"Premature Ejaculation[SEP][CLS]acute myeloid leukemia","0"
"Lung Non-Small Cell Carcinoma[SEP][CLS]pneumonia","0"
"Tuberculous Laryngitis[SEP][CLS]neuropathy","0"
"Chronic Suppurative Otitis Media[SEP][CLS]splenic disease","0"
"Inflammatory Leiomyosarcoma[SEP][CLS]leiomyosarcoma","1"
"Cutaneous Granular Cell Tumor[SEP][CLS]reflex epilepsy","0"
"Potter Syndrome[SEP][CLS]well-differentiated liposarcoma","0"
"Breast Pericanalicular Fibroadenoma[SEP][CLS]thiamine deficiency disease","0"
"Pedophilia[SEP][CLS]neurilemmoma","0"
"Ataxia with Isolated Vitamin E Deficiency[SEP][CLS]epithelial and subepithelial dystrophy","0"
"Female Breast Carcinoma[SEP][CLS]amino acid metabolic disorder","0"
"Gastrin-Producing Neuroendocrine Tumor[SEP][CLS]multifocal osteogenic sarcoma","0"
"Amino Acid Metabolism Disorder[SEP][CLS]uterine ligament adenocarcinoma","0"
"Multiple System Atrophy[SEP][CLS]iris disease","0"
"Uterine Carcinosarcoma[SEP][CLS]breast disease","0"
"Skin Leiomyoma[SEP][CLS]amino acid metabolic disorder","0"
"Uterine Corpus Dissecting Leiomyoma[SEP][CLS]cerebral arterial disease","0"
"Creutzfeldt-Jakob Disease[SEP][CLS]vulva cancer","0"
"Cardiovascular Disorder[SEP][CLS]skull base cancer","0"
"Borderline Personality Disorder[SEP][CLS]gastrointestinal system disease","0"
"Obsessive Compulsive Disorder[SEP][CLS]auditory system disease","0"
"Malaria[SEP][CLS]sigmoid colon cancer","0"
"Immune Complex Glomerulonephritis[SEP][CLS]neuropathy","0"
"Bladder Diffuse Clear Cell Adenocarcinoma[SEP][CLS]meningioma","0"
"Polydactyly[SEP][CLS]meningioma","0"
"Twin-Twin Transfusion Syndrome[SEP][CLS]liposarcoma","0"
"Argininosuccinic Aciduria[SEP][CLS]amino acid metabolic disorder","1"
"Corpus Callosum Lipoma[SEP][CLS]benign giant cell tumor","0"
"Chronic Neutrophilic Leukemia[SEP][CLS]cystitis","0"
"Chronic Fatigue Syndrome[SEP][CLS]mitochondrial encephalomyopathy","0"
"Bladder Hepatoid Adenocarcinoma[SEP][CLS]bacterial infectious disease","0"
"Primary Cutaneous T-Cell Non-Hodgkin Lymphoma[SEP][CLS]disease of anatomical entity","0"
"Blastoma[SEP][CLS]supratentorial cancer","0"
"Laryngitis[SEP][CLS]placenta disease","0"
"Chronic Tic Disorder[SEP][CLS]tic disorder","1"
"Nodular Fasciitis[SEP][CLS]eccrine sweat gland neoplasm","0"
"Mixed Astrocytoma-Ependymoma[SEP][CLS]neuroendocrine tumor","0"
"Sympathetic Schwannoma[SEP][CLS]cornea cancer","0"
"Female Orgasmic Disorder[SEP][CLS]spinal canal and spinal cord meningioma","0"
"Retinal Detachment[SEP][CLS]primary cutaneous T-cell non-Hodgkin lymphoma","0"
"Cervical Symmetrical Lipomatosis[SEP][CLS]ovarian cystadenocarcinoma","0"
"Respiratory Syncytial Virus Infection[SEP][CLS]lymphoma","0"
"Familial Hyperaldosteronism Type 1[SEP][CLS]primary hyperaldosteronism","1"
"Animal Phobia[SEP][CLS]combined immunodeficiency","0"
"Iritis[SEP][CLS]lipoma","0"
"Lymphoplasmacyte-Rich Meningioma[SEP][CLS]placenta disease","0"
"Skull Base Neoplasm[SEP][CLS]gastrointestinal system benign neoplasm","0"
"Conus Medullaris Neoplasm[SEP][CLS]esophagus squamous cell carcinoma","0"
"Penile Paget Disease[SEP][CLS]sweat gland benign neoplasm","0"
"Mixed Liposarcoma[SEP][CLS]liposarcoma","1"
"Hereditary Retinal Dystrophy[SEP][CLS]renal cell carcinoma","0"
"Interstitial Myocarditis[SEP][CLS]hypopituitarism","0"
"Sarcoidosis[SEP][CLS]syndrome","0"
"GM1 Gangliosidosis[SEP][CLS]gangliosidosis","1"
"Hereditary Fructose Intolerance[SEP][CLS]low grade glioma","0"
"Posterior Uveitis[SEP][CLS]uterine corpus sarcoma","0"
"Metabolic Disorder[SEP][CLS]multifocal osteogenic sarcoma","0"
"Paroxysmal Nocturnal Hemoglobinuria[SEP][CLS]fallopian tube benign neoplasm","0"
"Invasive Bladder Lipid-Rich Urothelial Carcinoma[SEP][CLS]renal carcinoma","0"
"Subclavian Steal Syndrome[SEP][CLS]cervical cancer","0"
"Cerebral Hemisphere Lipoma[SEP][CLS]central nervous system lipoma","1"
"Ureteric Orifice[SEP][CLS]pneumoconiosis","0"
"Visual Cortex Disorder[SEP][CLS]lysosomal storage disease","0"
"Small Intestinal Neoplasm[SEP][CLS]choroid disease","0"
"Potassium Deficiency Disorder[SEP][CLS]amnestic disorder","0"
"Pancreatic Mucinous Cystadenoma[SEP][CLS]intraductal breast benign neoplasm","0"
"Childhood Testicular Choriocarcinoma[SEP][CLS]myeloproliferative neoplasm","0"
"Cerebral Malaria[SEP][CLS]ciliopathy","0"
"Latent Syphilis[SEP][CLS]auditory system disease","0"
"Kidney Angiomyolipoma[SEP][CLS]mesenchymal chondrosarcoma","0"
"Cerebral Neoplasm[SEP][CLS]pancreatic carcinoma","0"
"Breast Hypertrophy[SEP][CLS]functional gastric disease","0"
"Hemopericardium[SEP][CLS]viral infectious disease","0"
"Vulvar Leiomyoma[SEP][CLS]polycythemia","0"
"Histiocytic Sarcoma[SEP][CLS]hemangioma","0"
"Primary Parapharyngeal Meningioma[SEP][CLS]bone giant cell tumor","0"
"Diverticulitis[SEP][CLS]heart sarcoma","0"
"Sex Cord-Stromal Tumor[SEP][CLS]male infertility","0"
"Myopia[SEP][CLS]pancreatic cancer","0"
"Blomstrand Type Chondrodysplasia[SEP][CLS]cerebral degeneration","0"
"Diffuse Lipomatosis[SEP][CLS]laryngeal disease","0"
"Amyotrophic Lateral Sclerosis[SEP][CLS]salpingitis","0"
"Erythropoietic Protoporphyria[SEP][CLS]prostate adenocarcinoma","0"
"Orbital Cellulitis[SEP][CLS]pigmentation disease","0"
"Sphenocavernous Meningioma[SEP][CLS]peripheral vascular disease","0"
"Craniosynostosis[SEP][CLS]synostosis","1"
"Breast Adenomyoepithelial Adenosis[SEP][CLS]bone resorption disease","0"
"Meningothelial Meningioma[SEP][CLS]meningioma","1"
"Cervical Endometrioid Adenocarcinoma[SEP][CLS]epithelioid sarcoma","0"
"EZB Diffuse Large B-Cell Lymphoma[SEP][CLS]syndrome","0"
"Endomyocardial Fibrosis[SEP][CLS]teeth hard tissue disease","0"
"Secondary Hyperparathyroidism[SEP][CLS]placenta disease","0"
"Cerebellar Pilocytic Astrocytoma[SEP][CLS]adenocarcinoma","0"
"Diffuse Large B-Cell Lymphoma Activated B-Cell Type[SEP][CLS]sweat gland cancer","0"
"Hereditary Meningioma[SEP][CLS]peripheral nervous system disease","0"
"Hyperlysinemia[SEP][CLS]cholestasis","0"
"Waardenburg Syndrome Type 1[SEP][CLS]Waardenburg syndrome","1"
"High Grade Astrocytoma with Piloid Features[SEP][CLS]disease of mental health","0"
"Amino Acid Metabolism Disorder[SEP][CLS]specific phobia","0"
"Ulcerative Stomatitis[SEP][CLS]functioning pituitary adenoma","0"
"Histrionic Personality Disorder[SEP][CLS]synostosis","0"
"Temporal Lobe Epilepsy[SEP][CLS]cervix carcinoma","0"
"Epithelioid Hemangioma[SEP][CLS]lymphatic system disease","0"
"Uterine Corpus Adenosarcoma[SEP][CLS]uterine body mixed cancer","1"
"Bartonella Infection[SEP][CLS]primary bacterial infectious disease","1"
"Achard Syndrome[SEP][CLS]nose disease","0"
"Childhood Ovarian Immature Teratoma[SEP][CLS]breast adenocarcinoma","0"
"Anterior Cranial Fossa Meningioma[SEP][CLS]B-lymphoblastic leukemia/lymphoma","0"
"Limb-Girdle Muscular Dystrophy[SEP][CLS]muscular dystrophy","1"
"Non Specific Chronic Endometritis[SEP][CLS]leiomyosarcoma","0"
"Hymenolepiasis[SEP][CLS]stomach cancer","0"
"Neuronal Ceroid Lipofuscinosis[SEP][CLS]renal adenoma","0"
"Thrombocytopenia Due to Immune Destruction[SEP][CLS]prostate carcinoma","0"
"Esophageal Leukoplakia[SEP][CLS]cell type benign neoplasm","0"
"Breast Squamous Cell Carcinoma, Large Cell Keratinizing Variant[SEP][CLS]synostosis","0"
"Intradural Extramedullary Spinal Canal Neoplasm[SEP][CLS]medulloblastoma","0"
"Down Syndrome[SEP][CLS]testicular disease","0"
"Exostosis[SEP][CLS]lymphatic system disease","0"
"Acute Suppurative Thyroiditis[SEP][CLS]microcytic anemia","0"
"Restless Leg Syndrome[SEP][CLS]kidney disease","0"
"Ovarian Mucinous Cystadenocarcinoma[SEP][CLS]retinal disease","0"
"High Grade B-Cell Lymphoma with MYC and BCL2 or BCL6 Rearrangements[SEP][CLS]scrotal carcinoma","0"
"Gestational Choriocarcinoma[SEP][CLS]peripheral nerve sheath neoplasm","0"
"Frontal Sinus Neoplasm[SEP][CLS]paranasal sinus benign neoplasm","1"
"Hypoactive Sexual Desire Disorder[SEP][CLS]parathyroid adenoma","0"
"Sphenoid Sinus Neoplasm[SEP][CLS]breast fibroadenoma","0"
"Endometrial Disorder[SEP][CLS]anemia","0"
"Malignant Cardiac Germ Cell Tumor[SEP][CLS]viral infectious disease","0"
"Palmoplantar Pustulosis[SEP][CLS]cell type benign neoplasm","0"
"Lumbar Intraspinal Meningioma[SEP][CLS]angiomyoma","0"
"Childhood Central Nervous System Mature Teratoma[SEP][CLS]bladder adenocarcinoma","0"
"Immunodeficiency[SEP][CLS]central nervous system disease","0"
"Synovial Neoplasm[SEP][CLS]microscopic colitis","0"
"Sarcomatosis[SEP][CLS]physical disorder","0"
"Cryoglobulinemia[SEP][CLS]hypersensitivity reaction type IV disease","1"
"Adenocarcinoma In Situ[SEP][CLS]synovial sarcoma","0"
"Urachal Urothelial Carcinoma[SEP][CLS]pseudosarcomatous fibromatosis","0"
"Malignant Granular Cell Tumor[SEP][CLS]osteosarcoma","0"
"Hypoglossal Nerve Neoplasm[SEP][CLS]breast cyst","0"
"Brucellosis[SEP][CLS]congenital heart disease","0"
"Thyrotoxicosis[SEP][CLS]esophageal disease","0"
"Developmental Coordination Disorder[SEP][CLS]food allergy","0"
"Osteoporosis[SEP][CLS]gonadal dysgenesis","0"
"Orofaciodigital Syndrome Type 6[SEP][CLS]arteriosclerosis","0"
"Benign Vaginal Mixed Tumor[SEP][CLS]movement disease","0"
"Chalazion[SEP][CLS]blepharitis","1"
"Testicular Germ Cell Tumor[SEP][CLS]cervix carcinoma","0"
"Supratentorial Ependymoma, ZFTA-RELA Fusion-Positive[SEP][CLS]testicular malignant germ cell cancer","0"
"POEMS Syndrome[SEP][CLS]hyperpituitarism","0"
"Anemia of Prematurity[SEP][CLS]intracranial structure hemangioma","0"
"Myeloid/Lymphoid Neoplasms with FGFR1 Rearrangement[SEP][CLS]scrotal carcinoma","0"
"Syringomyelia[SEP][CLS]mood disorder","0"
"Preeclampsia[SEP][CLS]liver benign neoplasm","0"
"Invasive Bladder Urothelial Carcinoma[SEP][CLS]bladder urothelial carcinoma","1"
"Cervicomedullary Junction Neoplasm[SEP][CLS]coccidiosis","0"
"Lactic Acidosis[SEP][CLS]adenofibroma","0"
"Gastric Teratoma[SEP][CLS]capillary disease","0"
"Liposarcoma[SEP][CLS]stomach cancer","0"
"Interstitial Cystitis[SEP][CLS]psychosexual disorder","0"
"Petrous Apex Meningioma[SEP][CLS]pre-eclampsia","0"
"Ovarian Yolk Sac Tumor[SEP][CLS]ureter carcinoma","0"
"Peroxisomal Acyl-CoA Oxidase Deficiency[SEP][CLS]ovary adenocarcinoma","0"
"Seizure Disorder[SEP][CLS]congenital mesoblastic nephroma","0"
"Sebaceous Gland Neoplasm[SEP][CLS]skin benign neoplasm","1"
"Leuteoma of Pregnancy[SEP][CLS]uterine ligament cancer","0"
"Dengue Hemorrhagic Fever[SEP][CLS]inner ear disease","0"
"Ovarian Clear Cell Cystadenocarcinoma[SEP][CLS]ovarian cystadenocarcinoma","1"
"Hypothalamic Neoplasm[SEP][CLS]renal carcinoma","0"
"Pineal Region Mature Teratoma[SEP][CLS]intestinal disease","0"
"Ovarian Carcinosarcoma[SEP][CLS]bladder urothelial carcinoma","0"
"Intradural Extramedullary Spinal Canal Neoplasm[SEP][CLS]laryngeal benign neoplasm","0"
"Scleredema Adultorum[SEP][CLS]arthropathy","0"
"Mixed Cellularity Classic Hodgkin Lymphoma[SEP][CLS]pancreatic carcinoma","0"
"Ovarian Endometrioid Adenofibroma[SEP][CLS]diaphragm disease","0"
"Pseudogout[SEP][CLS]sweat gland disease","0"
"Skin Fibroepithelial Basal Cell Carcinoma[SEP][CLS]physical disorder","0"
"Childhood Supratentorial Ependymoma, Not Otherwise Specified[SEP][CLS]paraphilia disorder","0"
"Restrictive Cardiomyopathy[SEP][CLS]pancreatic cystadenoma","0"
"Intratubular Non-Seminoma[SEP][CLS]mineral metabolism disease","0"
"Epithelioid Hemangioma[SEP][CLS]central nervous system cancer","0"
"Thymoma Type A[SEP][CLS]acute myeloid leukemia","0"
"Bartholin Gland Cyst[SEP][CLS]neuroma","0"
"Breast Leiomyoma[SEP][CLS]bacterial conjunctivitis","0"
"Pineal Region Choriocarcinoma[SEP][CLS]thyroid gland carcinoma","0"
"Male Urethral Malignant Neoplasm[SEP][CLS]urethra cancer","1"
"Conventional Lipoma[SEP][CLS]cholangitis","0"
"Mucin-Rich Endometrial Endometrioid Adenocarcinoma[SEP][CLS]cystadenocarcinoma","0"
"Cerebrotendinous Xanthomatosis[SEP][CLS]breast carcinoma","0"
"Central Nervous System Leukemia[SEP][CLS]fallopian tube cancer","0"
"Localized Osteosarcoma[SEP][CLS]medulloblastoma","0"
"Periosteal Chondroma[SEP][CLS]mite infestation","0"
"Cemento-Ossifying Fibroma[SEP][CLS]choriocarcinoma","0"
"Squamous Papillomatosis[SEP][CLS]hyperpituitarism","0"
"Tenosynovial Giant Cell Tumor, Diffuse Type[SEP][CLS]pancreatic adenocarcinoma","0"
"Mediastinal Angiosarcoma[SEP][CLS]mediastinal cancer","0"
"Hereditary Melanoma[SEP][CLS]ovarian dysfunction","0"
"Testicular Seminoma, Cribriform Variant[SEP][CLS]glomerulonephritis","0"
"Breast Adenosis[SEP][CLS]rete ovarii adenoma","0"
"Mycetoma[SEP][CLS]paranasal sinus benign neoplasm","0"
"Capgras Syndrome[SEP][CLS]cell type cancer","0"
"Psychogenic Vaginismus[SEP][CLS]chronic lymphocytic leukemia/small lymphocytic lymphoma","0"
"Aplastic Anemia[SEP][CLS]pulmonary fibrosis","0"
"Papillary Glioneuronal Tumor[SEP][CLS]benign giant cell tumor","0"
"Skin Clear Cell Basal Cell Carcinoma[SEP][CLS]lipoma","0"
"Breast Apocrine Adenosis[SEP][CLS]non-proliferative fibrocystic change of the breast","1"
"Intravascular Large B-Cell Lymphoma[SEP][CLS]testicular disease","0"
"Pancreatic Serous Cystadenocarcinoma[SEP][CLS]breast squamous cell carcinoma","0"
"Orbit Cavernous Hemangioma[SEP][CLS]B cell deficiency","0"
"Childhood Malignant Mesenchymoma[SEP][CLS]parasitic protozoa infectious disease","0"
"Tactile Epilepsy[SEP][CLS]orbit rhabdomyosarcoma","0"
"Pulp Degeneration[SEP][CLS]sarcomatoid carcinoma","0"
"Skull Base Meningioma[SEP][CLS]optic nerve disease","0"
"Malignant Ethmoid Sinus Neoplasm[SEP][CLS]adenocarcinoma","0"
"Peripheral Ganglioneuroblastoma[SEP][CLS]skin benign neoplasm","0"
"Early/Prefibrotic Primary Myelofibrosis[SEP][CLS]renal cell carcinoma","0"
"Muscle Atrophy[SEP][CLS]cranial nerve malignant neoplasm","0"
"Pancreatic Mucinous-Cystic Neoplasm with an Associated Invasive Carcinoma[SEP][CLS]kidney cancer","0"
"Mediastinal Melanotic Schwannoma[SEP][CLS]stomach disease","0"
"Arthropathy in Behcet's Syndrome[SEP][CLS]heart aneurysm","0"
"Testicular Pure Germ Cell Tumor[SEP][CLS]testicular germ cell cancer","1"
"Aspergillosis[SEP][CLS]uveal melanoma","0"
"Adult Teratoma[SEP][CLS]mastocytosis","0"
"Splenic Manifestation of Prolymphocytic Leukemia[SEP][CLS]specific phobia","0"
"Mediastinal Psammomatous Schwannoma[SEP][CLS]biliary tract disease","0"
"Infective Arthritis[SEP][CLS]adult brain stem glioma","0"
"Petrous Apex Meningioma[SEP][CLS]fasciitis","0"
"Ovarian Yolk Sac Tumor, Glandular Pattern[SEP][CLS]ovarian endodermal sinus tumor","1"
"Acantholytic Acanthoma[SEP][CLS]squamous cell carcinoma","0"
"Endometrial Clear Cell Adenocarcinoma[SEP][CLS]chronic polyneuropathy","0"
"Acute Myeloid Leukemia with Biallelic CEBPA Mutation[SEP][CLS]testicular malignant germ cell cancer","0"
"Carotenemia[SEP][CLS]acquired metabolic disease","1"
"Breast Intraductal Neoplasm[SEP][CLS]urethra adenocarcinoma","0"
"Bile Duct Mucinous Cystic Neoplasm with an Associated Invasive Carcinoma[SEP][CLS]sphingolipidosis","0"
"Childhood Intracranial Meningioma[SEP][CLS]centronuclear myopathy","0"
"Extramammary Paget Disease[SEP][CLS]disease of anatomical entity","0"
"Nipple Duct Carcinoma[SEP][CLS]systemic mastocytosis","0"
"Benign Recurrent Intrahepatic Cholestasis[SEP][CLS]invasive bladder transitional cell carcinoma","0"
"Coccidiosis[SEP][CLS]ureteral disease","0"
"Myositis Ossificans[SEP][CLS]pleomorphic rhabdomyosarcoma","0"
"Cauda Equina Neuroendocrine Tumor[SEP][CLS]cauda equina neoplasm","1"
"Synovitis, Acne, Pustulosis, Hyperostosis, and Osteitis Syndrome[SEP][CLS]ovarian benign neoplasm","0"
"Osteoporosis[SEP][CLS]bone resorption disease","1"
"Cerebellar Liponeurocytoma[SEP][CLS]cerebellum cancer","1"
"Benign Lymphoepithelial Lesion of the Salivary Gland[SEP][CLS]salivary gland disease","1"
"Medulloblastoma, WNT-Activated[SEP][CLS]cataract","0"
"Premature Menopause[SEP][CLS]polycythemia","0"
"Primary Lymphedema[SEP][CLS]transitional cell carcinoma","0"
"Alpha-Mannosidosis[SEP][CLS]peripheral nervous system neoplasm","0"
"Pyuria[SEP][CLS]middle ear disease","0"
"PEComa[SEP][CLS]teeth hard tissue disease","0"
"Open Angle Glaucoma[SEP][CLS]glaucoma","1"
"Lateral Medullary Syndrome[SEP][CLS]brain stem infarction","1"
"Skin Follicular Basal Cell Carcinoma[SEP][CLS]specific developmental disorder","0"
"Pulp Degeneration[SEP][CLS]pemphigoid","0"
"Penile Urethral Malignant Neoplasm[SEP][CLS]malignant ovarian germ cell neoplasm","0"
"Nodular Sclerosis Classic Hodgkin Lymphoma[SEP][CLS]malignant astrocytoma","0"
"Skull Base Neoplasm[SEP][CLS]central nervous system benign neoplasm","0"
"Newcastle Disease[SEP][CLS]kidney angiomyolipoma","0"
"Astrocytoma, IDH-Mutant, Grade 2[SEP][CLS]viral infectious disease","0"
"Facial Nerve Disorder[SEP][CLS]uveitis","0"
"Emery-Dreifuss Muscular Dystrophy[SEP][CLS]brain glioma","0"
"Leiomyoma[SEP][CLS]lung disease","0"
"Pituitary Dwarfism[SEP][CLS]benign giant cell tumor","0"
"Urethral Obstruction[SEP][CLS]renal tubular transport disease","0"
"Breast Acinic Cell Carcinoma[SEP][CLS]kidney sarcoma","0"
"Lymphocele[SEP][CLS]childhood spinal muscular atrophy","0"
"Sellar Region Neoplasm[SEP][CLS]heart conduction disease","0"
"Radiation Cystitis[SEP][CLS]hypertension","0"
"Anterior Foramen Magnum Meningioma[SEP][CLS]muscular dystrophy","0"
"Capgras Syndrome[SEP][CLS]delusional disorder","1"
"Kidney Disorder[SEP][CLS]gastrointestinal system benign neoplasm","0"
"Diabetes Insipidus[SEP][CLS]diffuse large B-cell lymphoma","0"
"Notochordal Tumor[SEP][CLS]meningitis","0"
"Germ Cell Tumor[SEP][CLS]lymphedema","0"
"Medulloblastoma, WNT-Activated[SEP][CLS]medulloblastoma","1"
"Varicose Vein[SEP][CLS]psoriasis","0"
"Androgen Insensitivity Syndrome[SEP][CLS]diffuse large B-cell lymphoma","0"
"Steroid Lipomatosis[SEP][CLS]pilocytic astrocytoma","0"
"Tabes Dorsalis[SEP][CLS]tertiary neurosyphilis","1"
"Thymic Sarcomatoid Carcinoma[SEP][CLS]thymic carcinoma","1"
"Hereditary Leukokeratosis[SEP][CLS]pituitary gland disease","0"
"Pulpitis[SEP][CLS]carcinoma","0"
"Scabies[SEP][CLS]smallpox","0"
"Leigh Disease[SEP][CLS]ovarian endometrioid adenofibroma","0"
"Keratoconus[SEP][CLS]eye disease","0"
"Dihydropyrimidine Dehydrogenase Deficiency[SEP][CLS]cervical adenomyoma","0"
"PEComa[SEP][CLS]malignant peripheral nerve sheath tumor","0"
"Hallermann Syndrome[SEP][CLS]medulloblastoma","0"
"Dermatographism[SEP][CLS]pleomorphic rhabdomyosarcoma","0"
"Hypohidrosis[SEP][CLS]vaginal adenoma","0"
"Clivus Chordoma[SEP][CLS]skull base chordoma","1"
"Lung Large Cell Carcinoma[SEP][CLS]spinal cancer","0"
"Adult Vaginal Botryoid-Type Embryonal Rhabdomyosarcoma[SEP][CLS]squamous cell carcinoma","0"
"Medulloepithelioma Not Otherwise Specified[SEP][CLS]sweat gland disease","0"
"Fibrous Histiocytoma[SEP][CLS]bone sarcoma","0"
"Eosinophilic Gastritis[SEP][CLS]muscle benign neoplasm","0"
"Endometrial Endometrioid Adenocarcinoma, Secretory Variant[SEP][CLS]secondary Parkinson disease","0"
"Myiasis[SEP][CLS]speech disorder","0"
"Pulmonary Valve Disorder[SEP][CLS]anencephaly","0"
"Central Neurocytoma[SEP][CLS]cerebral ventricle cancer","1"
"Hereditary Kidney Oncocytoma[SEP][CLS]renal oncocytoma","1"
"Jugular Foramen Schwannoma[SEP][CLS]breast adenocarcinoma","0"
"Lacrimal Gland Adenoid Cystic Carcinoma[SEP][CLS]disease of anatomical entity","0"
"Adult Central Nervous System Germ Cell Tumor[SEP][CLS]autonomic nervous system neoplasm","0"
"Cerebellopontine Angle Neoplasm[SEP][CLS]stomach carcinoma","0"
"Dome of the Bladder[SEP][CLS]retroperitoneal sarcoma","0"
"Olfactory Neuroblastoma[SEP][CLS]cerebrum cancer","0"
"Peroxisomal Acyl-CoA Oxidase Deficiency[SEP][CLS]peroxisomal disease","1"
"Retroperitoneal Leiomyosarcoma[SEP][CLS]gastrointestinal system disease","0"
"Diffuse Large B-Cell Lymphoma Germinal Center B-Cell Type[SEP][CLS]malignant astrocytoma","0"
"Demyelinating Polyneuropathy[SEP][CLS]hemangioma","0"
"Ovarian Endometrioid Adenofibroma[SEP][CLS]osteosarcoma","0"
"Tuberculous Empyema[SEP][CLS]middle ear disease","0"
"Esophageal Mucoepidermoid Carcinoma[SEP][CLS]nervous system disease","0"
"Gasserian Meningioma[SEP][CLS]gastrointestinal system disease","0"
"Vulvar Syringoma[SEP][CLS]anal canal adenocarcinoma","0"
"Clear Cell Cystadenofibroma[SEP][CLS]interstitial lung disease","0"
"Epithelial Predominant Pulmonary Blastoma[SEP][CLS]central nervous system disease","0"
"Craniopharyngioma[SEP][CLS]central nervous system benign neoplasm","1"
"Breast Sclerosing Adenosis[SEP][CLS]renal tubular transport disease","0"
"Malignant Essential Hypertension[SEP][CLS]complement deficiency","0"
"Salpingitis Isthmica Nodosa[SEP][CLS]intestinal disease","0"
"Bile Duct Disorder[SEP][CLS]acute asthma","0"
"Peroxisomal Disorder[SEP][CLS]prostate adenocarcinoma","0"
"Myositis[SEP][CLS]breast benign neoplasm","0"
"Childhood Vulvar Botryoid-Type Embryonal Rhabdomyosarcoma[SEP][CLS]vulvar sarcoma","1"
"Uric Acid Urolithiasis[SEP][CLS]lung disease","0"
"Hypertrophic Cardiomyopathy[SEP][CLS]supratentorial ependymoma","0"
"Posterior Fossa Ependymoma, Group B (PFB)[SEP][CLS]dermis tumor","0"
"Selective IgD Immunodeficiency[SEP][CLS]extrinsic allergic alveolitis","0"
"Cerebral Palsy[SEP][CLS]ovarian papillary neoplasm","0"
"Fallopian Tube Disorder[SEP][CLS]liposarcoma","0"
"Mood Disorder[SEP][CLS]liver disease","0"
"Retroperitoneal Hemangiopericytoma[SEP][CLS]anal squamous cell carcinoma","0"
"Plasmacytoma[SEP][CLS]reproductive organ cancer","0"
"Contact Dermatitis[SEP][CLS]dermatitis","1"
"Ophthalmoplegia[SEP][CLS]ocular motility disease","1"
"Sarcomatoid Renal Cell Carcinoma[SEP][CLS]conjunctival degeneration","0"
"Extraskeletal Osteosarcoma[SEP][CLS]biliary tract disease","0"
"Myeloid/Lymphoid Neoplasms with FGFR1 Rearrangement[SEP][CLS]acute myeloid leukemia","0"
"Colon Leiomyoma[SEP][CLS]skin melanoma","0"
"Malignant Myoepithelioma[SEP][CLS]ovarian dysfunction","0"
"Ovarian Monodermal Teratoma[SEP][CLS]hyperostosis","0"
"Appendix Neoplasm[SEP][CLS]intestinal benign neoplasm","1"
"Pilomatricoma[SEP][CLS]nasal cavity benign neoplasm","0"
"Sertoli Cell-Only Syndrome[SEP][CLS]acrocephalosyndactylia","0"
"Thyrotroph Pituitary Neuroendocrine Tumor[SEP][CLS]bone cancer","0"
"Childhood Malignant Germ Cell Tumor[SEP][CLS]aortic aneurysm","0"
"Endometrial Mixed Cell Adenocarcinoma[SEP][CLS]hallucinogen dependence","0"
"Central Giant Cell Granuloma[SEP][CLS]lens disease","0"
"Hypogammaglobulinemia[SEP][CLS]uterine disease","0"
"Infectious Mononucleosis[SEP][CLS]disease of mental health","0"
"Lipoatrophic Diabetes Mellitus[SEP][CLS]ureteral disease","0"
"Benign Lymphoepithelial Lesion of the Salivary Gland[SEP][CLS]hemangiopericytoma","0"
"Multidrug-Resistant Tuberculosis[SEP][CLS]hypopharynx cancer","0"
"Charcot-Marie-Tooth Disease[SEP][CLS]lymphatic system disease","0"
"Gingival Recession[SEP][CLS]nipple benign neoplasm","0"
"Pityriasis Rubra Pilaris[SEP][CLS]skin disease","1"
"Hypertensive Retinopathy[SEP][CLS]papilloma","0"
"Capgras Syndrome[SEP][CLS]malignant exocrine pancreas neoplasm","0"
"Adult Brain Ependymoma[SEP][CLS]osteosarcoma","0"
"Malignant Cardiac Germ Cell Tumor[SEP][CLS]primary hyperoxaluria","0"
"Endometrioid Stromal Sarcoma of the Vagina[SEP][CLS]malignant peripheral nerve sheath tumor","0"
"Breast Fat Necrosis[SEP][CLS]microglandular adenosis","0"
"Sphenoid Sinus Neoplasm[SEP][CLS]mesenchymal chondrosarcoma","0"
"Childhood Hepatocellular Carcinoma[SEP][CLS]thymus adenocarcinoma","0"
"Malignant Oropharyngeal Neoplasm[SEP][CLS]breast carcinoma","0"
"Bizarre Leiomyoma[SEP][CLS]breast benign neoplasm","0"
"Anal Verrucous Carcinoma[SEP][CLS]pyelonephritis","0"
"Sezary Syndrome[SEP][CLS]benign ependymoma","0"
"Progressive Myoclonus Epilepsy[SEP][CLS]glomerulonephritis","0"
"Spinal Cord Ependymoma, MYCN Amplified[SEP][CLS]Bartholin's gland carcinoma","0"
"Von Hippel Lindau Syndrome[SEP][CLS]refractory hematologic cancer","0"
"Combined Lung Small Cell Carcinoma[SEP][CLS]retinal degeneration","0"
"Malignant Thymoma[SEP][CLS]dermatitis","0"
"Dysostosis[SEP][CLS]nutritional deficiency disease","0"
"Essential Tremor[SEP][CLS]meningioma","0"
"Asymmetric Motor Neuropathy[SEP][CLS]aortic disease","0"
"Childhood Cerebellar Astrocytoma[SEP][CLS]malignant astrocytoma","0"
"Chordoid Meningioma[SEP][CLS]breast carcinoma","0"
"Glottis Verrucous Carcinoma[SEP][CLS]hyperparathyroidism","0"
"Central Nervous System Immature Teratoma[SEP][CLS]impulse control disorder","0"
"Corneal Edema[SEP][CLS]retinal cell cancer","0"
"Peripartum Cardiomyopathy[SEP][CLS]lymphedema","0"
"Mesenchymal Extraskeletal Chondrosarcoma[SEP][CLS]germ cell benign neoplasm","0"
"Ovarian Clear Cell Cystadenofibroma[SEP][CLS]ovarian clear cell adenofibroma","1"
"Parasitic Endophthalmitis[SEP][CLS]non-Langerhans-cell histiocytosis","0"
"Adult Cystic Nephroma[SEP][CLS]nail disease","0"
"Mature Gastric Teratoma[SEP][CLS]meningioma","0"
"Thyroid Gland Anaplastic Carcinoma[SEP][CLS]malignant astrocytoma","0"
"Emery-Dreifuss Muscular Dystrophy[SEP][CLS]disease of metabolism","0"
"Otitis Media[SEP][CLS]non-Langerhans-cell histiocytosis","0"
"Chronic Myelomonocytic Leukemia[SEP][CLS]mixed cell type cancer","0"
"Pemphigoid Gestationis[SEP][CLS]dermatitis","0"
"Q Fever[SEP][CLS]hyperostosis","0"
"Frontal Sinusitis[SEP][CLS]sinusitis","1"
"Extrahepatic Bile Duct Adenocarcinoma[SEP][CLS]sebaceous gland disease","0"
"Osteomalacia[SEP][CLS]tooth disease","0"
"Adult Brain Stem Glioma[SEP][CLS]leukemia","0"
"Lymphocytic Colitis[SEP][CLS]pigmentation disease","0"
"Follicular Helper T-Cell Lymphoma, Angioimmunoblastic-Type[SEP][CLS]nail disease","0"
"Laryngeal Adenoid Cystic Carcinoma[SEP][CLS]myocarditis","0"
"Membranoproliferative Glomerulonephritis[SEP][CLS]anemia","0"
"Non-Hodgkin Lymphoma[SEP][CLS]familial hyperlipidemia","0"
"Breast Intraductal Myoepitheliosis[SEP][CLS]paranasal sinus benign neoplasm","0"
"Pseudotumor Cerebri[SEP][CLS]oligodendroglioma","0"
"Malignant Supraglottis Neoplasm[SEP][CLS]syndrome","0"
"Diffuse Infiltrative Lymphocytosis Syndrome[SEP][CLS]brain angioma","0"
"Clivus Chondroid Chordoma[SEP][CLS]pemphigoid","0"
"Ureter Abscess[SEP][CLS]ureteral disease","1"
"Macular Corneal Dystrophy[SEP][CLS]thrombophilia","0"
"Diffuse Large B-Cell Lymphoma, Not Otherwise Specified[SEP][CLS]GM2 gangliosidosis","0"
"Papillary Transitional Cell Carcinoma[SEP][CLS]arthritis","0"
"Central Nervous System Hibernoma[SEP][CLS]primary bacterial infectious disease","0"
"Breast Adenosis[SEP][CLS]breast disease","1"
"Pulmonary Hypertension[SEP][CLS]pituitary gland disease","0"
"Sympathetic Schwannoma[SEP][CLS]fasciitis","0"
"Selective Immunoglobulin Isotype Deficiency[SEP][CLS]diffuse large B-cell lymphoma","0"
"Synovial Sarcoma[SEP][CLS]microcytic anemia","0"
"Metanephric Adenofibroma[SEP][CLS]optic nerve neoplasm","0"
"Invasive Bladder Urothelial Carcinoma[SEP][CLS]cerebral convexity meningioma","0"
"Vesicoureteral Reflux[SEP][CLS]second-degree atrioventricular block","0"
"Renal Pelvis Neoplasm[SEP][CLS]tricuspid valve disease","0"
"Esophageal Verrucous Carcinoma[SEP][CLS]ovarian benign neoplasm","0"
"Intravascular Nodular Fasciitis[SEP][CLS]urethra cancer","0"
"Pyuria[SEP][CLS]necrosis of pituitary","0"
"Benign Lymphoepithelial Lesion of the Salivary Gland[SEP][CLS]basal cell carcinoma","0"
"Extrahepatic Bile Duct Small Cell Neuroendocrine Carcinoma[SEP][CLS]hereditary lymphedema","0"
"Serous Cystadenocarcinoma[SEP][CLS]neuroblastoma","0"
"Penile Sarcomatoid Carcinoma[SEP][CLS]nutritional deficiency disease","0"
"Craniosynostosis[SEP][CLS]vaginal discharge","0"
"Vulvar Leiomyosarcoma[SEP][CLS]complement deficiency","0"
"Ovarian Papillary Cystadenoma[SEP][CLS]female reproductive system disease","0"
"Flying Phobia[SEP][CLS]acute porphyria","0"
"Breast Intraductal Neoplasm[SEP][CLS]physical urticaria","0"
"Posterior Pituitary Gland Neoplasm[SEP][CLS]myeloid and lymphoid neoplasms with eosinophilia and abnormalities of PDGFRA, PDGFRB, and FGFR1","0"
"Seborrheic Dermatitis[SEP][CLS]malignant leptomeningeal neoplasm","0"
"Thymic Sarcomatoid Carcinoma[SEP][CLS]cervical benign neoplasm","0"
"Obstructive Nephropathy[SEP][CLS]inherited metabolic disorder","0"
"Breast Adenoid Cystic Carcinoma[SEP][CLS]placenta disease","0"
"Supraglottis Neoplasm[SEP][CLS]syndrome","0"
"Lung Lymphangioleiomyomatosis[SEP][CLS]well-differentiated liposarcoma","0"
"Intravascular Nodular Fasciitis[SEP][CLS]skin papilloma","0"
"Skeletal Muscle Neoplasm[SEP][CLS]pituitary gland disease","0"
"Orbit Alveolar Rhabdomyosarcoma[SEP][CLS]splenic manifestation of leukemia","0"
"Onchocerciasis[SEP][CLS]filariasis","1"
"Ovarian Fetiform Teratoma[SEP][CLS]sarcoidosis","0"
"Nut Allergy[SEP][CLS]ureteral benign neoplasm","0"
"Rett Syndrome[SEP][CLS]breast adenocarcinoma","0"
"Myxopapillary Ependymoma[SEP][CLS]breast fibrocystic disease","0"
"Urinary Tract Obstruction[SEP][CLS]prion disease","0"
"Retinal Cell Neoplasm[SEP][CLS]leiomyosarcoma","0"
"Myiasis[SEP][CLS]meningioma","0"
"Olfactory Nerve Disorder[SEP][CLS]mononeuritis of upper limb and mononeuritis multiplex","0"
"Female Breast Carcinoma[SEP][CLS]gonadal dysgenesis","0"
"Secretory Meningioma[SEP][CLS]benign mesothelioma","0"
"Malignant Labia Majora Neoplasm[SEP][CLS]neonatal anemia","0"
"Brain Extraskeletal Myxoid Chondrosarcoma[SEP][CLS]communication disorder","0"
"Uterine Corpus Myxoid Leiomyoma[SEP][CLS]muscular dystrophy","0"
"Renovascular Hypertension[SEP][CLS]eye disease","0"
"Laryngeal Squamous Papilloma[SEP][CLS]inherited metabolic disorder","0"
"Selective Immunoglobulin Isotype Deficiency[SEP][CLS]encephalitis","0"
"Bird Fancier's Lung[SEP][CLS]chromosomal duplication syndrome","0"
"Pineal Region Yolk Sac Tumor[SEP][CLS]diabetes mellitus","0"
"Invasive Thymoma[SEP][CLS]nephroblastoma","0"
"Ileus[SEP][CLS]paraplegia","0"
"Kawasaki Disease[SEP][CLS]brain meningioma","0"
"Testicular Non-Seminomatous Germ Cell Tumor[SEP][CLS]vulva carcinoma","0"
"Retroperitoneal Hemangiopericytoma[SEP][CLS]perivascular tumor","0"
"Thymus Disorder[SEP][CLS]hypertension","0"
"Esophageal Small Cell Neuroendocrine Carcinoma[SEP][CLS]leiomyoma","0"
"Penile Leukoplakia[SEP][CLS]penile disease","1"
"Vaginitis[SEP][CLS]parasitic helminthiasis infectious disease","0"
"Narcolepsy[SEP][CLS]cutaneous mastocytosis","0"
"Uterine Corpus Atypical Polypoid Adenomyoma[SEP][CLS]male infertility","0"
"Childhood Testicular Mixed Germ Cell Tumor[SEP][CLS]acute megakaryocytic leukemia","0"
"Sporadic Breast Carcinoma[SEP][CLS]breast duct papilloma","0"
"Granulomatous Colitis[SEP][CLS]Joubert syndrome","0"
"Human Papillomavirus-Independent Cervical Adenocarcinoma, Gastric-Type[SEP][CLS]seminoma","0"
"Bronchopulmonary Dysplasia[SEP][CLS]cystitis","0"
"Dependence[SEP][CLS]encephalitis","0"
"Urethritis[SEP][CLS]amnestic disorder","0"
"Rectal Neoplasm[SEP][CLS]disease by infectious agent","0"
"Uterine Ligament Papillary Cystadenoma Associated with von Hippel-Lindau Disease[SEP][CLS]retinal artery occlusion","0"
"Eyelid Melanoma[SEP][CLS]germ cell cancer","0"
"Meckel Diverticulitis[SEP][CLS]bladder benign neoplasm","0"
"Cryptophthalmia[SEP][CLS]cell type benign neoplasm","0"
"Central Pontine Myelinolysis[SEP][CLS]meningioma","0"
"Papillary Ependymoma[SEP][CLS]benign ependymoma","1"
"Childhood Infratentorial Ependymoma[SEP][CLS]breast mucinous carcinoma","0"
"Childhood Central Nervous System Immature Teratoma[SEP][CLS]central nervous system immature teratoma","1"
"Childhood Ovarian Teratoma[SEP][CLS]eye disease","0"
"Alpha Thalassemia[SEP][CLS]blood protein disease","0"
"Occult Lung Small Cell Carcinoma[SEP][CLS]connective tissue disease","0"
"African Trypanosomiasis[SEP][CLS]sigmoid colon cancer","0"
"Primary Intraocular Non-Hodgkin Lymphoma[SEP][CLS]acute megakaryocytic leukemia","0"
"Typhoid Fever[SEP][CLS]phlebitis","0"
"Ataxia with Isolated Vitamin E Deficiency[SEP][CLS]esophageal disease","0"
"Intravascular Nodular Fasciitis[SEP][CLS]otitis media","0"
"Tylosis[SEP][CLS]chronic meningitis","0"
"Subacute Sclerosing Panencephalitis[SEP][CLS]adrenal cortex disease","0"
"Non-Neoplastic Reproductive System Disorder[SEP][CLS]disease of anatomical entity","1"
"Papillary Craniopharyngioma[SEP][CLS]osteochondrodysplasia","0"
"Localized Osteosarcoma[SEP][CLS]foramen magnum meningioma","0"
"Thoracic Intraspinal Meningioma[SEP][CLS]subglottis cancer","0"
"Compartment Syndrome[SEP][CLS]appendix cancer","0"
"Ethmoid Sinus Adenoid Cystic Carcinoma[SEP][CLS]acute myeloid leukemia","0"
"Tooth Sensitivity[SEP][CLS]childhood kidney cancer","0"
"Oculomotor Nerve Disorder[SEP][CLS]nephroblastoma","0"
"Gastric Tubular Adenocarcinoma[SEP][CLS]primary bacterial infectious disease","0"
"Vaginitis[SEP][CLS]food allergy","0"
"Endocrine System Disorder[SEP][CLS]bone development disease","0"
"Malignant Frontal Sinus Neoplasm[SEP][CLS]meningitis","0"
"Prostate Embryonal Rhabdomyosarcoma[SEP][CLS]congenital hemolytic anemia","0"
"Congenital Combined Immunodeficiency[SEP][CLS]skin disease","0"
"Gingival Disorder[SEP][CLS]immune system disease","0"
"Renal Tubular Acidosis[SEP][CLS]renal cell carcinoma","0"
"Sezary Syndrome[SEP][CLS]purine-pyrimidine metabolic disorder","0"
"Mixed Mineral Dust Pneumoconiosis[SEP][CLS]connective tissue cancer","0"
"Leri-Weill Dyschondrosteosis[SEP][CLS]hepatobiliary disease","0"
"Spinal Meningioma[SEP][CLS]conjunctival cancer","0"
"Childhood Supratentorial Ependymoma, Not Otherwise Specified[SEP][CLS]viral infectious disease","0"
"Bartholin Gland Adenoid Cystic Carcinoma[SEP][CLS]corneal disease","0"
"Composite Ganglioneuroblastoma, Stroma-Dominant and Stroma-Poor[SEP][CLS]radiculopathy","0"
"Vulvar Disorder[SEP][CLS]eating disorder","0"
"Complex Regional Pain Syndrome II[SEP][CLS]non-Hodgkin lymphoma","0"
"Leukemia[SEP][CLS]ichthyosis","0"
"Schizophrenia[SEP][CLS]liver sarcoma","0"
"Acute Myeloid Leukemia with BCR-ABL1[SEP][CLS]acute myeloid leukemia","1"
"Non-Functioning Pituitary Neuroendocrine Tumor[SEP][CLS]childhood germ cell cancer","0"
"Seminal Vesicle Neoplasm[SEP][CLS]superficial mycosis","0"
"Anaplastic Oligodendroglioma[SEP][CLS]lymphatic system disease","0"
"Infertility[SEP][CLS]bone deterioration disease","0"
"Vulvar Trichoepithelioma[SEP][CLS]fasciitis","0"
"Angiolipoma[SEP][CLS]transitional cell carcinoma","0"
"Testicular Yolk Sac Tumor, Macrocystic Pattern[SEP][CLS]cerebral ventricle cancer","0"
"Focal Embolic Glomerulonephritis[SEP][CLS]corneal disease","0"
"Neuronal Ceroid Lipofuscinosis[SEP][CLS]malignant ovarian germ cell neoplasm","0"
"Thymic Lymphoepithelial Carcinoma[SEP][CLS]benign mesothelioma","0"
"Penile Basaloid Squamous Cell Carcinoma[SEP][CLS]penis squamous cell carcinoma","1"
"Complete Androgen Insensitivity Syndrome[SEP][CLS]fallopian tube disease","0"
"Pyomyositis[SEP][CLS]gastritis","0"
"Breast Adenomyoepithelial Adenosis[SEP][CLS]glomerulonephritis","0"
"Poland Syndrome[SEP][CLS]hematopoietic system disease","0"
"Solitary Reticulohistiocytoma[SEP][CLS]uterine corpus sarcoma","0"
"Chronic Pyelonephritis[SEP][CLS]galactosemia","0"
"Vasculitis[SEP][CLS]endocrine gland cancer","0"
"Sphenoidal Sinusitis[SEP][CLS]laryngeal disease","0"
"Astrocytoma, IDH-Mutant, Grade 4[SEP][CLS]acute myeloid leukemia","0"
"Dehydration Polycythemia[SEP][CLS]upper respiratory tract disease","0"
"Epidermolysis Bullosa[SEP][CLS]hormone producing pituitary cancer","0"
"Molluscum Contagiosum Virus Infection[SEP][CLS]thyroid gland papillary carcinoma","0"
"Fibroblastic Liposarcoma[SEP][CLS]uterine adnexa cancer","0"
"Uterine Corpus Myxoid Leiomyosarcoma[SEP][CLS]inflammatory and toxic neuropathy","0"
"Anal Canal Paget Disease[SEP][CLS]androgen insensitivity syndrome","0"
"Glycogen-Rich, Clear Cell Breast Carcinoma[SEP][CLS]peroxisomal disease","0"
"Ovarian Serous Adenofibroma[SEP][CLS]nutritional deficiency disease","0"
"Skin Angiosarcoma[SEP][CLS]disorder of sexual development","0"
"Testicular Yolk Sac Tumor, Solid Pattern[SEP][CLS]plasma protein metabolism disease","0"
"Fetal Valproate Syndrome[SEP][CLS]cranial nerve disease","0"
"Collecting Duct Carcinoma[SEP][CLS]renal cell carcinoma","1"
"Epidermolytic Acanthoma[SEP][CLS]acanthoma","1"
"Bartholin Gland Small Cell Neuroendocrine Carcinoma[SEP][CLS]Bartholin's gland carcinoma","1"
"Brain Stem Intraparenchymal Clear Cell Meningioma[SEP][CLS]neonatal period electroclinical syndrome","0"
"Pancreatic Mucinous Cystadenoma[SEP][CLS]uterus leiomyosarcoma","0"
"Ovarian Yolk Sac Tumor, Polyvesicular Vitelline Pattern[SEP][CLS]spinal cord glioma","0"
"Core Binding Factor Acute Myeloid Leukemia[SEP][CLS]secondary hypertension","0"
"Ampulla of Vater Small Cell Neuroendocrine Carcinoma[SEP][CLS]ampulla of Vater carcinoma","1"
"Parapsoriasis[SEP][CLS]psoriasis","1"
"Acute Pancreatitis[SEP][CLS]chronic polyneuropathy","0"
"Nasopharyngitis[SEP][CLS]breast adenocarcinoma","0"
"BN2 Diffuse Large B-Cell Lymphoma[SEP][CLS]papilloma","0"
"Reticulosarcoma[SEP][CLS]nephroblastoma","0"
"Ovarian Dysgerminoma[SEP][CLS]muscular dystrophy","0"
"Familial Hyperaldosteronism Type 1[SEP][CLS]pericardium disease","0"
"Sick Euthyroid Syndrome[SEP][CLS]thyroid gland disease","1"
"Childhood Intracranial Meningioma[SEP][CLS]neonatal anemia","0"
"Migraine Without Aura[SEP][CLS]periodontitis","0"
"Fanconi Anemia[SEP][CLS]chronic lymphocytic leukemia/small lymphocytic lymphoma","0"
"Breast Pericanalicular Fibroadenoma[SEP][CLS]urea cycle disorder","0"
"Ductal Eccrine Adenocarcinoma[SEP][CLS]uveal melanoma","0"
"Acute Megakaryoblastic Leukemia[SEP][CLS]chronic polyneuropathy","0"
"Grand Mal Epilepsy[SEP][CLS]adolescence-adult electroclinical syndrome","1"
"Transient Hypogammaglobulinemia[SEP][CLS]lens disease","0"
"Central Giant Cell Granuloma[SEP][CLS]carbohydrate metabolic disorder","0"
"Placenta Accreta[SEP][CLS]breast carcinoma","0"
"Testicular Yolk Sac Tumor[SEP][CLS]central nervous system mesenchymal non-meningothelial tumor","0"
"Hyperparathyroidism[SEP][CLS]syndrome","0"
"Breast Fat Necrosis[SEP][CLS]synovitis","0"
"Dependence[SEP][CLS]organ system cancer","0"
"Testicular Yolk Sac Tumor, Solid Pattern[SEP][CLS]uterine ligament adenocarcinoma","0"
"Acute Cholangitis[SEP][CLS]rhinitis","0"
"Lung Papillary Adenocarcinoma[SEP][CLS]breast cancer","0"
"Gastric Leiomyoma[SEP][CLS]angiosarcoma","0"
"Chronic Metabolic Polyneuropathy[SEP][CLS]idiopathic interstitial pneumonia","0"
"Necrobiosis Lipoidica[SEP][CLS]skin disease","1"
"Villoglandular Endometrial Endometrioid Adenocarcinoma[SEP][CLS]primary thrombocytopenia","0"
"Erythropoietic Protoporphyria[SEP][CLS]optic nerve disease","0"
"Cervical Mullerian Papilloma[SEP][CLS]urinary system disease","0"
"Craniosynostosis[SEP][CLS]rectal disease","0"
"Anomia[SEP][CLS]meningeal melanoma","0"
"Teratoma with Somatic-Type Malignancy[SEP][CLS]posterior pituitary gland neoplasm","0"
"Trichomonas Infection[SEP][CLS]lung disease","0"
"Achromatopsia[SEP][CLS]facial nerve disease","0"
"Epidural Spinal Canal Neoplasm[SEP][CLS]spinal cancer","1"
"Breast Periductal Myoepitheliosis[SEP][CLS]sphenoidal sinus benign neoplasm","0"
"Postauricular Lymphadenitis[SEP][CLS]renal tubular transport disease","0"
"Deep Fibrous Histiocytoma[SEP][CLS]acute disseminated encephalomyelitis","0"
"Vaginal Adenosarcoma[SEP][CLS]laryngeal benign neoplasm","0"
"Splenic Hemangioma[SEP][CLS]male urethral cancer","0"
"Zollinger Ellison Syndrome[SEP][CLS]syndactyly","0"
"Proliferative Fasciitis[SEP][CLS]ocular motility disease","0"
"Cervical Non-Keratinizing Squamous Cell Carcinoma[SEP][CLS]cervical squamous cell carcinoma","1"
"Ureteric Orifice[SEP][CLS]acute biphenotypic leukemia","0"
"Childhood Central Nervous System Immature Teratoma[SEP][CLS]malignant gastric germ cell tumor","0"
"Meningothelial Meningioma[SEP][CLS]cerebrum cancer","0"
"Liver Leiomyoma[SEP][CLS]peripheral vascular disease","0"
"Pseudomembranous Conjunctivitis[SEP][CLS]acute conjunctivitis","1"
"EBV Infection[SEP][CLS]chromophil adenoma of the kidney","0"
"Spinal Cord Disorder[SEP][CLS]disease of mental health","0"
"Seborrheic Dermatitis[SEP][CLS]renal adenoma","0"
"Cholangiolocellular Carcinoma[SEP][CLS]diffuse large B-cell lymphoma","0"
"Hand Foot and Mouth Disease[SEP][CLS]laryngeal squamous cell carcinoma","0"
"Malignant Type AB Thymoma[SEP][CLS]brain disease","0"
"Lung Papillary Adenocarcinoma[SEP][CLS]epidermolysis bullosa","0"
"Bladder Signet Ring Cell Adenocarcinoma[SEP][CLS]medulloblastoma SHH activated","0"
"Colon L-Cell Glucagon-Like Peptide-Producing Neuroendocrine Tumor[SEP][CLS]male reproductive system disease","0"
"Oligospermia[SEP][CLS]melanoma","0"
"Ovarian Serous Adenofibroma[SEP][CLS]meningioma","0"
"Parathyroid Gland Oncocytic Adenoma[SEP][CLS]hyperglycemia","0"
"Annular Pancreas[SEP][CLS]conjunctivitis","0"
"Valvular Heart Disorder[SEP][CLS]acute porphyria","0"
"Malignant Dermal Neoplasm[SEP][CLS]muscular dystrophy","0"
"Pancreatic Serous Cystadenoma[SEP][CLS]testis seminoma","0"
"Neuroaxonal Dystrophy[SEP][CLS]parasitic infectious disease","0"
"Thymic Low Grade Papillary Adenocarcinoma[SEP][CLS]prolymphocytic leukemia","0"
"Malignant Prostate Phyllodes Tumor[SEP][CLS]mast cell neoplasm","0"
"Otitis Media[SEP][CLS]autoimmune disease of skin and connective tissue","0"
"Trigonitis[SEP][CLS]speech disorder","0"
"Benign Pericytic Neoplasm[SEP][CLS]lymph node benign neoplasm","0"
"Interstitial Myocarditis[SEP][CLS]vaginal adenoma","0"
"Myotonic Dystrophy[SEP][CLS]posterior pituitary gland neoplasm","0"
"Pulmonary Embolism[SEP][CLS]GM2 gangliosidosis","0"
"Petrous Apex Meningioma[SEP][CLS]cerebral ventricle cancer","0"
"Breast Intraductal Myoepitheliosis[SEP][CLS]autoimmune disease of the nervous system","0"
"Canker Sore[SEP][CLS]mixed glioma","0"
"Submucosal Invasive Colon Adenocarcinoma[SEP][CLS]colon adenocarcinoma","1"
"Anaplastic Large Cell Lymphoma[SEP][CLS]liver sarcoma","0"
"Neuroblastoma[SEP][CLS]adolescence-adult electroclinical syndrome","0"
"Lens Subluxation[SEP][CLS]ovarian primitive germ cell tumor","0"
"Endometrioid Stromal Sarcoma of the Vagina[SEP][CLS]teeth hard tissue disease","0"
"Latent Syphilis[SEP][CLS]cell type benign neoplasm","0"
"Helminthiasis[SEP][CLS]vulvar benign neoplasm","0"
"Arthropathy in Behcet's Syndrome[SEP][CLS]breast cancer","0"
"Eyelid Disorder[SEP][CLS]uterine fibroid","0"
"Vaginal Squamous Neoplasm[SEP][CLS]prostatic urethral cancer","0"
"Ovarian Small Cell Carcinoma[SEP][CLS]cavernous hemangioma","0"
"Liddle Syndrome[SEP][CLS]ampulla of Vater adenocarcinoma","0"
"Tibial Adamantinoma[SEP][CLS]testicular malignant germ cell cancer","0"
"Combined Lung Small Cell Carcinoma[SEP][CLS]osteosclerosis","0"
"Breast Central Papilloma[SEP][CLS]islet cell tumor","0"
"Complete Trisomy 13 Syndrome[SEP][CLS]metal metabolism disorder","0"
"Poland Syndrome[SEP][CLS]bilirubin metabolic disorder","0"
"Pineal Region Germinoma[SEP][CLS]breast carcinoma","0"
"Malignant Pyriform Fossa Neoplasm[SEP][CLS]bone remodeling disease","0"
"Aleukemic Leukemia[SEP][CLS]retinal cancer","0"
"Alpha-1 Antitrypsin Deficiency[SEP][CLS]plasma protein metabolism disease","1"
"Bronchopneumonia[SEP][CLS]integumentary system disease","0"
"Mucinous Cystadenofibroma[SEP][CLS]cystadenofibroma","1"
"Carnitine Palmitoyltransferase II Deficiency[SEP][CLS]variable age at onset electroclinical syndrome","0"
"Thymoma Type B[SEP][CLS]parasitic protozoa infectious disease","0"
"Balanitis[SEP][CLS]vascular hemostatic disease","0"
"Malignant Triton Tumor[SEP][CLS]organ system cancer","0"
"Patent Foramen Ovale[SEP][CLS]osteosarcoma","0"
"Medulloblastoma with Extensive Nodularity[SEP][CLS]pleural disease","0"
"Polycythaemia due to Excess Erythropoetin Production[SEP][CLS]breast sarcoma","0"
"Schizophrenia[SEP][CLS]psychotic disorder","1"
"Malignant Melanotic Psammomatous Peripheral Nerve Sheath Tumor[SEP][CLS]renal carcinoma","0"
"Eclampsia[SEP][CLS]pre-eclampsia","1"
"Olivopontocerebellar Atrophy[SEP][CLS]brain germinoma","0"
"Kluver-Bucy Syndrome[SEP][CLS]eye disease","0"
"Chorioretinitis[SEP][CLS]myotonic disease","0"
"Hereditary Retinal Dystrophy[SEP][CLS]clear cell meningioma","0"
"Acute Basophilic Leukemia[SEP][CLS]bladder carcinoma","0"
"Non-Muscle Invasive Bladder Carcinoma[SEP][CLS]prion disease","0"
"Metastatic Corticotroph Pituitary Neuroendocrine Tumor[SEP][CLS]papilloma","0"
"Hydrocephalus[SEP][CLS]primary bacterial infectious disease","0"
"Fredrickson Type V Lipidemia[SEP][CLS]familial hyperlipidemia","1"
"Vulvar Porocarcinoma[SEP][CLS]mesenchymal cell neoplasm","0"
"Sertoli Cell Tumor[SEP][CLS]meningioma","0"
"Jejunal Neoplasm[SEP][CLS]uterine body mixed cancer","0"
"Lactose Intolerance[SEP][CLS]myocardial infarction","0"
"Skin Clear Cell Squamous Cell Carcinoma[SEP][CLS]acquired polycythemia","0"
"Benign Teratoma[SEP][CLS]thrombophilia","0"
"Central Giant Cell Granuloma[SEP][CLS]diabetes mellitus","0"
"Malignant Chest Wall Bone Neoplasm[SEP][CLS]Waardenburg syndrome","0"
"Paratesticular Brenner Tumor[SEP][CLS]epidermolysis bullosa","0"
"Neuroma[SEP][CLS]kidney cancer","0"
"Marburg Virus Disease[SEP][CLS]pituitary infarct","0"
"Non-Functioning Pancreatic Neuroendocrine Tumor[SEP][CLS]islet cell tumor","1"
"Oral Cavity Submucous Fibrosis[SEP][CLS]visual cortex disease","0"
"Breast Fibrocystic Change, Non-Proliferative Type[SEP][CLS]hemangioma","0"
"Occupational Dermatitis[SEP][CLS]peripheral T-cell lymphoma","0"
"Alkaptonuria[SEP][CLS]cranial nerve disease","0"
"Dacryoadenitis[SEP][CLS]central nervous system benign neoplasm","0"
"Vaginal Glandular Neoplasm[SEP][CLS]chronic pyelonephritis","0"
"Intermediate Uveitis[SEP][CLS]medulloblastoma","0"
"Carcinoma Arising in Nasal Papillomatosis[SEP][CLS]thyroid gland disease","0"
"Chronic Metabolic Polyneuropathy[SEP][CLS]refractory hematologic cancer","0"
"Adult Central Nervous System Teratoma[SEP][CLS]renal oncocytoma","0"
"Epithelial-Myoepithelial Carcinoma[SEP][CLS]salivary gland cancer","1"
"Trigeminal Nerve Neoplasm[SEP][CLS]cranial nerve malignant neoplasm","1"
"Aromatic L-Amino-Acid Decarboxylase Deficiency[SEP][CLS]vascular cancer","0"
"Acneiform Dermatitis[SEP][CLS]hydrocephalus","0"
"Malignant Peripheral Nerve Sheath Tumor[SEP][CLS]abdominal obesity-metabolic syndrome","0"
"Gonadotropin-Dependent Precocious Puberty[SEP][CLS]endocrine system disease","1"
"Morquio Syndrome[SEP][CLS]eye disease","0"
"Panic Disorder[SEP][CLS]neuroblastoma","0"
"Potassium Deficiency Disorder[SEP][CLS]supratentorial cancer","0"
"Gnathostomiasis[SEP][CLS]ischemic bone disease","0"
"Lactating Adenoma[SEP][CLS]neuropathy","0"
"Optic Nerve Sheath Meningioma[SEP][CLS]carcinoma","0"
"Oligoastrocytoma[SEP][CLS]skin carcinoma","0"
"Malignant Nasolacrimal Duct Neoplasm[SEP][CLS]lacrimal system cancer","1"
"Malignant Type AB Thymoma[SEP][CLS]endometriosis","0"
"Cystoid Macular Edema[SEP][CLS]macular retinal edema","1"
"Gastric Tubular Adenocarcinoma[SEP][CLS]conjunctival disease","0"
"Patent Ductus Arteriosus[SEP][CLS]colitis","0"
"Asymmetric Motor Neuropathy[SEP][CLS]glomerulosclerosis","0"
"Fox-Fordyce Disease[SEP][CLS]bladder disease","0"
"Aseptic Meningitis[SEP][CLS]adenoma","0"
"MCD Diffuse Large B-Cell Lymphoma[SEP][CLS]glioblastoma","0"
"Atypical Intradermal Smooth Muscle Neoplasm[SEP][CLS]hypothalamic disease","0"
"Gonadal Dysgenesis[SEP][CLS]impulse control disorder","0"
"Malignant Prostate Phyllodes Tumor[SEP][CLS]opportunistic mycosis","0"
"Meningothelial Cell Neoplasm[SEP][CLS]anaplastic astrocytoma","0"
"Hepatobiliary Neoplasm[SEP][CLS]neurilemmoma","0"
"Glomeruloid Hemangioma[SEP][CLS]angiosarcoma","0"
"Ectopic Thymus[SEP][CLS]thyroid gland disease","0"
"Diffuse Pediatric-Type High Grade Glioma, H3-Wildtype and IDH-Wildtype[SEP][CLS]pneumoconiosis","0"
"Poland Syndrome[SEP][CLS]autism spectrum disorder","0"
"Anterior Urethral Malignant Neoplasm[SEP][CLS]anus benign neoplasm","0"
"Multiple System Atrophy[SEP][CLS]physical disorder","0"
"Mitral Valve Prolapse[SEP][CLS]mitral valve disease","1"
"Hepatitis B Infection[SEP][CLS]bone marrow disease","0"
"Secondary Hypertension[SEP][CLS]kidney sarcoma","0"
"Malignant Small Intestinal Neoplasm[SEP][CLS]breast cyst","0"
"Broad Ligament Clear Cell Adenocarcinoma[SEP][CLS]female reproductive system disease","0"
"Hemoglobinopathy[SEP][CLS]breast benign neoplasm","0"
"Granular Cell Tumor[SEP][CLS]cerebral arterial disease","0"
"Teratoma[SEP][CLS]reproductive organ cancer","0"
"Childhood Brain Stem Neoplasm[SEP][CLS]chronic lymphocytic leukemia","0"
"Granular Cell Tumor of the Sellar Region[SEP][CLS]phobic disorder","0"
"Keratopathy[SEP][CLS]pulmonary valve stenosis","0"
"Leuteoma of Pregnancy[SEP][CLS]ovarian benign neoplasm","1"
"Wolfram Syndrome[SEP][CLS]sensory system disease","0"
"Cryptococcosis[SEP][CLS]testicular yolk sac tumor","0"
"Cervical Adenofibroma[SEP][CLS]pulmonary large cell neuroendocrine carcinoma","0"
"Parietal Lobe Neoplasm[SEP][CLS]sexual health disorder","0"
"Hypospadias[SEP][CLS]testicular malignant germ cell cancer","0"
"Cauda Equina Neoplasm[SEP][CLS]chronic ulcer of skin","0"
"Nipple Neoplasm[SEP][CLS]cervical adenomyoma","0"
"Visual Pathway Disorder[SEP][CLS]angiokeratoma","0"
"Chondroma[SEP][CLS]breast carcinoma in situ","0"
"Parosteal Osteosarcoma[SEP][CLS]peripheral osteosarcoma","1"
"Vulvovaginitis[SEP][CLS]testicular malignant germ cell cancer","0"
"Vaginal Glandular Neoplasm[SEP][CLS]anemia","0"
"Broad Ligament Mucinous Adenocarcinoma[SEP][CLS]uterine ligament adenocarcinoma","1"
"Corneal Melanoma[SEP][CLS]bone development disease","0"
"Hypothalamic Neoplasm[SEP][CLS]pancreas disease","0"
"Dedifferentiated Liposarcoma[SEP][CLS]motor neuritis","0"
"Childhood Astrocytic Tumor[SEP][CLS]prostate rhabdomyosarcoma","0"
"Cerebral Embryonal Tumor, Not Otherwise Specified[SEP][CLS]cerebrum cancer","1"
"Adenomatoid Tumor[SEP][CLS]fasciitis","0"
"Subvalvular Aortic Stenosis[SEP][CLS]stomach carcinoma","0"
"Central Nervous System Melanocytic Neoplasm[SEP][CLS]thyroid gland follicular carcinoma","0"
"Irritable Bowel Syndrome[SEP][CLS]skin carcinoma","0"
"Pancytopenia[SEP][CLS]anemia","1"
"Mixed Astrocytoma-Ependymoma-Oligodendroglioma[SEP][CLS]glioblastoma","0"
"Ovarian Papillary Tumor[SEP][CLS]eye disease","0"
"Central Retinal Artery Occlusion[SEP][CLS]hypopituitarism","0"
"Generalized Anxiety Disorder[SEP][CLS]lymphomatoid granulomatosis","0"
"Cranial Nodular Fasciitis[SEP][CLS]tricuspid valve disease","0"
"Submucosal Invasive Colon Adenocarcinoma[SEP][CLS]squamous cell carcinoma","0"
"Agnosia[SEP][CLS]communication disorder","1"
"Thyroid Gland Oncocytic Adenoma[SEP][CLS]myositis","0"
"Meningeal Melanomatosis[SEP][CLS]lung leiomyoma","0"
"Pituicytoma[SEP][CLS]esophageal cancer","0"
"Cerebral Infarction[SEP][CLS]tic disorder","0"
"Vaginal Leukoplakia[SEP][CLS]basal cell carcinoma","0"
"Synchronous Multifocal Osteosarcoma[SEP][CLS]skin squamous cell carcinoma","0"
"Adult Pineoblastoma[SEP][CLS]stomach carcinoma","0"
"Primary Hyperoxaluria Type II[SEP][CLS]primary hyperoxaluria","1"
"Nephrogenic Diabetes Insipidus[SEP][CLS]choriocarcinoma","0"
"Vagus Nerve Neoplasm[SEP][CLS]nephrotic syndrome","0"
"Prostate Angiosarcoma[SEP][CLS]prostate sarcoma","1"
"Adenosine Deaminase Deficiency[SEP][CLS]tongue disease","0"
"Cervical Mesonephric Adenocarcinoma[SEP][CLS]blood group incompatibility","0"
"Pineal Region Teratoma[SEP][CLS]central nervous system benign neoplasm","0"
"Invasive Bladder Plasmacytoid Urothelial Carcinoma[SEP][CLS]selective immunoglobulin deficiency disease","0"
"Vulvar Melanoma[SEP][CLS]specific phobia","0"
"Pathological Myopia[SEP][CLS]renal agenesis","0"
"Oculopharyngeal Muscular Dystrophy[SEP][CLS]phimosis","0"
"Erythropoietic Protoporphyria[SEP][CLS]Bartholin's gland carcinoma","0"
"Morbid Obesity[SEP][CLS]malignant peripheral nerve sheath tumor","0"
"Ovarian Endometrioid Cystadenoma[SEP][CLS]ovarian cystadenoma","1"
"von Willebrand Disease, Type 1[SEP][CLS]skin melanoma","0"
"Smith-Lemli-Opitz Syndrome[SEP][CLS]cervical mucinous adenocarcinoma","0"
"Peripheral Ganglioneuroblastoma[SEP][CLS]cerebral degeneration","0"
"Vaginal Disorder[SEP][CLS]breast sarcoma","0"
"Thyroid Gland Anaplastic Carcinoma[SEP][CLS]bladder urachal carcinoma","0"
"Blomstrand Type Chondrodysplasia[SEP][CLS]eye disease","0"
"Motion Sickness[SEP][CLS]lung small cell carcinoma","0"
"Coccidioidomycosis[SEP][CLS]renal oncocytoma","0"
"Multiple Mucosal Neuromas[SEP][CLS]mesenchymal cell neoplasm","0"
"Malignant Pyriform Fossa Neoplasm[SEP][CLS]mast cell neoplasm","0"
"Childhood Acute Myeloid Leukemia[SEP][CLS]rhabdomyosarcoma","0"
"Retroperitoneal Hemangiopericytoma[SEP][CLS]hemangiopericytoma","1"
"Aortitis[SEP][CLS]mitochondrial metabolism disease","0"
"Ovarian Yolk Sac Tumor, Polyvesicular Vitelline Pattern[SEP][CLS]supratentorial ependymoma","0"
"Glycogen-Rich, Clear Cell Breast Carcinoma[SEP][CLS]nephroma","0"
"Sellar Region Neoplasm[SEP][CLS]meningioma","0"
"Holocarboxylase Synthetase Deficiency[SEP][CLS]adrenal gland cancer","0"
"Acatalasemia[SEP][CLS]tracheal disease","0"
"Kernicterus Related to Isoimmunization[SEP][CLS]brain disease","0"
"Tongue Disorder[SEP][CLS]primary hyperoxaluria","0"
"Ovarian Dysgerminoma[SEP][CLS]stomach disease","0"
"Duodenal Somatostatin-Producing Neuroendocrine Tumor[SEP][CLS]gastrointestinal neuroendocrine benign tumor","0"
"Childhood Central Nervous System Embryonal Tumor, Not Otherwise Specified[SEP][CLS]pancreas disease","0"
"Refractory Hematologic Malignancy[SEP][CLS]hereditary renal cell carcinoma","0"
"Adult Vaginal Botryoid-Type Embryonal Rhabdomyosarcoma[SEP][CLS]cervix disease","0"
"Alastrim[SEP][CLS]meningioma","0"
"Supratentorial Embryonal Tumor, Not Otherwise Specified[SEP][CLS]breast adenocarcinoma","0"
"Malignant Buccal Mucosa Neoplasm[SEP][CLS]gastrointestinal neuroendocrine benign tumor","0"
"Superior Mesenteric Artery Syndrome[SEP][CLS]pneumonia","0"
"Parathyroid Gland Mixed Cell Type Adenoma[SEP][CLS]Hodgkin's lymphoma","0"
"Norwegian Scabies[SEP][CLS]hemangiopericytoma","0"
"Glucose-6-Phosphate Dehydrogenase Deficiency[SEP][CLS]islet cell tumor","0"
"Cervical Adenofibroma[SEP][CLS]familial hyperlipidemia","0"
"Achenbach Syndrome[SEP][CLS]skin disease","1"
"Central Nervous System Mature Teratoma[SEP][CLS]primary cutaneous T-cell non-Hodgkin lymphoma","0"
"Bladder Mixed Adenocarcinoma[SEP][CLS]sarcoma","0"
"Animal Phobia[SEP][CLS]glomerulosclerosis","0"
"Lichen Planus[SEP][CLS]retinal vein occlusion","0"
"Vernal Conjunctivitis[SEP][CLS]chronic conjunctivitis","1"
"Mastocytoma[SEP][CLS]viral infectious disease","0"
"Lung Disorder[SEP][CLS]cervicitis","0"
"Chalazion[SEP][CLS]pancreatic adenocarcinoma","0"
"Sellar Region Neoplasm[SEP][CLS]skull base cancer","1"
"Cervical Intraspinal Meningioma[SEP][CLS]breast benign neoplasm","0"
"Falx Cerebri Meningioma[SEP][CLS]histiocytic and dendritic cell cancer","0"
"Papillary Conjunctivitis[SEP][CLS]syndrome","0"
"Thyroid Gland Oncocytic Adenoma[SEP][CLS]benign perivascular tumor","0"
"Renovascular Hypertension[SEP][CLS]renal hypertension","1"
"Hypertensive Retinopathy[SEP][CLS]chromosomal deletion syndrome","0"
"Extragonadal Seminoma[SEP][CLS]jejunal cancer","0"
"Ovarian Clear Cell Adenocarcinoma[SEP][CLS]parasitic helminthiasis infectious disease","0"
"Esophagitis[SEP][CLS]musculoskeletal system disease","0"
"Axillary Lymphadenitis[SEP][CLS]parasitic protozoa infectious disease","0"
"Laryngeal Neuroendocrine Neoplasm[SEP][CLS]renal cell carcinoma","0"
"Parathyroid Gland Disorder[SEP][CLS]gastrointestinal system disease","0"
"Mediastinal Neurogenic Neoplasm[SEP][CLS]mineral metabolism disease","0"
"Childhood Central Nervous System Germinoma[SEP][CLS]rhinitis","0"
"Medullomyoblastoma[SEP][CLS]phosphorus metabolism disease","0"
"Gingival Polyp[SEP][CLS]autoimmune disease of endocrine system","0"
"Pancreatic Vipoma[SEP][CLS]thrombophilia","0"
"Myeloproliferative Neoplasm[SEP][CLS]skin squamous cell carcinoma","0"
"Oligodendroglioma[SEP][CLS]personality disorder","0"
"Inclusion Body Myositis[SEP][CLS]bladder benign neoplasm","0"
"Malignant Subglottis Neoplasm[SEP][CLS]endometrial adenocarcinoma","0"
"Ovarian Mucinous Cystadenoma[SEP][CLS]bone inflammation disease","0"
"Panuveitis[SEP][CLS]hemangioma","0"
"Cerebrotendinous Xanthomatosis[SEP][CLS]uterine disease","0"
"Liver and Intrahepatic Bile Duct Disorder[SEP][CLS]ovarian germ cell monodermal and highly specialized teratoma","0"
"Colon Kaposi Sarcoma[SEP][CLS]kidney failure","0"
"Reye Syndrome[SEP][CLS]cranial nerve palsy","0"
"Cranial Nerve III Palsy[SEP][CLS]craniopharyngioma","0"
"Childhood Ovarian Teratoma[SEP][CLS]parasitic infectious disease","0"
"Gallbladder Obstruction[SEP][CLS]bladder urothelial carcinoma","0"
"Double Cortex Syndrome[SEP][CLS]anal squamous cell carcinoma","0"
"Conjunctivitis[SEP][CLS]nasal cavity disease","0"
"Atypical Polypoid Adenomyoma[SEP][CLS]extraskeletal myxoid chondrosarcoma","0"
"Distal Bile Duct Carcinoma[SEP][CLS]tic disorder","0"
"Gastric Body Carcinoma[SEP][CLS]opportunistic bacterial infectious disease","0"
"Placenta Previa[SEP][CLS]relapsing fever","0"
"Glossitis[SEP][CLS]muscular dystrophy","0"
"Ectomesenchymoma[SEP][CLS]myocardial infarction","0"
"Malignant Eccrine Neoplasm[SEP][CLS]breast cancer","0"
"Pituitary Gland Necrosis[SEP][CLS]spleen cancer","0"
"Ovarian Adenosarcoma[SEP][CLS]retinal detachment","0"
"Peripartum Cardiomyopathy[SEP][CLS]dilated cardiomyopathy","1"
"Periventricular Leukomalacia[SEP][CLS]acute porphyria","0"
"Central Giant Cell Granuloma[SEP][CLS]migraine","0"
"Biphasic Synovial Sarcoma[SEP][CLS]choriocarcinoma of the testis","0"
"Pseudohypoparathyroidism[SEP][CLS]lung adenocarcinoma","0"
"Chronic Lymphocytic Leukemia/Small Lymphocytic Lymphoma with Unmutated Immunoglobulin Heavy Chain Variable-Region Gene[SEP][CLS]B-lymphoblastic leukemia/lymphoma","0"
"Dermal Neoplasm[SEP][CLS]gastric adenocarcinoma","0"
"Mixed Phenotype Acute Leukemia, B/Myeloid[SEP][CLS]childhood brain stem glioma","0"
"Fibrillary Astrocytoma[SEP][CLS]high grade glioma","0"
"Eosinophilic Granulomatosis with Polyangiitis[SEP][CLS]apocrine sweat gland neoplasm","0"
"Tongue Disorder[SEP][CLS]bladder disease","0"
"Lung Mucous Gland Adenoma[SEP][CLS]prostate carcinoma","0"
"Status Epilepticus[SEP][CLS]transitional cell carcinoma","0"
"Rectal Sarcomatoid Carcinoma[SEP][CLS]pericardium disease","0"
"Hairy Cell Leukemia Variant[SEP][CLS]keratoacanthoma","0"
"Localized Osteosarcoma[SEP][CLS]sinusitis","0"
"Skin Atrophy[SEP][CLS]breast benign neoplasm","0"
"Splenic Hemangioma[SEP][CLS]splenic disease","1"
"Ochronosis[SEP][CLS]nodular ganglioneuroblastoma","0"
"Uterine Carcinosarcoma[SEP][CLS]basal cell carcinoma","0"
"Herpes Simplex Virus Infection[SEP][CLS]leiomyosarcoma","0"
"Neuroblastoma[SEP][CLS]osteochondrodysplasia","0"
"Encephalitis Lethargica[SEP][CLS]intestinal benign neoplasm","0"
"Embryonal Rhabdomyosarcoma[SEP][CLS]ichthyosis","0"
"Autoimmune Lymphoproliferative Syndrome[SEP][CLS]lymphadenitis","0"
"B Acute Lymphoblastic Leukemia with t(v;11q23.3); KMT2A Rearranged[SEP][CLS]primary hyperoxaluria","0"
"Periampullary Adenocarcinoma[SEP][CLS]intrahepatic cholestasis","0"
"Lung Acinar Adenocarcinoma[SEP][CLS]paraplegia","0"
"Dandy-Walker Malformation[SEP][CLS]cerebellopontine angle tumor","0"
"Myoclonic Epilepsy of Unverricht and Lundborg[SEP][CLS]autoimmune disease of cardiovascular system","0"
"Myeloid Leukemia Associated with Down Syndrome[SEP][CLS]galactosemia","0"
"Liver Rhabdomyosarcoma[SEP][CLS]intestinal benign neoplasm","0"
"Endometrial Endometrioid Adenocarcinoma with Spindled Epithelial Cells[SEP][CLS]dermis tumor","0"
"Pericardial Effusion[SEP][CLS]cranial nerve disease","0"
"Cervical Villoglandular Adenocarcinoma[SEP][CLS]malignant ovarian germ cell neoplasm","0"
"Follicular Helper T-Cell Lymphoma, Angioimmunoblastic-Type[SEP][CLS]peripheral T-cell lymphoma","1"
"Keratinizing Squamous Cell Carcinoma[SEP][CLS]plasma cell neoplasm","0"
"Pituitary Gland Chromophobe Adenoma[SEP][CLS]neurilemmoma","0"
"Antisocial Personality Disorder[SEP][CLS]esophageal carcinoma","0"
"Nipple Duct Carcinoma[SEP][CLS]B-cell lymphoma","0"
"Cannabis Dependence[SEP][CLS]epilepsy","0"
"Griscelli Syndrome Type 2[SEP][CLS]eye disease","0"
"Undifferentiated Pleomorphic Sarcoma[SEP][CLS]mouth disease","0"
"Pineal Region Immature Teratoma[SEP][CLS]pineal region teratoma","1"
"Testicular Pure Germ Cell Tumor[SEP][CLS]oligodendroglioma","0"
"Diffuse Lipomatosis[SEP][CLS]lipomatosis","1"
"Fatal Familial Insomnia[SEP][CLS]hemangioma","0"
"Nut Allergy[SEP][CLS]glomerulonephritis","0"
"Skin Basosquamous Cell Carcinoma[SEP][CLS]cognitive disorder","0"
"Acneiform Dermatitis[SEP][CLS]pineoblastoma","0"
"Skin Tag[SEP][CLS]retinal disease","0"
"MCD Diffuse Large B-Cell Lymphoma[SEP][CLS]retroperitoneal cancer","0"
"Hemolytic Uremic Syndrome[SEP][CLS]retinal degeneration","0"
"Hidradenitis Suppurativa[SEP][CLS]acute orbital inflammation","0"
"Craniopharyngioma[SEP][CLS]inner ear cancer","0"
"Vulvar Leiomyoma[SEP][CLS]leiomyoma","0"
"Supraglottic Carcinoma[SEP][CLS]lymphoma","0"
"Pleomorphic Carcinoma[SEP][CLS]embryonal cancer","0"
"Systemic Mastocytosis[SEP][CLS]vulva squamous cell carcinoma","0"
"Ovarian Solid Teratoma[SEP][CLS]dendritic cell sarcoma","0"
"Disseminated Intravascular Coagulation in Newborn[SEP][CLS]rectum squamous cell carcinoma","0"
"Breast Sclerosing Adenosis[SEP][CLS]chromosomal deletion syndrome","0"
"Metachromatic Leukodystrophy[SEP][CLS]bone deterioration disease","0"
"Cutaneous Schwannoma[SEP][CLS]urinary system disease","0"
"Gastric Leiomyosarcoma[SEP][CLS]cervical mucinous adenocarcinoma","0"
"Melanomatosis[SEP][CLS]peripheral nerve schwannoma","0"
"Dedifferentiated Chondrosarcoma[SEP][CLS]autoimmune disease of musculoskeletal system","0"
"Non-Neoplastic Urinary System Disorder[SEP][CLS]disorder of sexual development","0"
"CREST Syndrome[SEP][CLS]bladder adenocarcinoma","0"
"Endobronchial Leiomyoma[SEP][CLS]congenital heart disease","0"
"Acute Myeloid Leukemia with inv(3)(q21.3;q26.2) or t(3;3)(q21.3;q26.2); GATA2, MECOM[SEP][CLS]glycogen storage disease","0"
"Erdheim-Chester Disease[SEP][CLS]non-Langerhans-cell histiocytosis","1"
"Bone Angiosarcoma[SEP][CLS]opportunistic mycosis","0"
"Bile Duct Perforation[SEP][CLS]myelodysplastic/myeloproliferative neoplasm","0"
"Placenta Accreta[SEP][CLS]laryngitis","0"
"Gastroschisis[SEP][CLS]dengue disease","0"
"Intramedullary Spinal Cord Teratoma[SEP][CLS]reactive cutaneous fibrous lesion","0"
"Sea-Blue Histiocyte Syndrome[SEP][CLS]splenic disease","0"
"Coloboma of the Eye[SEP][CLS]meningioma","0"
"Quadriplegia[SEP][CLS]nephroblastoma","0"
"Retinal Tear[SEP][CLS]inner ear disease","0"
"Polyclonal Hypergammaglobulinemia[SEP][CLS]plasma protein metabolism disease","1"
"Cystic Hygroma[SEP][CLS]meningioma","0"
"Breast Carcinoma[SEP][CLS]thyroiditis","0"
"Male Orgasmic Disorder[SEP][CLS]hypolipoproteinemia","0"
"Chronic Lymphocytic Leukemia/Small Lymphocytic Lymphoma[SEP][CLS]leiomyosarcoma","0"
"Richter Syndrome[SEP][CLS]central nervous system immature teratoma","0"
"Angiokeratoma of Fordyce[SEP][CLS]skin benign neoplasm","1"
"Vaginal Tubulovillous Adenoma[SEP][CLS]encephalitis","0"
"Ethmoid Sinus Papilloma[SEP][CLS]spinal cord primitive neuroectodermal neoplasm","0"
"Prostate Acinar Adenocarcinoma[SEP][CLS]prostate adenocarcinoma","1"
"Malignant Smooth Muscle Neoplasm[SEP][CLS]lymphoproliferative syndrome","0"
"Clear Cell Hepatocellular Carcinoma[SEP][CLS]cell type benign neoplasm","0"
"Acute Basophilic Leukemia[SEP][CLS]nephroblastoma","0"
"HIV Infection[SEP][CLS]mediastinal cancer","0"
"Pituitary Dwarfism[SEP][CLS]oophoritis","0"
"Gyrate Atrophy[SEP][CLS]female reproductive system disease","0"
"Childhood Cerebellar Astrocytoma[SEP][CLS]acute kidney failure","0"
"Thyroid Gland Well-Differentiated Tumor of Uncertain Malignant Potential[SEP][CLS]essential hypertension","0"
"Mixed Germ Cell-Sex Cord-Stromal Tumor[SEP][CLS]squamous cell carcinoma","0"
"Epithelioid Malignant Peripheral Nerve Sheath Tumor[SEP][CLS]sinusitis","0"
"Vaginal Squamous Papilloma[SEP][CLS]central nervous system cancer","0"
"Vulvar Sarcoma[SEP][CLS]intestinal disease","0"
"Mood Disorder[SEP][CLS]papilloma","0"
"Diffuse Hemispheric Glioma, H3 G34-Mutant[SEP][CLS]mucopolysaccharidosis","0"
"Gangliocytoma[SEP][CLS]cerebrum cancer","0"
"Alagille Syndrome[SEP][CLS]eye disease","0"
"46,XX Gonadal Dysgenesis[SEP][CLS]benign teratoma","0"
"Facial Nerve Disorder[SEP][CLS]skin squamous cell carcinoma","0"
"Cranial Nerve Palsy[SEP][CLS]skin disease","0"
"Cryptococcosis[SEP][CLS]eccrine sweat gland cancer","0"
"Breast Mixed Epithelial/Mesenchymal Metaplastic Carcinoma[SEP][CLS]breast metaplastic carcinoma","1"
"Intraocular Pressure Decreased[SEP][CLS]ampulla of Vater adenocarcinoma","0"
"Chronic Monocytic Leukemia[SEP][CLS]neurilemmoma","0"
"Pancreatic Mucinous-Cystic Neoplasm[SEP][CLS]pancreatic cystadenoma","1"
"Hereditary Spastic Paraplegia[SEP][CLS]eye disease","0"
"45,X/46,XY Mixed Gonadal Dysgenesis[SEP][CLS]ovarian benign neoplasm","0"
"Hyperthyroxinemia[SEP][CLS]irritant dermatitis","0"
"Thrombophilia[SEP][CLS]kidney cancer","0"
"Sclera Disorder[SEP][CLS]maxillary sinusitis","0"
"Malignant Peripheral Nerve Sheath Tumor[SEP][CLS]muscle benign neoplasm","0"
"Childhood Leukemia[SEP][CLS]childhood leukemia","0"
"Parathyroid Gland Mixed Cell Type Adenoma[SEP][CLS]perivascular tumor","0"
"Hidradenoma Papilliferum[SEP][CLS]reading disorder","0"
"Telogen Effluvium[SEP][CLS]heart lipoma","0"
"Vitamin B1 Deficiency[SEP][CLS]hallucinogen dependence","0"
"Adult Central Nervous System Solitary Fibrous Tumor, Grade 3[SEP][CLS]skin hemangioma","0"
"Gastric Small Cell Neuroendocrine Carcinoma[SEP][CLS]histiocytosis","0"
"Female Urethral Malignant Neoplasm[SEP][CLS]nose disease","0"
"Mediastinal Melanotic Schwannoma[SEP][CLS]von Willebrand's disease","0"
"Rheumatologic Disorder[SEP][CLS]ovarian benign neoplasm","0"
"Differentiating Neuroblastoma[SEP][CLS]anemia","0"
"Childhood Acute Megakaryoblastic Leukemia[SEP][CLS]polycythemia","0"
"Maternal Uniparental Disomy Chromosome 14 Syndrome[SEP][CLS]nephroblastoma","0"
"Asbestosis[SEP][CLS]skin disease","0"
"Favism[SEP][CLS]paraphilia disorder","0"
"Cervical Adenomyoma, Mesonephric-Type[SEP][CLS]cholestasis","0"
"Esophageal Verrucous Carcinoma[SEP][CLS]meningitis","0"
"Antibiotic-Associated Colitis[SEP][CLS]colitis","1"
"Hemophagocytic Lymphohistiocytosis[SEP][CLS]hypertension","0"
"Celiac Disease[SEP][CLS]skin disease","0"
"Corneal Melanoma[SEP][CLS]chondrosarcoma","0"
"Protein S Deficiency Disease[SEP][CLS]lung adenocarcinoma","0"
"Measles[SEP][CLS]microglandular adenosis","0"
"Brain Oligodendroglioma[SEP][CLS]eosinophilic pneumonia","0"
"Granulomatous Hepatitis[SEP][CLS]specific developmental disorder","0"
"Malignant Mesenchymoma[SEP][CLS]pancreas disease","0"
"Peripheral Retinal Degeneration[SEP][CLS]paraphilia disorder","0"
"Color Blindness[SEP][CLS]renal tubular transport disease","0"
"Dome of the Bladder[SEP][CLS]lip disease","0"
"Asthma[SEP][CLS]intestinal benign neoplasm","0"
"Sclerosing Atypical Lipomatous Tumor/Well Differentiated Liposarcoma[SEP][CLS]malignant ovarian surface epithelial-stromal neoplasm","0"
"Hidrocystoma[SEP][CLS]B-cell lymphoma","0"
"Polycythaemia due to Excess Erythropoetin Production[SEP][CLS]skin melanoma","0"
"Thyroid Gland Oncocytic Carcinoma[SEP][CLS]sarcoidosis","0"
"Thymoma Type B1[SEP][CLS]acute porphyria","0"
"Malignant Melanotic Psammomatous Peripheral Nerve Sheath Tumor[SEP][CLS]cardiovascular system disease","0"
"Skin Sclerosing/Morphoeic Basal Cell Carcinoma[SEP][CLS]basal cell carcinoma","1"
"Thymoma Type B1[SEP][CLS]parasitic protozoa infectious disease","0"
"Anisakiasis[SEP][CLS]parasitic helminthiasis infectious disease","1"
"Spinal Multifocal Clear Cell Meningioma[SEP][CLS]breast sarcoma","0"
"Cogan-Reese Syndrome[SEP][CLS]osteosarcoma","0"
"Endometrial Stromal Nodule[SEP][CLS]embryonal tumor with multilayered rosettes, C19MC-altered","0"
"Tibial Adamantinoma[SEP][CLS]choriocarcinoma of the testis","0"
"Encephalomalacia[SEP][CLS]parasitic helminthiasis infectious disease","0"
"Malignant Dermal Neoplasm[SEP][CLS]glucose metabolism disease","0"
"Gyrate Atrophy[SEP][CLS]choroid disease","1"
"Paranoid Type Schizophrenia[SEP][CLS]schizophrenia","1"
"Granuloma Inguinale[SEP][CLS]Bartholin's gland disease","0"
"Cholecystitis[SEP][CLS]anal squamous cell carcinoma","0"
"Diabetic Vascular Disorder[SEP][CLS]peripheral vascular disease","1"
"Scleroderma[SEP][CLS]upper respiratory tract disease","0"
"Lymphocyte-Rich Classic Hodgkin Lymphoma[SEP][CLS]B-lymphoblastic leukemia/lymphoma","0"
"Nocardiosis[SEP][CLS]relapsing fever","0"
"Esophageal Atresia[SEP][CLS]gingival disease","0"
"Endocervicitis[SEP][CLS]ovarian germ cell cancer","0"
"Dedifferentiated Chondrosarcoma[SEP][CLS]germ cell and embryonal cancer","0"
"Arachnoiditis[SEP][CLS]gingivitis","0"
"Skin Signet Ring Cell Basal Cell Carcinoma[SEP][CLS]renal cell carcinoma","0"
"Syndrome[SEP][CLS]disease","1"
"Skin Clear Cell Basal Cell Carcinoma[SEP][CLS]uterine benign neoplasm","0"
"Colon Lymphangioma[SEP][CLS]colonic benign neoplasm","1"
"Leukostasis[SEP][CLS]leukocyte disease","1"
"Cannabis Dependence[SEP][CLS]hemoglobinopathy","0"
"Antibiotic-Associated Colitis[SEP][CLS]paranasal sinus cancer","0"
"Primary Lymphedema[SEP][CLS]hereditary lymphedema","1"
"Congenital Pure Red Cell Aplasia[SEP][CLS]multifocal osteogenic sarcoma","0"
"Splenic Manifestation of Leukemia[SEP][CLS]retinal vascular disease","0"
"Prostate Embryonal Rhabdomyosarcoma[SEP][CLS]prostate rhabdomyosarcoma","1"
"Band Keratopathy[SEP][CLS]cerebrum cancer","0"
"Incompetent Cervix[SEP][CLS]trichothiodystrophy","0"
"Penile Mixed Squamous Cell Carcinoma[SEP][CLS]penis squamous cell carcinoma","1"
"Liver and Intrahepatic Bile Duct Disorder[SEP][CLS]carcinoma","0"
"Atrial Fibrillation[SEP][CLS]pancreas disease","0"
"Gingival Polyp[SEP][CLS]malignant ovarian surface epithelial-stromal neoplasm","0"
"Hypersensitivity[SEP][CLS]motor neuron disease","0"
"Focal Epithelial Hyperplasia[SEP][CLS]acute monocytic leukemia","0"
"Coronary Artery Stenosis[SEP][CLS]coronary artery disease","1"
"Fibrous Histiocytoma[SEP][CLS]disease","0"
"Progressive Bulbar Palsy[SEP][CLS]breast benign neoplasm","0"
"Lysosomal Storage Disease[SEP][CLS]foramen magnum meningioma","0"
"Muscular Dystrophy[SEP][CLS]placenta disease","0"
"Malignant Rectosigmoid Neoplasm[SEP][CLS]brain stem cancer","0"
"Breast Metaplastic Carcinoma[SEP][CLS]lipomatosis","0"
"Polycystic Ovary Syndrome[SEP][CLS]breast adenoma","0"
"Hairy Tongue[SEP][CLS]viral infectious disease","0"
"Lymphoplasmacyte-Rich Meningioma[SEP][CLS]oral cavity cancer","0"
"Orbit Cavernous Hemangioma[SEP][CLS]leiomyosarcoma","0"
"Acute Sinusitis[SEP][CLS]ovarian carcinoma","0"
"Myeloid Leukemia Associated with Down Syndrome[SEP][CLS]benign perivascular tumor","0"
"Brown-Sequard Syndrome[SEP][CLS]chronic orbital inflammation","0"
"Actinic Keratosis[SEP][CLS]pyelitis","0"
"Breast Flat Ductal Epithelial Atypia[SEP][CLS]bacterial conjunctivitis","0"
"Hypoplastic Left Heart Syndrome[SEP][CLS]ocular melanoma","0"
"Cherry Hemangioma[SEP][CLS]lymphatic system disease","0"
"Breast Squamous Cell Carcinoma, Acantholytic Variant[SEP][CLS]ovarian mucinous neoplasm","0"
"Barrett Esophagus[SEP][CLS]esophageal disease","1"
"Dysthymic Disorder[SEP][CLS]refractory hematologic cancer","0"
"Early/Prefibrotic Primary Myelofibrosis[SEP][CLS]fallopian tube adenocarcinoma","0"
"Breast Sarcoma[SEP][CLS]prostate sarcoma","0"
"Anterior Urethral Malignant Neoplasm[SEP][CLS]hemangiopericytoma","0"
"Nephrocalcinosis[SEP][CLS]phobic disorder","0"
"POEMS Syndrome[SEP][CLS]blood protein disease","1"
"Tracheal Calcification[SEP][CLS]GM2 gangliosidosis","0"
"Delusional Disorder[SEP][CLS]placenta cancer","0"
"Cervical Adenoid Basal Carcinoma[SEP][CLS]acute myeloid leukemia","0"
"Cellular Leiomyoma[SEP][CLS]brain disease","0"
"Primary Hyperoxaluria Type III[SEP][CLS]female reproductive system disease","0"
"Kabuki Syndrome[SEP][CLS]glucose metabolism disease","0"
"Uterine Polyp[SEP][CLS]non-proliferative fibrocystic change of the breast","0"
"Non-Communicating Hydrocephalus[SEP][CLS]polycythemia","0"
"Anemia[SEP][CLS]retinal cancer","0"
"Coronary Artery Stenosis[SEP][CLS]dental pulp disease","0"
"Hypertension[SEP][CLS]lung carcinoma","0"
"Polyradiculopathy[SEP][CLS]nephrotic syndrome","0"
"Complement Deficiency[SEP][CLS]acquired metabolic disease","0"
"Flying Phobia[SEP][CLS]combined immunodeficiency","0"
"T-Cell Non-Hodgkin Lymphoma[SEP][CLS]lymphoma","0"
"Middle Ear Disorder[SEP][CLS]osteochondrodysplasia","0"
"Thalamic Disease[SEP][CLS]germ cell and embryonal cancer","0"
"Glottis Neoplasm[SEP][CLS]kidney disease","0"
"Endometriosis[SEP][CLS]acute myeloid leukemia","0"
"Hepatocellular Carcinoma[SEP][CLS]cervical squamous cell carcinoma","0"
"Renal Papillary Adenoma[SEP][CLS]choriocarcinoma","0"
"Uterine Corpus Myxoid Leiomyosarcoma[SEP][CLS]autoimmune disease of skin and connective tissue","0"
"Bile Duct Disorder[SEP][CLS]epilepsy","0"
"Anorexia Nervosa[SEP][CLS]hidradenoma","0"
"Autoimmune Polyendocrinopathy Syndrome[SEP][CLS]hepatocellular carcinoma","0"
"T-Cell Large Granular Lymphocyte Leukemia[SEP][CLS]thiamine deficiency disease","0"
"Communicating Hydrocephalus[SEP][CLS]endolymphatic hydrops","0"
"Granulocytic Sarcoma[SEP][CLS]complement deficiency","0"
"Lateral Medullary Syndrome[SEP][CLS]lung adenocarcinoma","0"
"Uremic Neuropathy[SEP][CLS]hemangioma","0"
"Colitis[SEP][CLS]carbohydrate metabolic disorder","0"
"Dissociative Disorder[SEP][CLS]lipid storage disease","0"
"Alcoholic Cardiomyopathy[SEP][CLS]female reproductive system disease","0"
"Transient Hypogammaglobulinemia[SEP][CLS]basal cell carcinoma","0"
"Citrullinemia[SEP][CLS]testicular malignant germ cell cancer","0"
"Myxoid Leiomyosarcoma[SEP][CLS]leiomyosarcoma","1"
"Dyslexia[SEP][CLS]reading disorder","1"
"Human Papillomavirus-Independent Cervical Adenocarcinoma, Clear Cell-Type[SEP][CLS]neuropathy","0"
"Cervical Adenofibroma[SEP][CLS]leiomyosarcoma","0"
"Intermediate Immature Teratoma[SEP][CLS]malignant teratoma","1"
"Thyroid Gland Papillary Carcinoma[SEP][CLS]ovarian small cell carcinoma","0"
"Hymenolepiasis[SEP][CLS]parasitic helminthiasis infectious disease","1"
"Nodular Goiter[SEP][CLS]goiter","1"
"Hair Disorder[SEP][CLS]testis sarcoma","0"
"Esophageal Atresia[SEP][CLS]medulloblastoma","0"
"Pilomatricoma[SEP][CLS]glycogen metabolism disorder","0"
"Gallbladder Small Cell Neuroendocrine Carcinoma[SEP][CLS]language disorder","0"
"Breast Intraductal Neoplasm[SEP][CLS]vesiculobullous skin disease","0"
"T-Cell Non-Hodgkin Lymphoma[SEP][CLS]neurofibromatosis","0"
"Transient Retinal Arterial Occlusion[SEP][CLS]retinal disease","0"
"Sandhoff Disease[SEP][CLS]malignant pineal area germ cell neoplasm","0"
"Ganglioneuroblastoma, Intermixed[SEP][CLS]dermatitis","0"
"Vulvar Apocrine Adenocarcinoma[SEP][CLS]prostate sarcoma","0"
"Skin Liposarcoma[SEP][CLS]hemangioma","0"
"Apraxia[SEP][CLS]hyperthyroidism","0"
"Frontal Sinus Papilloma[SEP][CLS]connective tissue disease","0"
"Polymorphous Low Grade Neuroepithelial Tumor of the Young[SEP][CLS]mucopolysaccharidosis","0"
"Tick-Borne Relapsing Fever[SEP][CLS]migraine","0"
"Intracerebral Cystic Meningioma[SEP][CLS]adenoma","0"
"Gerstmann-Straussler-Scheinker Disease[SEP][CLS]diffuse large B-cell lymphoma","0"
"Galactocele[SEP][CLS]hyperostosis","0"
"Anti-Basement Membrane Glomerulonephritis[SEP][CLS]movement disease","0"
"WDHA Syndrome[SEP][CLS]optic nerve astrocytoma","0"
"C3 Deficiency[SEP][CLS]chronic leukemia","0"
"Intraventricular Brain Neoplasm[SEP][CLS]fallopian tube adenocarcinoma","0"
"Aorta Disease[SEP][CLS]heart septal defect","0"
"Male Urethral Malignant Neoplasm[SEP][CLS]neuroendocrine tumor","0"
"Syndrome[SEP][CLS]testicular granulosa cell tumor","0"
"Breast Ductal Adenoma[SEP][CLS]breast adenoma","1"
"Invasive Bladder Nested Urothelial Carcinoma[SEP][CLS]coronary artery disease","0"
"Melanomatosis[SEP][CLS]rectum sarcoma","0"
"Pyosalpinx[SEP][CLS]medulloblastoma","0"
"Pulmonary Interstitial Emphysema[SEP][CLS]gastric diffuse adenocarcinoma","0"
"Atypical Intradermal Smooth Muscle Neoplasm[SEP][CLS]pineoblastoma","0"
"Mediastinal Synovial Sarcoma[SEP][CLS]bile duct carcinoma","0"
"Supratentorial Embryonal Tumor, Not Otherwise Specified[SEP][CLS]cheilitis","0"
"Maroteaux-Lamy Syndrome[SEP][CLS]optic nerve disease","0"
"Buerger Disease[SEP][CLS]gallbladder disease","0"
"Mediastinal Lipomatosis[SEP][CLS]lipomatosis","1"
"Upper Clivus Meningioma[SEP][CLS]keratosis","0"
"Microsporidiosis[SEP][CLS]strabismus","0"
"Plexiform Neurofibroma[SEP][CLS]follicular adenoma","0"
"Penile Fibromatosis[SEP][CLS]carbohydrate metabolic disorder","0"
"Mediastinal Rhabdomyosarcoma[SEP][CLS]mediastinal cancer","0"
"Gnathostomiasis[SEP][CLS]auditory system disease","0"
"Isovaleric Acidemia[SEP][CLS]vulva carcinoma","0"
"Lymphomatoid Granulomatosis[SEP][CLS]carcinoma","0"
"Phlebitis[SEP][CLS]congenital nervous system abnormality","0"
"Acute Salpingitis[SEP][CLS]lymphadenitis","0"
"Gastric Signet Ring Cell Adenocarcinoma[SEP][CLS]central nervous system teratoma","0"
"Oligodendroglioma[SEP][CLS]high grade glioma","1"
"Kearns-Sayre Syndrome[SEP][CLS]chronic progressive external ophthalmoplegia","1"
"Muir-Torre Syndrome[SEP][CLS]cystitis","0"
"Silent Myocardial Infarction[SEP][CLS]seborrheic keratosis","0"
"Restrictive Cardiomyopathy[SEP][CLS]neurodegenerative disease","0"
"Myxopapillary Ependymoma[SEP][CLS]iridocyclitis","0"
"Childhood Disintegrative Disorder[SEP][CLS]xeroderma pigmentosum","0"
"Cranial Nodular Fasciitis[SEP][CLS]breast cancer","0"
"Communicating Hydrocephalus[SEP][CLS]paranasal sinus disease","0"
"Internal Auditory Canal Meningioma[SEP][CLS]adenoma","0"
"Cellular Leiomyoma[SEP][CLS]dissociative disorder","0"
"Corpus Callosum Lipoma[SEP][CLS]larynx cancer","0"
"Dyschromatosis Symmetrica Hereditaria[SEP][CLS]mediastinal cancer","0"
"Pediculosis[SEP][CLS]renal cell carcinoma","0"
"Thyroid Gland Anaplastic Carcinoma[SEP][CLS]thyroid gland carcinoma","1"
"Conventional Osteosarcoma[SEP][CLS]opiate dependence","0"
"Necrotizing Gastritis[SEP][CLS]liver sarcoma","0"
"Duodenal Somatostatin-Producing Neuroendocrine Tumor[SEP][CLS]ethmoid sinus cancer","0"
"Ovarian Mucinous Cystadenofibroma[SEP][CLS]relapsing fever","0"
"Medulloblastoma, WNT-Activated[SEP][CLS]choriocarcinoma","0"
"Normocytic Anemia[SEP][CLS]smallpox","0"
"Fibrous Meningioma[SEP][CLS]paraplegia","0"
"46,XY Gonadal Dysgenesis[SEP][CLS]cervical adenosquamous carcinoma","0"
"Brain Liposarcoma[SEP][CLS]ovarian carcinoma","0"
"Lumbar Plexus Neoplasm[SEP][CLS]adenofibroma","0"
"Vaginal Adenosarcoma[SEP][CLS]hidradenoma","0"
"Duodenal Obstruction[SEP][CLS]B-lymphoblastic leukemia/lymphoma","0"
"Primary Lateral Sclerosis[SEP][CLS]Guillain-Barre syndrome","0"
"Acute Pancreatitis[SEP][CLS]acquired polycythemia","0"
"Kidney Sarcoma[SEP][CLS]invasive bladder transitional cell carcinoma","0"
"Cystitis[SEP][CLS]urinary system disease","0"
"Acquired Immunodeficiency Syndrome[SEP][CLS]conjunctivitis","0"
"Down Syndrome[SEP][CLS]nutritional deficiency disease","0"
"Periosteal Osteosarcoma[SEP][CLS]dental pulp disease","0"
"Hodgkin Lymphoma[SEP][CLS]autoimmune disease of skin and connective tissue","0"
"Acute Erythroid Leukemia[SEP][CLS]connective tissue cancer","0"
"Panhypopituitarism[SEP][CLS]hypopituitarism","1"
"Brain Glioblastoma[SEP][CLS]panuveitis","0"
"Hereditary Hyperbilirubinemia[SEP][CLS]inherited metabolic disorder","1"
"Invasive Bladder Plasmacytoid Urothelial Carcinoma[SEP][CLS]artery disease","0"
"Speech Disorder[SEP][CLS]endometrial disease","0"
"Gonadal Disorder[SEP][CLS]benign ependymoma","0"
"Pharyngoconjunctival Fever[SEP][CLS]carbohydrate metabolic disorder","0"
"Farmer's Lung[SEP][CLS]nephritis","0"
"Glycogen-Rich, Clear Cell Breast Carcinoma[SEP][CLS]nervous system disease","0"
"Distal-Type Epithelioid Sarcoma[SEP][CLS]acute myeloid leukemia","0"
"Newcastle Disease[SEP][CLS]central nervous system disease","0"
"Eating Disorder[SEP][CLS]testicular malignant germ cell cancer","0"
"Ovarian Small Cell Carcinoma, Hypercalcemic Type[SEP][CLS]thyroid gland carcinoma","0"
"Primary Parapharyngeal Meningioma[SEP][CLS]adenoma","0"
"Gliofibroma[SEP][CLS]IDH-mutant anaplastic astrocytoma","0"
"Urethral Clear Cell Adenocarcinoma[SEP][CLS]breast carcinoma","0"
"Breast Lobular Neoplasia[SEP][CLS]eye disease","0"
"Laryngeal Adenoid Cystic Carcinoma[SEP][CLS]primary thrombocytopenia","0"
"Orbital Granuloma[SEP][CLS]parasitic helminthiasis infectious disease","0"
"Acute Hemorrhagic Encephalitis[SEP][CLS]malaria","0"
"L-Cell Glucagon-Like Peptide-Producing Neuroendocrine Tumor[SEP][CLS]endometrial adenocarcinoma","0"
"Carcinoma In Situ[SEP][CLS]pre-malignant neoplasm","1"
"Subvalvular Aortic Stenosis[SEP][CLS]teratoma","0"
"Apocrine Neoplasm[SEP][CLS]central nervous system melanocytic neoplasm","0"
"Syringomyelia[SEP][CLS]dermatitis","0"
"Eating Disorder[SEP][CLS]kidney disease","0"
"Polycythaemia due to Excess Erythropoetin Production[SEP][CLS]carcinoma","0"
"Breast Ductal Adenoma[SEP][CLS]esophageal disease","0"
"Malignant Sublingual Gland Neoplasm[SEP][CLS]connective tissue disease","0"
"Pleuropulmonary Blastoma[SEP][CLS]skin disease","0"
"Acute Alcoholic Hepatitis[SEP][CLS]combined immunodeficiency","0"
"Ovarian Papillary Tumor[SEP][CLS]intestinal benign neoplasm","0"
"Malignant Uvula Neoplasm[SEP][CLS]malignant fibrous histiocytoma","0"
"Central Nervous System Germinoma[SEP][CLS]central nervous system germ cell tumor","1"
"Invasive Bladder Urothelial Carcinoma[SEP][CLS]thyroid gland papillary carcinoma","0"
"Pleuropulmonary Blastoma[SEP][CLS]mastocytosis","0"
"Juvenile Breast Papillomatosis[SEP][CLS]bile duct carcinoma","0"
"Malignant Giant Cell Neoplasm[SEP][CLS]connective tissue cancer","1"
"Lens Subluxation[SEP][CLS]lymphatic system disease","0"
"Childhood Liposarcoma[SEP][CLS]laryngitis","0"
"Vulvar Verrucous Carcinoma[SEP][CLS]uterine fibroid","0"
"Ectomesenchymoma[SEP][CLS]leiomyosarcoma","0"
"Sarcomatoid Carcinoma[SEP][CLS]rectum squamous cell carcinoma","0"
"Breast Leiomyoma[SEP][CLS]seborrheic keratosis","0"
"Penile Urethral Malignant Neoplasm[SEP][CLS]bladder disease","0"
"Prostate Embryonal Rhabdomyosarcoma[SEP][CLS]glomerulonephritis","0"
"Ectopic Thymus[SEP][CLS]nephroblastoma","0"
"Capillary Leak Syndrome[SEP][CLS]scleroderma","0"
"Supravalvular Aortic Stenosis[SEP][CLS]goiter","0"
"Parathyroid Gland Chief Cell Adenoma[SEP][CLS]parathyroid adenoma","1"
"Papillary Squamous Cell Carcinoma[SEP][CLS]vulva squamous cell carcinoma","0"
"Alkaptonuria[SEP][CLS]aortic valve stenosis","0"
"Pulmonary Embolism[SEP][CLS]gallbladder adenocarcinoma","0"
"Pyosalpinx[SEP][CLS]gingivitis","0"
"Potter Syndrome[SEP][CLS]leiomyosarcoma","0"
"Multiple Acyl-CoA Dehydrogenase Deficiency[SEP][CLS]food allergy","0"
"Pyelonephritis[SEP][CLS]thyroid gland carcinoma","0"
"Botulism[SEP][CLS]supratentorial cancer","0"
"Mastocytoma[SEP][CLS]malignant dermis tumor","0"
"Alpha-Mannosidosis[SEP][CLS]cervix carcinoma","0"
"Post-Streptococcal Glomerulonephritis[SEP][CLS]connective tissue benign neoplasm","0"
"Proliferative Fasciitis[SEP][CLS]inherited metabolic disorder","0"
"Exanthem[SEP][CLS]islet cell tumor","0"
"Childhood Medulloblastoma[SEP][CLS]oligodendroglioma","0"
"Choroid Mixed Cell Melanoma[SEP][CLS]hemangioma","0"
"Breast Tubular Carcinoma[SEP][CLS]retinal degeneration","0"
"Interstitial Cystitis[SEP][CLS]eye disease","0"
"Desquamative Interstitial Pneumonia[SEP][CLS]peripheral nervous system disease","0"
"Peroxisomal Acyl-CoA Oxidase Deficiency[SEP][CLS]uterine disease","0"
"Optic Atrophy[SEP][CLS]subependymal glioma","0"
"Bladder Diverticulum[SEP][CLS]cervix carcinoma","0"
"Bladder Squamous Papilloma[SEP][CLS]pneumonia","0"
"Pharyngoconjunctival Fever[SEP][CLS]sweat gland benign neoplasm","0"
"Adult Pineal Parenchymal Cell Neoplasm[SEP][CLS]neonatal anemia","0"
"Fibromyalgia[SEP][CLS]pulmonary blastoma","0"
"Glioblastoma, IDH-Wildtype[SEP][CLS]acquired metabolic disease","0"
"WAGR Syndrome[SEP][CLS]kidney disease","0"
"Hyperuricemia[SEP][CLS]primary hyperoxaluria","0"
"Schwannomatosis[SEP][CLS]salivary gland disease","0"
"Sphingolipidosis[SEP][CLS]lipid storage disease","1"
"Adult Central Nervous System Embryonal Carcinoma[SEP][CLS]cystitis","0"
"Prostate Acinar Lymphoepithelioma-Like Adenocarcinoma[SEP][CLS]lung adenocarcinoma","0"
"Mucinous Cystadenocarcinoma[SEP][CLS]microscopic colitis","0"
"Chorioretinitis[SEP][CLS]gastrointestinal system disease","0"
"Subvalvular Aortic Stenosis[SEP][CLS]cervical adenosquamous carcinoma","0"
"NUT Carcinoma[SEP][CLS]carcinoma","1"
"Pancreatic Acinar Cell Cystadenocarcinoma[SEP][CLS]cystadenocarcinoma","1"
"Bile Duct Mucinous Cystic Neoplasm[SEP][CLS]organic acidemia","0"
"Salivary Cyst[SEP][CLS]adenoma","0"
"Mixed Phenotype Acute Leukemia with KMT2A Rearrangement[SEP][CLS]lung benign neoplasm","0"
"Thrombophlebitis[SEP][CLS]placenta cancer","0"
"Ovarian Cystadenoma[SEP][CLS]uterine corpus cancer","0"
"Urethra Disorder[SEP][CLS]hypertension","0"
"Chronic Inflammatory Demyelinating Polyneuropathy[SEP][CLS]epidermolysis bullosa","0"
"Benign Exocrine Pancreas Neoplasm[SEP][CLS]liver cirrhosis","0"
"Liver Inflammatory Myofibroblastic Tumor[SEP][CLS]myositis","0"
"Malaria[SEP][CLS]dermatomyositis","0"
"Vesicoureteral Reflux[SEP][CLS]contact dermatitis","0"
"Endobronchial Leiomyoma[SEP][CLS]immune system disease","0"
"Pancreatic Neuroendocrine Carcinoma[SEP][CLS]cholestasis","0"
"Duane Syndrome[SEP][CLS]vitreous disease","0"
"Psammomatous Meningioma[SEP][CLS]brain disease","0"
"Mediastinal Leiomyosarcoma[SEP][CLS]Bartholin's gland carcinoma","0"
"Distal Muscular Dystrophy[SEP][CLS]uterus leiomyosarcoma","0"
"Kidney Angiomyolipoma[SEP][CLS]pituitary gland disease","0"
"Cervical Lymphoepithelioma-Like Carcinoma[SEP][CLS]dental pulp disease","0"
"Benign Meningioma[SEP][CLS]central nervous system benign neoplasm","1"
"Polyradiculopathy[SEP][CLS]viral infectious disease","0"
"Mesenteric Lymphadenitis[SEP][CLS]acute porphyria","0"
"Cardiovascular Disorder[SEP][CLS]disease of anatomical entity","1"
"Tracheitis[SEP][CLS]cranial nerve disease","0"
"Cytochrome-C Oxidase Deficiency[SEP][CLS]intestinal benign neoplasm","0"
"Ethmoid Sinus Neoplasm[SEP][CLS]sinusitis","0"
"Pancreatic Neuroendocrine Carcinoma[SEP][CLS]malignant mesothelioma","0"
"Morquio Syndrome[SEP][CLS]mucopolysaccharidosis","1"
"Chronic Salpingitis[SEP][CLS]salpingitis","1"
"Dextrocardia[SEP][CLS]pericardial effusion","0"
"Incompetent Cervix[SEP][CLS]laryngeal squamous cell carcinoma","0"
"Giant Cell Tumor[SEP][CLS]fallopian tube adenocarcinoma","0"
"Quadriplegia[SEP][CLS]primary bacterial infectious disease","0"
"Substance-Related Disorder[SEP][CLS]pancreatic ductal adenocarcinoma","0"
"COVID-19 Infection[SEP][CLS]central nervous system disease","0"
"Panic Disorder[SEP][CLS]synovial sarcoma","0"
"Panniculitis[SEP][CLS]laryngitis","0"
"Rett Syndrome[SEP][CLS]pervasive developmental disorder","1"
"Cervical Adenoid Cystic Carcinoma[SEP][CLS]cervix carcinoma","1"
"Optic Nerve Disorder[SEP][CLS]skull base meningioma","0"
"Glaucoma[SEP][CLS]anemia","0"
"Tarsal Tunnel Syndrome[SEP][CLS]schizophrenia","0"
"Acute Endometritis[SEP][CLS]middle ear disease","0"
"Erythropoietic Protoporphyria[SEP][CLS]acute porphyria","1"
"Histiocytoma[SEP][CLS]differentiated thyroid gland carcinoma","0"
"X-Linked Centronuclear Myopathy[SEP][CLS]intestinal cancer","0"
"Melanotic Schwannoma[SEP][CLS]testicular germ cell cancer","0"
"Epithelial Synovial Sarcoma[SEP][CLS]brain disease","0"
"Vitreous Detachment[SEP][CLS]placenta disease","0"
"Leukorrhea[SEP][CLS]primary thrombocytopenia","0"
"Porphyria Cutanea Tarda[SEP][CLS]acute porphyria","1"
"Sheehan Syndrome[SEP][CLS]neuropathy","0"
"Malignant Mixed Epithelial and Stromal Tumor of the Kidney[SEP][CLS]brain cancer","0"
"Pineal Region Immature Teratoma[SEP][CLS]prolymphocytic leukemia","0"
"Ophthalmia Neonatorum[SEP][CLS]physical disorder","0"
"Benign Vaginal Mixed Tumor[SEP][CLS]breast mucinous carcinoma","0"
"Diffuse Leptomeningeal Glioneuronal Tumor[SEP][CLS]male reproductive organ cancer","0"
"Hemoglobin C Disease[SEP][CLS]choriocarcinoma of the testis","0"
"Acute Respiratory Failure[SEP][CLS]acute porphyria","0"
"Social Anxiety Disorder[SEP][CLS]globe disease","0"
"Thyroid Storm[SEP][CLS]parathyroid gland disease","0"
"Bladder Small Cell Neuroendocrine Carcinoma[SEP][CLS]lens disease","0"
"Fuchs Endothelial Dystrophy[SEP][CLS]meninges sarcoma","0"
"Mixed Cell Type Kidney Wilms Tumor[SEP][CLS]xanthomatosis","0"
"Helminthiasis[SEP][CLS]eye disease","0"
"Medulloblastoma, SHH-Activated, TP53-Mutant[SEP][CLS]differentiated thyroid gland carcinoma","0"
"Heroin Dependence[SEP][CLS]nephroblastoma","0"
"Granulocytic Sarcoma[SEP][CLS]connective tissue cancer","0"
"Paronychia[SEP][CLS]vulvar benign neoplasm","0"
"Cavernous Hemangioma[SEP][CLS]pigmentation disease","0"
"Retinopathy of Prematurity[SEP][CLS]lung benign neoplasm","0"
"Invasive Thymoma[SEP][CLS]conjunctivitis","0"
"Mucinous Tubular and Spindle Cell Carcinoma of the Kidney[SEP][CLS]endometrial adenocarcinoma","0"
"Glomus Tumor[SEP][CLS]hemangiopericytic tumor","1"
"Gangrenous Stomatitis[SEP][CLS]ulcerative stomatitis","1"
"Burkitt Lymphoma[SEP][CLS]personality disorder","0"
"Prostatic Urethra Urothelial Carcinoma[SEP][CLS]myocarditis","0"
"Carotid Artery Dissection[SEP][CLS]glomerulonephritis","0"
"Macular Corneal Dystrophy[SEP][CLS]adult brain stem glioma","0"
"Dermatophytosis[SEP][CLS]cerebral ventricle cancer","0"
"Kernicterus Related to Isoimmunization[SEP][CLS]supratentorial cancer","0"
"Axillary Lymphadenitis[SEP][CLS]primary cutaneous T-cell non-Hodgkin lymphoma","0"
"Polymorphous Low Grade Neuroepithelial Tumor of the Young[SEP][CLS]liver cancer","0"
"Bladder Hepatoid Adenocarcinoma[SEP][CLS]parasitic helminthiasis infectious disease","0"
"De Sanctis-Cacchione Syndrome[SEP][CLS]anterior cranial fossa meningioma","0"
"Neuropathy[SEP][CLS]skin benign neoplasm","0"
"Acrofacial Dysostosis[SEP][CLS]breast adenocarcinoma","0"
"Malignant Pylorus Neoplasm[SEP][CLS]stomatitis","0"
"Thrombotic Thrombocytopenic Purpura[SEP][CLS]acquired metabolic disease","0"
"Vulvar Melanoma[SEP][CLS]ganglioneuroblastoma","0"
"Periosteal Chondroma[SEP][CLS]congenital hemolytic anemia","0"
"Epidural Spinal Canal Meningioma[SEP][CLS]skin benign neoplasm","0"
"Verrucous Hemangioma[SEP][CLS]bladder adenocarcinoma","0"
"Nonanaplastic Kidney Wilms Tumor[SEP][CLS]choriocarcinoma","0"
"Ovarian Surface Papilloma[SEP][CLS]ovarian papillary neoplasm","1"
"Childhood Brain Stem Astrocytoma[SEP][CLS]sarcoma","0"
"Wernicke-Korsakoff Syndrome[SEP][CLS]nasal cavity disease","0"
"Tropical Sprue[SEP][CLS]hormone producing pituitary cancer","0"
"Diffuse Cutaneous Systemic Sclerosis[SEP][CLS]myelodysplastic/myeloproliferative neoplasm","0"
"Eosinophilic Granulomatosis with Polyangiitis[SEP][CLS]vasculitis","1"
"Hereditary Hyperbilirubinemia[SEP][CLS]glucose metabolism disease","0"
"Astroblastoma, MN1-Altered[SEP][CLS]disease of mental health","0"
"Epithelioid Angiomyolipoma[SEP][CLS]specific developmental disorder","0"
"Hereditary Meningioma[SEP][CLS]choroid cancer","0"
"Pleural Disorder[SEP][CLS]lower respiratory tract disease","1"
"Uterine Corpus Lipoleiomyoma[SEP][CLS]breast adenocarcinoma","0"
"Leigh Disease[SEP][CLS]pulmonary neuroendocrine tumor","0"
"Angelman Syndrome[SEP][CLS]disease of anatomical entity","0"
"Nesidioblastosis[SEP][CLS]ovary adenocarcinoma","0"
"Proximal-Type Epithelioid Sarcoma[SEP][CLS]vaginal disease","0"
"Filariasis[SEP][CLS]pituitary gland disease","0"
"Syringocystadenoma Papilliferum[SEP][CLS]tongue disease","0"
"Acquired Color Blindness[SEP][CLS]connective tissue cancer","0"
"Skin Acantholytic Squamous Cell Carcinoma[SEP][CLS]personality disorder","0"
"Breast Atypical Papilloma[SEP][CLS]marginal zone lymphoma","0"
"Corneal Edema[SEP][CLS]rectosigmoid junction cancer","0"
"Carcinoma Arising in Nasal Papillomatosis[SEP][CLS]seborrheic keratosis","0"
"Dyslexia[SEP][CLS]viral infectious disease","0"
"Intracranial Hemangioma[SEP][CLS]iridocyclitis","0"
"Gynecomastia[SEP][CLS]renal adenoma","0"
"Inverted Papilloma[SEP][CLS]urinary system disease","0"
"Kidney Fibrosarcoma[SEP][CLS]neuroblastoma","0"
"Linitis Plastica[SEP][CLS]choriocarcinoma","0"
"Progressive Myoclonus Epilepsy[SEP][CLS]chronic leukemia","0"
"Supraglottic Verrucous Carcinoma[SEP][CLS]ovarian benign neoplasm","0"
"Poland Syndrome[SEP][CLS]skin disease","0"
"Splenic Hemangioma[SEP][CLS]pleomorphic rhabdomyosarcoma","0"
"Extrahepatic Cholestasis[SEP][CLS]breast disease","0"
"Hereditary Kidney Wilms Tumor[SEP][CLS]nephroblastoma","1"
"Posterior Fossa Meningioma[SEP][CLS]artery disease","0"
"Periampullary Adenocarcinoma[SEP][CLS]neurofibroma","0"
"Central Nervous System Tumor with BCOR Internal Tandem Duplication[SEP][CLS]penis carcinoma","0"
"Motion Sickness[SEP][CLS]peripheral nervous system disease","0"
"Palmoplantar Pustulosis[SEP][CLS]bile duct adenoma","0"
"Vivax Malaria[SEP][CLS]breast squamous cell carcinoma","0"
"Supraglottis Neoplasm[SEP][CLS]mesenchymal cell neoplasm","0"
"Female Stress Incontinence[SEP][CLS]multiple sclerosis","0"
"Melanocytic Medulloblastoma[SEP][CLS]malignant dermis tumor","0"
"Acute Respiratory Distress Syndrome[SEP][CLS]respiratory failure","1"
"Laryngeal Verrucous Carcinoma[SEP][CLS]medulloblastoma","0"
"Broad Ligament Mucinous Adenocarcinoma[SEP][CLS]inflammatory and toxic neuropathy","0"
"Biphasic Pulmonary Blastoma[SEP][CLS]acute monocytic leukemia","0"
"Prostate Stromal Sarcoma[SEP][CLS]intestinal disease","0"
"Epithelial-Myoepithelial Carcinoma[SEP][CLS]lymphadenitis","0"
"Pyuria[SEP][CLS]urinary bladder cancer","0"
"Ovarian Seromucinous Tumor[SEP][CLS]chondrosarcoma","0"
"Internal Strabismus[SEP][CLS]glossopharyngeal nerve disease","0"
"Lipoid Proteinosis of Urbach and Wiethe[SEP][CLS]lipid metabolism disorder","1"
"Syndrome[SEP][CLS]parasitic helminthiasis infectious disease","0"
"Uterine Corpus Epithelioid Leiomyosarcoma[SEP][CLS]bacterial infectious disease","0"
"Testicular Yolk Sac Tumor, Endodermal Sinus/Perivascular Pattern[SEP][CLS]childhood electroclinical syndrome","0"
"Middle Ear Cholesterol Granuloma[SEP][CLS]facial nerve disease","0"
"Farmer's Lung[SEP][CLS]primary cutaneous T-cell non-Hodgkin lymphoma","0"
"Croup[SEP][CLS]respiratory system disease","1"
"Mental Retardation, Autosomal Dominant 9[SEP][CLS]extraskeletal myxoid chondrosarcoma","0"
"Friedreich Ataxia[SEP][CLS]sweat gland benign neoplasm","0"
"Cerebral Atherosclerosis[SEP][CLS]iris cancer","0"
"Anal Margin Paget Disease[SEP][CLS]monocytic leukemia","0"
"Bagassosis[SEP][CLS]specific developmental disorder","0"
"Erdheim-Chester Disease[SEP][CLS]breast cancer","0"
"Mucopolysaccharidosis[SEP][CLS]hemangioma","0"
"Calciphylaxis[SEP][CLS]hemoglobinuria","0"
"Adult Brain Stem Mixed Glioma[SEP][CLS]connective tissue disease","0"
"Late Yaws[SEP][CLS]malignant ovarian surface epithelial-stromal neoplasm","0"
"Buruli Ulcer[SEP][CLS]myeloid neoplasm","0"
"Dihydropyrimidine Dehydrogenase Deficiency[SEP][CLS]purine-pyrimidine metabolic disorder","1"
"Papillary Glioneuronal Tumor[SEP][CLS]blood group incompatibility","0"
"Multicentric Castleman Disease[SEP][CLS]nasal cavity disease","0"
"Cribriform Carcinoma[SEP][CLS]paraphilia disorder","0"
"Tibial Adamantinoma[SEP][CLS]cerebellar astrocytoma","0"
"Hemangioblastoma[SEP][CLS]myeloproliferative neoplasm","0"
"Graves Disease[SEP][CLS]high grade ependymoma","0"
"Polycythemia Neonatorum[SEP][CLS]intestinal benign neoplasm","0"
"Epithelioid Mesothelioma[SEP][CLS]pancreatic adenocarcinoma","0"
"Herpetic Whitlow[SEP][CLS]blood protein disease","0"
"Hereditary Elliptocytosis[SEP][CLS]hematopoietic system disease","1"
"Parapsoriasis[SEP][CLS]vascular disease","0"
"Ovarian Small Cell Carcinoma, Pulmonary-Type[SEP][CLS]retinal disease","0"
"Nipple Carcinoma[SEP][CLS]skin disease","0"
"Dysthymic Disorder[SEP][CLS]mood disorder","1"
"Childhood Mediastinal Neurogenic Neoplasm[SEP][CLS]esophageal disease","0"
"Norwegian Scabies[SEP][CLS]urinary bladder cancer","0"
"Ovarian Large Cell Neuroendocrine Carcinoma[SEP][CLS]skin squamous cell carcinoma","0"
"Adult Anaplastic Ependymoma[SEP][CLS]rectal disease","0"
"Kernicterus[SEP][CLS]liposarcoma","0"
"Cutaneous Diphtheria[SEP][CLS]pulmonary fibrosis","0"
"Musculoskeletal Disorder[SEP][CLS]facial nerve disease","0"
"Chronic Granulomatous Disease[SEP][CLS]disorder of sexual development","0"
"Spindle Cell Synovial Sarcoma[SEP][CLS]hepatocellular carcinoma","0"
"Myxoid Glioneuronal Tumor[SEP][CLS]viral infectious disease","0"
"Chronic Salpingitis[SEP][CLS]gastrointestinal system cancer","0"
"Anaplastic Astrocytoma, IDH-Wildtype[SEP][CLS]osteosarcoma","0"
"Infectious Otitis Externa[SEP][CLS]parasitic ectoparasitic infectious disease","0"
"Ovarian Clear Cell Adenocarcinoma[SEP][CLS]stomach cancer","0"
"Ureter Disorder[SEP][CLS]esophagus squamous cell carcinoma","0"
"Cardiac Granular Cell Tumor[SEP][CLS]germ cell cancer","0"
"Achard Syndrome[SEP][CLS]pneumoconiosis","0"
"Linitis Plastica[SEP][CLS]chromosomal duplication syndrome","0"
"Linitis Plastica[SEP][CLS]gastric diffuse adenocarcinoma","1"
"Endometrioid Stromal Sarcoma[SEP][CLS]syndrome","0"
"Submucosal Invasive Colon Adenocarcinoma[SEP][CLS]pigmentation disease","0"
"Partial Epilepsy[SEP][CLS]breast carcinoma","0"
"Parachordoma[SEP][CLS]mesenchymal cell neoplasm","1"
"Cervical Small Cell Neuroendocrine Carcinoma[SEP][CLS]intraductal breast benign neoplasm","0"
"Secondary Hypertension[SEP][CLS]endometritis","0"
"Oral Cavity Submucous Fibrosis[SEP][CLS]brain stem glioma","0"
"Orchitis[SEP][CLS]testicular disease","1"
"Pineal Region Immature Teratoma[SEP][CLS]neuropathy","0"
"Malignant Labia Majora Neoplasm[SEP][CLS]vulva cancer","1"
"Benign Secondary Hypertension[SEP][CLS]intestinal obstruction","0"
"Neonatal Jaundice[SEP][CLS]colitis","0"
"Panhypopituitarism[SEP][CLS]malignant dermis tumor","0"
"Suppurative Lymphadenitis[SEP][CLS]kidney benign neoplasm","0"
"Barakat Syndrome[SEP][CLS]viral infectious disease","0"
"Malignant Labia Majora Neoplasm[SEP][CLS]hypersensitivity reaction type III disease","0"
"Vitamin K Deficiency[SEP][CLS]pancreas disease","0"
"Alopecia[SEP][CLS]teratoma","0"
"Angiomatous Meningioma[SEP][CLS]meningioma","1"
"Depression[SEP][CLS]mood disorder","1"
"Cocaine Dependence[SEP][CLS]connective tissue disease","0"
"Pericardial Effusion[SEP][CLS]non-Hodgkin lymphoma","0"
"Ovarian Clear Cell Cystadenocarcinoma[SEP][CLS]breast benign neoplasm","0"
"Distal Muscular Dystrophy[SEP][CLS]brain disease","0"
"Rete Testis Neoplasm[SEP][CLS]uterine corpus cancer","0"
"Specific Phobia[SEP][CLS]intestinal disease","0"
"Brain Extraskeletal Myxoid Chondrosarcoma[SEP][CLS]childhood embryonal tumor with multilayered rosettes, C19MC-altered","0"
"Malignant Glottis Neoplasm[SEP][CLS]substance dependence","0"
"Retinal Disorder[SEP][CLS]eye disease","1"
"Eyelid Melanoma[SEP][CLS]germ cell benign neoplasm","0"
"Malignant Oculomotor Nerve Neoplasm[SEP][CLS]atrial heart septal defect","0"
"Lissencephaly[SEP][CLS]skin melanoma","0"
"Rhesus Isoimmunization[SEP][CLS]rete ovarii adenoma","0"
"Hyperdiploid B Lymphoblastic Leukemia/Lymphoma[SEP][CLS]cholangiocarcinoma","0"
"Hemangiopericytic Neoplasm[SEP][CLS]sinusitis","0"
"Childhood Fibrosarcoma[SEP][CLS]fibrosarcoma","1"
"Malignant Gastric Granular Cell Tumor[SEP][CLS]neurodegenerative disease","0"
"Parathyroid Gland Chief Cell Adenoma[SEP][CLS]thoracic disease","0"
"Thymic Sarcomatoid Carcinoma[SEP][CLS]intestinal disease","0"
"Acute Myeloid Leukemia with t(6;9)(p22.3;q34.1); DEK-NUP214[SEP][CLS]sleep apnea","0"
"Achondroplasia[SEP][CLS]penis verrucous carcinoma","0"
"Rumination Disorder[SEP][CLS]eating disorder","1"
"Liver Leiomyoma[SEP][CLS]leukemia","0"
"Female Breast Carcinoma[SEP][CLS]liver cancer","0"
"Fatal Familial Insomnia[SEP][CLS]neuroblastoma","0"
"Adenoid Cystic Carcinoma[SEP][CLS]chromophobe renal cell carcinoma","0"
"Iris Melanoma[SEP][CLS]mediastinal neurilemmoma","0"
"Gilbert Syndrome[SEP][CLS]central nervous system germ cell tumor","0"
"Sphenocavernous Meningioma[SEP][CLS]breast cancer","0"
"Creutzfeldt-Jakob Disease[SEP][CLS]skin disease","0"
"Undifferentiated High Grade Pleomorphic Sarcoma of Bone[SEP][CLS]hemangiopericytoma","0"
"Large Cell Carcinoma[SEP][CLS]encephalomyelitis","0"
"Van der Woude Syndrome[SEP][CLS]endometriosis","0"
"Tumor of the Follicular Infundibulum[SEP][CLS]blood platelet disease","0"
"Proteinuria[SEP][CLS]brain glioma","0"
"Peripheral Sensory Neuropathy[SEP][CLS]heart conduction disease","0"
"Facial Nerve Neoplasm[SEP][CLS]carbohydrate metabolic disorder","0"
"Hair Disorder[SEP][CLS]integumentary system disease","1"
"Sertoli Cell-Only Syndrome[SEP][CLS]germ cell cancer","0"
"Hemangiopericytic Neoplasm[SEP][CLS]salivary gland disease","0"
"Gasserian Meningioma[SEP][CLS]parathyroid adenoma","0"
"Mucin-Rich Endometrial Endometrioid Adenocarcinoma[SEP][CLS]vascular disease","0"
"Hyperestrogenism[SEP][CLS]psychosexual disorder","0"
"Trichomonas Infection[SEP][CLS]sigmoid neoplasm","0"
"Gastric Body Carcinoma[SEP][CLS]syndrome","0"
"Adenosine Deaminase Deficiency[SEP][CLS]severe combined immunodeficiency","1"
"Lacrimal Duct Obstruction[SEP][CLS]small cell sarcoma","0"
"Cervical Poorly Differentiated Adenosquamous Carcinoma[SEP][CLS]upper respiratory tract disease","0"
"Muscle Atrophy[SEP][CLS]myopathy","1"
"Cole-Carpenter Syndrome[SEP][CLS]von Willebrand's disease","0"
"Neonatal Diabetes Mellitus[SEP][CLS]ganglioneuroblastoma","0"
"Polydactyly[SEP][CLS]breast carcinoma","0"
"Thymic Small Cell Neuroendocrine Carcinoma[SEP][CLS]thymic carcinoma","1"
"Vaginal Disorder[SEP][CLS]retinal disease","0"
"Childhood Central Nervous System Germinoma[SEP][CLS]papilloma","0"
"Antiphospholipid Syndrome[SEP][CLS]diffuse large B-cell lymphoma","0"
"Hereditary Retinal Dystrophy[SEP][CLS]Coronavirus infectious disease","0"
"Impetigo[SEP][CLS]pyoderma","1"
"Colon Leiomyoma[SEP][CLS]central nervous system disease","0"
"Lip Disorder[SEP][CLS]myelofibrosis","0"
"CADASIL Syndrome[SEP][CLS]primary systemic mycosis","0"
"Ascariasis[SEP][CLS]interstitial lung disease","0"
"IgA Nephropathy[SEP][CLS]breast adenocarcinoma","0"
"Cranial Nerve Palsy[SEP][CLS]agammaglobulinemia","0"
"Argininosuccinic Aciduria[SEP][CLS]mitral valve disease","0"
"Sphenoid Sinus Papilloma[SEP][CLS]viral infectious disease","0"
"Adenomyoma[SEP][CLS]Usher syndrome","0"
"Jejunal Somatostatin-Producing Neuroendocrine Tumor[SEP][CLS]color blindness","0"
"Cardiac Malignant Peripheral Nerve Sheath Tumor[SEP][CLS]cerebral degeneration","0"
"Syndrome of Inappropriate Antidiuretic Hormone Secretion[SEP][CLS]thymic carcinoma","0"
"Solitary Reticulohistiocytoma[SEP][CLS]peripheral T-cell lymphoma","0"
"Uveal Mixed Cell Melanoma[SEP][CLS]thyroid gland disease","0"
"Anal Canal Paget Disease[SEP][CLS]anal canal adenocarcinoma","1"
"Metastatic Somatotroph Pituitary Neuroendocrine Tumor[SEP][CLS]posterior fossa ependymoma","0"
"Mediastinal Neuroblastoma[SEP][CLS]malignant mediastinal neurogenic neoplasm","1"
"Villous Adenocarcinoma[SEP][CLS]adenocarcinoma","1"
"Mature Gastric Teratoma[SEP][CLS]gastric teratoma","1"
"Skin Clear Cell Basal Cell Carcinoma[SEP][CLS]sphingolipidosis","0"
"Cholangitis[SEP][CLS]autoimmune disease of endocrine system","0"
"Vulvar Basaloid Carcinoma[SEP][CLS]vulva squamous cell carcinoma","1"
"Idiopathic CD4-Positive T-Lymphocytopenia[SEP][CLS]colonic disease","0"
"Adult Brain Ependymoma[SEP][CLS]parasitic helminthiasis infectious disease","0"
"Malignant Smooth Muscle Neoplasm[SEP][CLS]extraosseous Ewing sarcoma","0"
"Melanomatosis[SEP][CLS]central nervous system embryonal tumor","0"
"Medulloblastoma, SHH-Activated[SEP][CLS]gastritis","0"
"Breast Lipid-Rich Carcinoma[SEP][CLS]lipid-rich carcinoma","1"
"Superior Sulcus Lung Carcinoma[SEP][CLS]sphingolipidosis","0"
"Keratoconjunctivitis[SEP][CLS]heart sarcoma","0"
"Lacrimal Gland Carcinoma ex Pleomorphic Adenoma[SEP][CLS]syndrome","0"
"Mental Retardation[SEP][CLS]pseudohypoparathyroidism","0"
"Leber Hereditary Optic Atrophy[SEP][CLS]adult brain stem glioma","0"
"Cervical Adenoid Basal Carcinoma[SEP][CLS]endocrine system disease","0"
"Toxic Shock Syndrome[SEP][CLS]long QT syndrome","0"
"Vulvar Apocrine Adenocarcinoma[SEP][CLS]middle ear disease","0"
"Conjunctival Melanoma[SEP][CLS]intrinsic cardiomyopathy","0"
"Childhood Malignant Mesenchymoma[SEP][CLS]hidradenitis","0"
"Primary Cutaneous Gamma-Delta T-Cell Lymphoma[SEP][CLS]heart cancer","0"
"Microcystic/Reticular Schwannoma[SEP][CLS]myelodysplastic/myeloproliferative neoplasm","0"
"Vulvar Squamous Papillomatosis[SEP][CLS]congenital heart disease","0"
"Late Yaws[SEP][CLS]nervous system benign neoplasm","0"
"Celiac Disease[SEP][CLS]autoimmune disease of gastrointestinal tract","1"
"Chromosome 2q37 Deletion Syndrome[SEP][CLS]kidney disease","0"
"Petrous Apex Meningioma[SEP][CLS]familial hyperlipidemia","0"
"Pancreatic Serous Neoplasm[SEP][CLS]ovarian endodermal sinus tumor","0"
"Female Orgasmic Disorder[SEP][CLS]supratentorial cancer","0"
"Infectious Otitis Externa[SEP][CLS]psychotic disorder","0"
"Sheehan Syndrome[SEP][CLS]epithelioid sarcoma","0"
"Prostate Acinar Signet Ring Cell-Like Adenocarcinoma[SEP][CLS]hematologic cancer","0"
"Childhood Intracranial Meningioma[SEP][CLS]brain germinoma","0"
"Diabetic Vascular Disorder[SEP][CLS]vulva adenocarcinoma","0"
"Ovarian Clear Cell Cystadenocarcinoma[SEP][CLS]leiomyosarcoma","0"
"Diffuse Large B-Cell Lymphoma Germinal Center B-Cell Type[SEP][CLS]pneumoconiosis","0"
"Hairy Tongue[SEP][CLS]central nervous system teratoma","0"
"Cannabis Dependence[SEP][CLS]psychosexual disorder","0"
"Medulloblastoma, WNT-Activated[SEP][CLS]adenocarcinoma","0"
"Amyotrophic Lateral Sclerosis[SEP][CLS]motor neuron disease","1"
"Meesmann Corneal Dystrophy[SEP][CLS]urethra adenocarcinoma","0"
"Spongiotic Dermatitis[SEP][CLS]gonadal dysgenesis","0"
"Pineal Parenchymal Tumor of Intermediate Differentiation[SEP][CLS]B-lymphoblastic leukemia/lymphoma","0"
"Cirrhosis[SEP][CLS]immune system organ benign neoplasm","0"
"Celiac Disease[SEP][CLS]synovitis","0"
"Leukostasis[SEP][CLS]uterine fibroid","0"
"Genital Herpes[SEP][CLS]herpes simplex","1"
"Tetanic Cataract[SEP][CLS]invasive bladder transitional cell carcinoma","0"
"Systemic Mastocytosis[SEP][CLS]muscle benign neoplasm","0"
"Meningeal Melanocytoma[SEP][CLS]tooth disease","0"
"Postencephalitic Parkinsonism[SEP][CLS]sleep apnea","0"
"Syndrome of Inappropriate Antidiuretic Hormone Secretion[SEP][CLS]breast benign neoplasm","0"
"Myelitis[SEP][CLS]bone development disease","0"
"Peripheral Sensory Neuropathy[SEP][CLS]articulation disorder","0"
"Orofaciodigital Syndrome Type 6[SEP][CLS]intrinsic cardiomyopathy","0"
"Vulvar Squamous Neoplasm[SEP][CLS]globe disease","0"
"Penile Verrucous Carcinoma[SEP][CLS]adenocarcinoma","0"
"Bladder Papillary Urothelial Neoplasm[SEP][CLS]endometriosis","0"
"Myxoid Glioneuronal Tumor[SEP][CLS]central nervous system benign neoplasm","1"
"Mediastinal Neuroblastoma[SEP][CLS]urinary system disease","0"
"Malignant Cardiac Hemangiopericytoma[SEP][CLS]testicular cancer","0"
"Multiple Skull Base Meningiomas[SEP][CLS]glucose metabolism disease","0"
"Asthma[SEP][CLS]small intestine benign neoplasm","0"
"Childhood Choroid Plexus Neoplasm[SEP][CLS]ovarian benign neoplasm","0"
"Malignant Giant Cell Neoplasm[SEP][CLS]pancreas disease","0"
"Schizophreniform Disorder[SEP][CLS]psychotic disorder","1"
"Central Nervous System Disorder[SEP][CLS]parasitic protozoa infectious disease","0"
"Adult Yolk Sac Tumor[SEP][CLS]central nervous system disease","0"
"Cerebellopontine Angle Neoplasm[SEP][CLS]physical disorder","0"
"Multiple Intraspinal Meningiomas[SEP][CLS]soft palate cancer","0"
"Central Nervous System Mature Teratoma[SEP][CLS]chronic conjunctivitis","0"
"Smooth Muscle Neoplasm[SEP][CLS]nephrolithiasis","0"
"Malignant Skeletal Muscle Neoplasm[SEP][CLS]intracranial hypertension","0"
"Retinopathy of Prematurity[SEP][CLS]inflammatory and toxic neuropathy","0"
"Uveal Disorder[SEP][CLS]eye disease","1"
"Hemochromatosis[SEP][CLS]anal squamous cell carcinoma","0"
"Mediastinal Soft Tissue Neoplasm[SEP][CLS]epilepsy","0"
"Chronic Granulomatous Disease[SEP][CLS]paranasal sinus benign neoplasm","0"
"Entrapment Neuropathy[SEP][CLS]peripheral nervous system disease","1"
"Apical Myocardial Infarction by ECG Finding[SEP][CLS]heart valve disease","0"
"Status Asthmaticus[SEP][CLS]aleukemic leukemia","0"
"Erythema Infectiosum[SEP][CLS]skin disease","0"
"Childhood Conventional Osteosarcoma[SEP][CLS]interstitial lung disease","0"
"Ureter Urothelial Papilloma[SEP][CLS]ureteral benign neoplasm","1"
"Amyotrophic Lateral Sclerosis[SEP][CLS]scleroderma","0"
"High Grade B-Cell Lymphoma with MYC and BCL2 or BCL6 Rearrangements[SEP][CLS]B-cell lymphoma","1"
"Malignant Soft Palate Neoplasm[SEP][CLS]fibrosarcoma","0"
"Childhood Visual Pathway Glioma[SEP][CLS]gastrointestinal system benign neoplasm","0"
"Bone Paget Disease[SEP][CLS]testis seminoma","0"
"Brain Oligodendroglioma[SEP][CLS]spinal canal and spinal cord meningioma","0"
"Hypogonadism[SEP][CLS]hyperostosis","0"
"Breast Central Papilloma[SEP][CLS]chronic conjunctivitis","0"
"Sclerosing Atypical Lipomatous Tumor/Well Differentiated Liposarcoma[SEP][CLS]melanoma","0"
"Myotonic Disorder[SEP][CLS]invasive bladder transitional cell carcinoma","0"
"Benign Neonatal Epilepsy[SEP][CLS]parathyroid gland disease","0"
"Aagenaes Syndrome[SEP][CLS]osteosclerosis","0"
"Fallopian Tube Serous Papilloma[SEP][CLS]pancreatic cancer","0"
"Hilar Cholangiocarcinoma[SEP][CLS]intestinal disease","0"
"Cerebral Embryonal Tumor, Not Otherwise Specified[SEP][CLS]dementia","0"
"Mental Retardation[SEP][CLS]specific developmental disorder","1"
"Trabecular Adenocarcinoma[SEP][CLS]personality disorder","0"
"Posterior Fossa Ependymoma, Group A (PFA)[SEP][CLS]mood disorder","0"
"Hiatal Hernia[SEP][CLS]stomach disease","1"
"Early Invasive Cervical Adenocarcinoma[SEP][CLS]thymoma","0"
"Erythroleukemia[SEP][CLS]congenital hypoplastic anemia","0"
"Neonatal Jaundice[SEP][CLS]meningioma","0"
"Mucin-Producing Intrahepatic Cholangiocarcinoma[SEP][CLS]follicular adenoma","0"
"Asynchronous Multifocal Osteosarcoma[SEP][CLS]human immunodeficiency virus infectious disease","0"
"Pancreatic Signet Ring Cell Carcinoma[SEP][CLS]specific phobia","0"
"Central Nervous System Embryonal Tumor, Not Otherwise Specified[SEP][CLS]central nervous system benign neoplasm","0"
"Psychiatric Disorder[SEP][CLS]gastrointestinal system cancer","0"
"Pineoblastoma[SEP][CLS]breast carcinoma","0"
"Rhabdoid Meningioma[SEP][CLS]skin squamous cell carcinoma","0"
"Paget Disease[SEP][CLS]autoimmune disease of gastrointestinal tract","0"
"Conventional Angiosarcoma[SEP][CLS]subglottis squamous cell carcinoma","0"
"Retinal Arterial Branch Occlusion[SEP][CLS]B-cell lymphoma","0"
"Chronic Pyelonephritis[SEP][CLS]pyelonephritis","1"
"Sea-Blue Histiocyte Syndrome[SEP][CLS]renal cell carcinoma","0"
"Anthrax[SEP][CLS]lung carcinoma","0"
"Atypical Polypoid Adenomyoma[SEP][CLS]uterine ligament adenocarcinoma","0"
"Myeloid/Lymphoid Neoplasms with FGFR1 Rearrangement[SEP][CLS]supraglottis neoplasm","0"
"Clear Cell Chondrosarcoma[SEP][CLS]female urethral cancer","0"
"Quadriplegia[SEP][CLS]lymphadenitis","0"
"Hyperestrogenism[SEP][CLS]retinal cell cancer","0"
"Type 2 Renal Papillary Adenoma[SEP][CLS]strabismus","0"
"Chronic Tic Disorder[SEP][CLS]thymoma type B","0"
"Testicular Seminoma, Tubular Variant[SEP][CLS]amino acid metabolic disorder","0"
"Extragonadal Seminoma[SEP][CLS]lung carcinoma","0"
"Rete Ovarii Neoplasm[SEP][CLS]vulva cancer","0"
"Gilbert Syndrome[SEP][CLS]skin sarcoma","0"
"Malignant Labia Majora Neoplasm[SEP][CLS]lacrimal system cancer","0"
"Lung Basaloid Large Cell Carcinoma[SEP][CLS]lung squamous cell carcinoma","1"
"Malignant Uterine Corpus Mixed Epithelial and Mesenchymal Neoplasm[SEP][CLS]uterine corpus cancer","1"
"Cervical Adenoid Cystic Carcinoma[SEP][CLS]myeloid neoplasm","0"
"Cutaneous Diphtheria[SEP][CLS]kidney disease","0"
"Hunter Syndrome[SEP][CLS]vulvar benign neoplasm","0"
"Evans Syndrome[SEP][CLS]blood platelet disease","0"
"Calcification[SEP][CLS]West Nile encephalitis","0"
"Struma Ovarii[SEP][CLS]ovarian disease","0"
"Glomangiomatosis[SEP][CLS]basal cell carcinoma","0"
"Maple Syrup Urine Disease[SEP][CLS]placenta disease","0"
"Mediastinitis[SEP][CLS]childhood spinal muscular atrophy","0"
"Cerebrotendinous Xanthomatosis[SEP][CLS]eye disease","0"
"Annular Pancreas[SEP][CLS]pancreas disease","1"
"Malignant Mixed Epithelial and Stromal Tumor of the Kidney[SEP][CLS]mixed cell type cancer","1"
"Osteomalacia[SEP][CLS]follicular adenoma","0"
"Alpha-1 Antitrypsin Deficiency[SEP][CLS]angiomyolipoma","0"
"Hereditary Ovarian Carcinoma[SEP][CLS]neuroblastoma","0"
"Childhood Infratentorial Ependymoma[SEP][CLS]melanoma","0"
"Exocervical Carcinoma[SEP][CLS]autonomic nervous system neoplasm","0"
"Pulp Degeneration[SEP][CLS]scabies","0"
"Hypoplastic Left Heart Syndrome[SEP][CLS]keratitis","0"
"Autoimmune Polyendocrinopathy Syndrome[SEP][CLS]breast benign neoplasm","0"
"Hemoglobin C Disease[SEP][CLS]hematologic cancer","0"
"Schizophrenia[SEP][CLS]renal pelvis papillary tumor","0"
"Premature Menopause[SEP][CLS]sweat gland cancer","0"
"Band Keratopathy[SEP][CLS]corneal degeneration","1"
"Paroxysmal Nocturnal Hemoglobinuria[SEP][CLS]diffuse large B-cell lymphoma","0"
"Squamous Papillomatosis[SEP][CLS]central nervous system disease","0"
"Splenic Abscess[SEP][CLS]disorder of sexual development","0"
"Ganglioneuroblastoma[SEP][CLS]skin melanoma","0"
"Coccidiosis[SEP][CLS]hereditary renal cell carcinoma","0"
"Kaolin Pneumoconiosis[SEP][CLS]sweat gland benign neoplasm","0"
"Yolk Sac Tumor[SEP][CLS]reproductive organ benign neoplasm","0"
"Liver Angiomyolipoma[SEP][CLS]skin melanoma","0"
"Cervical Wilms Tumor[SEP][CLS]parasitic helminthiasis infectious disease","0"
"Testicular Yolk Sac Tumor, Hepatoid Pattern[SEP][CLS]chronic leukemia","0"
"Malignant Olfactory Nerve Neoplasm[SEP][CLS]salivary gland cancer","0"
"Jugular Foramen Meningioma[SEP][CLS]laryngitis","0"
"T-Cell Large Granular Lymphocyte Leukemia[SEP][CLS]testicular cancer","0"
"Rete Ovarii Adenocarcinoma[SEP][CLS]ovarian papillary neoplasm","0"
"Broad Ligament Endometrioid Adenocarcinoma[SEP][CLS]xanthomatosis","0"
"Immature Ovarian Teratoma[SEP][CLS]lipoma","0"
"Infertility[SEP][CLS]muscle cancer","0"
"Skin Angiosarcoma[SEP][CLS]periapical periodontitis","0"
"Vaginal Squamous Neoplasm[SEP][CLS]gingival overgrowth","0"
"Rubella Infection[SEP][CLS]heart cancer","0"
"Hypoglossal Nerve Disorder[SEP][CLS]intestinal disease","0"
"Acute Respiratory Failure[SEP][CLS]hepatoblastoma","0"
"Intracranial Aneurysm[SEP][CLS]lung small cell carcinoma","0"
"Prostate Leiomyosarcoma[SEP][CLS]eye disease","0"
"Cerebral Sarcoidosis[SEP][CLS]skin disease","0"
"Pineal Region Yolk Sac Tumor[SEP][CLS]cerebrum cancer","0"
"Bladder Papillary Urothelial Carcinoma[SEP][CLS]cervix carcinoma","0"
"Clear Cell Acanthoma[SEP][CLS]skin benign neoplasm","1"
"Endometrioid Stromal Sarcoma of the Cervix[SEP][CLS]primary bacterial infectious disease","0"
"Chronic Cervicitis[SEP][CLS]cervicitis","1"
"Childhood Testicular Mixed Embryonal Carcinoma and Teratoma[SEP][CLS]bile duct disease","0"
"Demyelinating Disorder[SEP][CLS]ovarian dysfunction","0"
"Liver Sarcoma[SEP][CLS]breast duct papilloma","0"
"Embryonal Neoplasm[SEP][CLS]yaws","0"
"Anal Leiomyosarcoma[SEP][CLS]chronic salpingitis","0"
"Papillary Ependymoma[SEP][CLS]connective tissue disease","0"
"Anterior Cranial Fossa Meningioma[SEP][CLS]extraosseous osteosarcoma","0"
"Atrioventricular Block by ECG Finding[SEP][CLS]bone cancer","0"
"Luminal B Breast Carcinoma[SEP][CLS]degeneration of macula and posterior pole","0"
"Cervical Atypical Polypoid Adenomyoma[SEP][CLS]intestinal disease","0"
"Type 2 Diabetes Mellitus[SEP][CLS]diabetes mellitus","1"
"Posterolateral Myocardial Infarction by ECG Finding[SEP][CLS]myocardial infarction","1"
"Dihydropyrimidine Dehydrogenase Deficiency[SEP][CLS]testicular disease","0"
"Thyroid Gland Anaplastic Carcinoma[SEP][CLS]placenta disease","0"
"IgA Nephropathy[SEP][CLS]hormone producing pituitary cancer","0"
"Acanthosis Nigricans[SEP][CLS]lymph node benign neoplasm","0"
"Malignant Breast Spiradenoma[SEP][CLS]uterine disease","0"
"Malignant Mesenchymoma[SEP][CLS]mesenchymoma","1"
"Bladder Squamous Papilloma[SEP][CLS]basal cell carcinoma","0"
"Choroid Plexus Neoplasm[SEP][CLS]cerebral ventricle cancer","1"
"Breast Spiradenoma[SEP][CLS]breast benign neoplasm","1"
"Rectal Signet Ring Cell Adenocarcinoma[SEP][CLS]extraskeletal myxoid chondrosarcoma","0"
"Sebaceous Carcinoma[SEP][CLS]eye disease","0"
"Pituitary Gland Hypoplasia[SEP][CLS]pancreatic cancer","0"
"Subependymal Giant Cell Astrocytoma[SEP][CLS]coronary artery disease","0"
"Tongue Disorder[SEP][CLS]malignant pineal area germ cell neoplasm","0"
"Acute Pyelonephritis[SEP][CLS]nasal cavity carcinoma","0"
"Plexiform Schwannoma[SEP][CLS]teratoma","0"
"Hypercortisolemia[SEP][CLS]tracheal disease","0"
"Social Anxiety Disorder[SEP][CLS]retinal cancer","0"
"Trichinosis[SEP][CLS]pericardium cancer","0"
"Splenic Manifestation of Prolymphocytic Leukemia[SEP][CLS]drug dependence","0"
"Diffuse Sclerosing Variant Thyroid Gland Papillary Carcinoma[SEP][CLS]phimosis","0"
"Dilated Cardiomyopathy[SEP][CLS]non-Langerhans-cell histiocytosis","0"
"Pediculosis Pubis[SEP][CLS]lice infestation","1"
"Periventricular Leukomalacia[SEP][CLS]breast lobular carcinoma","0"
"Childhood Malignant Peripheral Nerve Sheath Tumor[SEP][CLS]conjunctival cancer","0"
"Type II Acrocephalopolysyndactyly[SEP][CLS]ciliopathy","0"
"Sanfilippo Syndrome[SEP][CLS]supratentorial ependymoma","0"
"Necrotizing Gastritis[SEP][CLS]penile disease","0"
"Aagenaes Syndrome[SEP][CLS]malignant mediastinal neurogenic neoplasm","0"
"Mixed Germ Cell-Sex Cord-Stromal Tumor[SEP][CLS]hematopoietic system disease","0"
"Jugular Foramen Schwannoma[SEP][CLS]malignant melanocytic neoplasm of the peripheral nerve sheath","0"
"Keratoacanthoma[SEP][CLS]ocular motility disease","0"
"Glioblastoma, IDH-Wildtype[SEP][CLS]leukemia","0"
"Pilomatrical Carcinoma[SEP][CLS]stomach cancer","0"
"Eosinophilic Endomyocardial Disease[SEP][CLS]restrictive cardiomyopathy","1"
"Bladder Mixed Adenocarcinoma[SEP][CLS]bladder adenocarcinoma","1"
"Perthes Disease[SEP][CLS]skull base meningioma","0"
"Sphingolipidosis[SEP][CLS]biliary tract disease","0"
"Skin Sclerosing/Morphoeic Basal Cell Carcinoma[SEP][CLS]secondary hypertension","0"
"Breast Fibrocystic Change, Proliferative Type with Atypia[SEP][CLS]vasculitis","0"
"Intravenous Leiomyomatosis[SEP][CLS]rectum squamous cell carcinoma","0"
"Benign Neonatal Epilepsy[SEP][CLS]myocarditis","0"
"Malignant Postcricoid Neoplasm[SEP][CLS]syndrome","0"
"Trigonitis[SEP][CLS]anal margin carcinoma","0"
"Occult Lung Squamous Cell Carcinoma[SEP][CLS]corneal edema","0"
"Malignant Hypertension[SEP][CLS]laryngeal disease","0"
"Sebaceous Carcinoma[SEP][CLS]aortic aneurysm","0"
"Chromophobe Renal Cell Carcinoma[SEP][CLS]peripheral nervous system neoplasm","0"
"Fallopian Tube Serous Papilloma[SEP][CLS]chronic polyneuropathy","0"
"Menkes Disease[SEP][CLS]metal metabolism disorder","1"
"Hypochromic Anemia[SEP][CLS]anemia","1"
"Thyroid Gland Malformation[SEP][CLS]impulse control disorder","0"
"Gallbladder Stone[SEP][CLS]neuropathy","0"
"Cholesteatoma[SEP][CLS]pigmentation disease","0"
"Apocrine Adenoma[SEP][CLS]cervical mucinous adenocarcinoma","0"
"Pituitary Gland Mixed Acidophil-Basophil Adenoma[SEP][CLS]autosomal dominant intellectual developmental disorder","0"
"Melanoacanthoma[SEP][CLS]cervix carcinoma","0"
"Babesiosis[SEP][CLS]hypohidrosis","0"
"Anal Glands Adenocarcinoma[SEP][CLS]choriocarcinoma of ovary","0"
"Glomerulonephritis[SEP][CLS]extrinsic cardiomyopathy","0"
"Amelanotic Melanoma[SEP][CLS]open-angle glaucoma","0"
"Childhood Central Nervous System Immature Teratoma[SEP][CLS]syndrome","0"
"Lecithin Acyltransferase Deficiency[SEP][CLS]hypolipoproteinemia","1"
"Oculopharyngeal Muscular Dystrophy[SEP][CLS]lymph node benign neoplasm","0"
"Lymphoid Leukemia[SEP][CLS]rhinitis","0"
"Tumor of the Follicular Infundibulum[SEP][CLS]fetishism","0"
"Erythropoietic Protoporphyria[SEP][CLS]arteriosclerotic cardiovascular disease","0"
"Myotonic Disorder[SEP][CLS]muscular dystrophy","1"
"Verruca Plantaris[SEP][CLS]carbohydrate metabolic disorder","0"
"Cardiac Leiomyosarcoma[SEP][CLS]anaplastic astrocytoma","0"
"Anal Basaloid Carcinoma[SEP][CLS]medulloblastoma","0"
"Germ Cell Tumor[SEP][CLS]peripheral nerve schwannoma","0"
"Mixed Epithelial and Mesenchymal Hepatoblastoma[SEP][CLS]muscular dystrophy","0"
"Choroid Plexus Neoplasm[SEP][CLS]rhabdomyosarcoma","0"
"Childhood Testicular Mixed Germ Cell Tumor[SEP][CLS]idiopathic interstitial pneumonia","0"
"Skin Signet Ring Cell Basal Cell Carcinoma[SEP][CLS]malignant gastric germ cell tumor","0"
"Cranial Nodular Fasciitis[SEP][CLS]small intestine cancer","0"
"Solid/Trabecular Variant Thyroid Gland Papillary Carcinoma[SEP][CLS]color blindness","0"
"Adult Cerebellar Neoplasm[SEP][CLS]refractive error","0"
"Subependymoma[SEP][CLS]skin sarcoma","0"
"Diffuse Pediatric-Type High Grade Glioma, H3-Wildtype and IDH-Wildtype[SEP][CLS]extrinsic cardiomyopathy","0"
"Testicular Infarction[SEP][CLS]hemangioma","0"
"Nerve Root Neoplasm[SEP][CLS]adenocarcinoma","0"
"Acute Tubular Necrosis[SEP][CLS]mature teratoma of the ovary","0"
"Infantile Refsum Disease[SEP][CLS]vein disease","0"
"Autoimmune Hepatitis with Centrilobular Necrosis[SEP][CLS]autoimmune disease of gastrointestinal tract","1"
"Broad Ligament Adenocarcinoma[SEP][CLS]ovarian cystadenoma","0"
"Uterine Corpus Adenomyoma[SEP][CLS]autoimmune disease of skin and connective tissue","0"
"Childhood Central Nervous System Choriocarcinoma[SEP][CLS]retroperitoneal cancer","0"
"Drug Abuse[SEP][CLS]germ cell cancer","0"
"Mucoepidermoid Carcinoma[SEP][CLS]neurodegenerative disease","0"
"Oral Cavity Submucous Fibrosis[SEP][CLS]papilloma","0"
"Lung Hilum Neoplasm[SEP][CLS]pulmonary fibrosis","0"
"Thyroid Carcinoma Arising in Struma Ovarii[SEP][CLS]fallopian tube benign neoplasm","0"
"Myocardial Infarction[SEP][CLS]coronary artery disease","1"
"Mongolian Spot[SEP][CLS]myeloproliferative neoplasm","0"
"Broad Ligament Mucinous Adenocarcinoma[SEP][CLS]bone cancer","0"
"Lung Non-Small Cell Carcinoma[SEP][CLS]ethmoid sinus cancer","0"
"Pelvic Lipomatosis[SEP][CLS]autonomic neuropathy","0"
"Extrahepatic Bile Duct Papillary Adenoma[SEP][CLS]extrahepatic bile duct adenoma","1"
"Astrocytoma, IDH-Mutant, Grade 2[SEP][CLS]basal cell carcinoma","0"
"Ovarian Small Cell Carcinoma, Pulmonary-Type[SEP][CLS]disease of metabolism","0"
"Caries[SEP][CLS]autoimmune disease of peripheral nervous system","0"
"Hypoplastic Left Heart Syndrome[SEP][CLS]plasma cell neoplasm","0"
"Invasive Thymoma[SEP][CLS]pancreas disease","0"
"Myxoid Leiomyosarcoma[SEP][CLS]breast benign neoplasm","0"
"Membranoproliferative Glomerulonephritis[SEP][CLS]endolymphatic hydrops","0"
"Esophageal Atresia[SEP][CLS]sweat gland disease","0"
"African Trypanosomiasis[SEP][CLS]brain ependymoma","0"
"Childhood Acute Megakaryoblastic Leukemia[SEP][CLS]viral gastritis","0"
"Invasive Bladder Clear Cell (Glycogen-Rich) Urothelial Carcinoma[SEP][CLS]connective tissue disease","0"
"Darier Disease[SEP][CLS]cervical adenocarcinoma","0"
"Central Pontine Myelinolysis[SEP][CLS]blood protein disease","0"
"Somatotroph Pituitary Neuroendocrine Tumor[SEP][CLS]thymoma type B","0"
"Neurofibroma[SEP][CLS]inherited metabolic disorder","0"
"Breast Scirrhous Carcinoma[SEP][CLS]arthritis","0"
"Nevus of Ito[SEP][CLS]myeloid neoplasm","0"
"Dextrocardia[SEP][CLS]disorder of sexual development","0"
"Kidney Fibrosarcoma[SEP][CLS]breast carcinoma","0"
"Psychogenic Vaginismus[SEP][CLS]bone remodeling disease","0"
"Cervicomedullary Junction Neoplasm[SEP][CLS]scrotal carcinoma","0"
"Vitamin B6 Deficiency[SEP][CLS]connective tissue cancer","0"
"Complete Trisomy 13 Syndrome[SEP][CLS]chromosomal disease","1"
"Macular Edema[SEP][CLS]ovarian mucinous neoplasm","0"
"Acute Myeloid Leukemia (Megakaryoblastic) with t(1;22)(p13.3;q13.1); RBM15-MKL1[SEP][CLS]meningioma","0"
"Glottis Neoplasm[SEP][CLS]EWSR1-negative small round cell tumor","0"
"BN2 Diffuse Large B-Cell Lymphoma[SEP][CLS]kidney angiomyolipoma","0"
"Pineal Region Teratoma[SEP][CLS]jaw cancer","0"
"Coccidioidomycosis[SEP][CLS]viral infectious disease","0"
"Spinal Cord Neuroblastoma[SEP][CLS]dysgammaglobulinemia","0"
"Transient Hypogammaglobulinemia of Infancy[SEP][CLS]laryngeal benign neoplasm","0"
"Colon Kaposi Sarcoma[SEP][CLS]disorder of sexual development","0"
"Acantholytic Acanthoma[SEP][CLS]myelodysplastic/myeloproliferative neoplasm","0"
"Plexiform Schwannoma[SEP][CLS]pemphigoid","0"
"Breast Mucinous Carcinoma[SEP][CLS]anus adenocarcinoma","0"
"Breast Apocrine Adenoma[SEP][CLS]nephroblastoma","0"
"Childhood Fibrosarcoma[SEP][CLS]xeroderma pigmentosum","0"
"Thymoma Type B[SEP][CLS]hair follicle neoplasm","0"
"Malignant Rectosigmoid Neoplasm[SEP][CLS]mononeuropathy","0"
"Lung Acinar Adenocarcinoma[SEP][CLS]central nervous system disease","0"
"Lung Disorder[SEP][CLS]lower respiratory tract disease","1"
"Parathyroid Gland Chief Cell Adenoma[SEP][CLS]lung disease","0"
"Gout[SEP][CLS]amino acid metabolic disorder","0"
"Gallbladder Obstruction[SEP][CLS]cervical mucinous adenocarcinoma","0"
"Oligohydramnios[SEP][CLS]placenta disease","1"
"Intestinal Disorder[SEP][CLS]gastrointestinal system disease","1"
"Griscelli Syndrome Type 2[SEP][CLS]Griscelli syndrome","1"
"Adenosquamous Carcinoma[SEP][CLS]arthritis","0"
"Charcot-Marie-Tooth Disease[SEP][CLS]dermatomyositis","0"
"Ovarian Mucinous Cystadenocarcinoma[SEP][CLS]pleural empyema","0"
"Adult Brain Stem Astrocytoma[SEP][CLS]eccrine sweat gland cancer","0"
"Schizoaffective Disorder[SEP][CLS]vulvar sarcoma","0"
"Supratentorial Embryonal Tumor, Not Otherwise Specified[SEP][CLS]eye disease","0"
"Breast Fibrosarcoma[SEP][CLS]skin squamous cell carcinoma","0"
"Aorta Disease[SEP][CLS]disorder of sexual development","0"
"Malignant Thymoma[SEP][CLS]thymoma","1"
"Non-Invasive Verrucous Carcinoma of the Penis[SEP][CLS]disorder of sexual development","0"
"Malignant Apocrine Neoplasm[SEP][CLS]muscular dystrophy","0"
"Mixed Embryonal Carcinoma and Teratoma[SEP][CLS]cranial nerve malignant neoplasm","0"
"Gonadoblastoma[SEP][CLS]cholangitis","0"
"Lateral Medullary Syndrome[SEP][CLS]dissociative disorder","0"
"Epiphora[SEP][CLS]lacrimal apparatus disease","1"
"Ovarian Yolk Sac Tumor, Polyvesicular Vitelline Pattern[SEP][CLS]hypertension","0"
"Vulvar Nodular Hidradenoma[SEP][CLS]uterine fibroid","0"
"Ileal Neoplasm[SEP][CLS]childhood brain stem neoplasm","0"
"Dermatographism[SEP][CLS]osteosarcoma","0"
"Secondary Parkinsonism[SEP][CLS]acute myeloid leukemia","0"
"Ganglioneuroblastoma, Intermixed[SEP][CLS]thyroid gland carcinoma","0"
"Anhidrotic Ectodermal Dysplasia 1[SEP][CLS]hypersensitivity vasculitis","0"
"Verrucous Papilloma[SEP][CLS]intracranial hypertension","0"
"Cushing Disease[SEP][CLS]female reproductive system disease","0"
"Peripheral Retinal Degeneration[SEP][CLS]renal carcinoma","0"
"Thrombocytopenia Due to Immune Destruction[SEP][CLS]thrombocytopenia","1"
"Pancreatic Intraductal Papillary-Mucinous Neoplasm with an Associated Invasive Carcinoma[SEP][CLS]bladder disease","0"
"Osteopoikilosis[SEP][CLS]osteosclerosis","1"
"Pituitary Gland Apoplexy[SEP][CLS]retroperitoneal cancer","0"
"Generalized Anxiety Disorder[SEP][CLS]transitional cell carcinoma","0"
"Biphasic Synovial Sarcoma[SEP][CLS]peripheral nervous system disease","0"
"Extrahepatic Bile Duct Intraductal Papillary Neoplasm[SEP][CLS]amino acid metabolic disorder","0"
"Henoch-Schönlein Purpura[SEP][CLS]neonatal anemia","0"
"Epithelial-Myoepithelial Carcinoma[SEP][CLS]syndrome","0"
"Thymoma Type A[SEP][CLS]primary bacterial infectious disease","0"
"Bladder Small Cell Neuroendocrine Carcinoma[SEP][CLS]penis carcinoma","0"
"45,X/46,XY Mixed Gonadal Dysgenesis[SEP][CLS]primary systemic mycosis","0"
"Peripheral Nerve Schwannoma[SEP][CLS]vulvar disease","0"
"Goiter[SEP][CLS]autosomal recessive cerebellar ataxia","0"
"von Willebrand Disease, Type 3[SEP][CLS]acute myeloid leukemia","0"
"Pure Red Cell Aplasia[SEP][CLS]female urethral cancer","0"
"Testicular Yolk Sac Tumor, Macrocystic Pattern[SEP][CLS]personality disorder","0"
"Diabetes Insipidus[SEP][CLS]kidney disease","1"
"Peptic Ulcer[SEP][CLS]vulva carcinoma","0"
"Lipoma-Like Atypical Lipomatous Tumor/Well Differentiated Liposarcoma[SEP][CLS]viral infectious disease","0"
"Cerebral Hemisphere Lipoma[SEP][CLS]malignant giant cell tumor","0"
"Argininosuccinic Aciduria[SEP][CLS]pyelonephritis","0"
"Primary Peritoneal Serous Papillary Adenocarcinoma[SEP][CLS]phlebitis","0"
"Dermatophytosis of Scalp and Beard[SEP][CLS]necrosis of pituitary","0"
"Mitral Valve Disorder[SEP][CLS]lymphoproliferative syndrome","0"
"Corneal Ulcer[SEP][CLS]cranial nerve disease","0"
"Cheilitis[SEP][CLS]rhinitis","0"
"Ocular Hypertension[SEP][CLS]eye disease","1"
"Dermatitis[SEP][CLS]intestinal obstruction","0"
"Breast Neuroendocrine Neoplasm[SEP][CLS]pituitary adenoma","0"
"Cheilitis[SEP][CLS]blepharitis","0"
"Thoracic Outlet Syndrome[SEP][CLS]vascular disease","1"
"Ovarian Teratoma[SEP][CLS]ovarian germ cell teratoma","0"
"Eosinophilic Gastritis[SEP][CLS]lipoma","0"
"Calcification[SEP][CLS]salivary gland cancer","0"
"Trochlear Nerve Neoplasm[SEP][CLS]chordoma","0"
"Cervical Leukoplakia[SEP][CLS]syndrome","0"
"Mongolian Spot[SEP][CLS]penis verrucous carcinoma","0"
"Autoimmune Polyendocrinopathy Syndrome[SEP][CLS]autoimmune disease of endocrine system","1"
"Ovarian Small Cell Carcinoma, Hypercalcemic Type[SEP][CLS]vagina botryoid rhabdomyosarcoma","0"
"Chronic Sphenoidal Sinusitis[SEP][CLS]embryonal tumor with multilayered rosettes, C19MC-altered","0"
"Conjunctival Disorder[SEP][CLS]anemia","0"
"Intracranial Hemangioma[SEP][CLS]chromosomal deletion syndrome","0"
"Non-Neoplastic Urinary System Disorder[SEP][CLS]periodontal disease","0"
"Fructose-1,6-Bisphosphatase Deficiency[SEP][CLS]acquired metabolic disease","0"
"Psoriasis[SEP][CLS]islet cell tumor","0"
"Childhood Ovarian Mature Teratoma[SEP][CLS]sinusitis","0"
"Distal-Type Epithelioid Sarcoma[SEP][CLS]bone remodeling disease","0"
"Hypoglycemic Coma[SEP][CLS]physical disorder","0"
"Subglottic Verrucous Carcinoma[SEP][CLS]malaria","0"
"Cholangiolocellular Carcinoma[SEP][CLS]vulva adenocarcinoma","0"
"Childhood Choroid Plexus Neoplasm[SEP][CLS]chordoma","0"
"Isovaleric Acidemia[SEP][CLS]skin disease","0"
"Synchronous Multifocal Osteosarcoma[SEP][CLS]retroperitoneal cancer","0"
"Adult Teratoma[SEP][CLS]keratitis","0"
"Small Cell Neuroendocrine Carcinoma[SEP][CLS]prion disease","0"
"Intramedullary Spinal Cord Teratoma[SEP][CLS]ovarian germ cell teratoma","0"
"Achromatopsia[SEP][CLS]acute myeloid leukemia","0"
"Interstitial Nephritis[SEP][CLS]renal cell carcinoma","0"
"Juvenile Myoclonic Epilepsy[SEP][CLS]bone remodeling disease","0"
"Ovarian Carcinosarcoma[SEP][CLS]paranasal sinus cancer","0"
"Liddle Syndrome[SEP][CLS]central nervous system embryonal tumor","0"
"Muscular Dystrophy[SEP][CLS]breast carcinoma","0"
"Glossopharyngeal Nerve Neoplasm[SEP][CLS]breast sarcoma","0"
"Anterior Urethral Malignant Neoplasm[SEP][CLS]nipple benign neoplasm","0"
"Childhood Acute Myeloid Leukemia[SEP][CLS]adenocarcinoma","0"
"Luminal B Breast Carcinoma[SEP][CLS]cell type benign neoplasm","0"
"Testicular Yolk Sac Tumor, Myxomatous Pattern[SEP][CLS]anaplastic astrocytoma","0"
"Cystitis[SEP][CLS]esophageal disease","0"
"Lymphoplasmacyte-Rich Meningioma[SEP][CLS]glucose metabolism disease","0"
"Scirrhous Hepatocellular Carcinoma[SEP][CLS]endocrine organ benign neoplasm","0"
"Parathyroid Gland Clear Cell Adenoma[SEP][CLS]osteosarcoma","0"
"Epithelioid Leiomyosarcoma[SEP][CLS]gallbladder disease","0"
"Malignant Glomus Tumor[SEP][CLS]glomus tumor","1"
"Childhood Testicular Mixed Embryonal Carcinoma and Teratoma[SEP][CLS]complement deficiency","0"
"Hyperostosis[SEP][CLS]jaw cancer","0"
"Parachordoma[SEP][CLS]eating disorder","0"
"Peroneal Neuropathy[SEP][CLS]autism spectrum disorder","0"
"Downward Ocular Deviation[SEP][CLS]acanthoma","0"
"Dumping Syndrome[SEP][CLS]diabetes insipidus","0"
"Pineal Region Germinoma[SEP][CLS]lymphatic system disease","0"
"Primary Hyperoxaluria Type I[SEP][CLS]skin benign neoplasm","0"
"Lung Large Cell Carcinoma with Rhabdoid Phenotype[SEP][CLS]conjunctival cancer","0"
"Multidrug-Resistant Tuberculosis[SEP][CLS]connective tissue disease","0"
"Ovarian Cystic Teratoma[SEP][CLS]ovarian carcinosarcoma","0"
"Broad Ligament Clear Cell Adenocarcinoma[SEP][CLS]diffuse large B-cell lymphoma","0"
"Carcinoma In Situ[SEP][CLS]parathyroid adenoma","0"
"Spinocerebellar Ataxia Type 3[SEP][CLS]benign ependymoma","0"
"Childhood Botryoid-Type Embryonal Rhabdomyosarcoma[SEP][CLS]cervix disease","0"
"Endometrioid Tumor[SEP][CLS]metal metabolism disorder","0"
"Somatoform Disorder[SEP][CLS]anaplastic astrocytoma","0"
"Wolman Disease[SEP][CLS]pulmonary hypertension","0"
"Prostatitis[SEP][CLS]prostate disease","1"
"Alcohol Abuse[SEP][CLS]primary bacterial infectious disease","0"
"Posterior Uveitis[SEP][CLS]ovarian embryonal carcinoma","0"
"Marburg Virus Disease[SEP][CLS]viral infectious disease","1"
"Ethmoid Sinus Adenoid Cystic Carcinoma[SEP][CLS]Coronavirus infectious disease","0"
"Breast Giant Fibroadenoma[SEP][CLS]syndrome","0"
"Uterine Corpus Myxoid Leiomyoma[SEP][CLS]vaginal benign neoplasm","0"
"Partial Motor Seizure[SEP][CLS]focal epilepsy","1"
"Small Intestinal VIP-Producing Neuroendocrine Tumor[SEP][CLS]neurilemmoma","0"
"Childhood Extraocular Retinoblastoma[SEP][CLS]B-lymphoblastic leukemia/lymphoma","0"
"Germ Cell Tumor[SEP][CLS]vulvar benign neoplasm","0"
"Anterior Urethral Malignant Neoplasm[SEP][CLS]eccrine sweat gland neoplasm","0"
"Hyperestrogenism[SEP][CLS]thymoma type B","0"
"Legionella Pneumonia[SEP][CLS]parathyroid adenoma","0"
"Schwannoma[SEP][CLS]sexual health disorder","0"
"Breast Leiomyosarcoma[SEP][CLS]dermatitis","0"
"Gastritis[SEP][CLS]rectal disease","0"
"Sphingolipidosis[SEP][CLS]renal cell carcinoma","0"
"Renal Osteodystrophy[SEP][CLS]lung carcinoma","0"
"Jervell and Lange Nielsen Syndrome[SEP][CLS]cell type benign neoplasm","0"
"Pinta[SEP][CLS]obstructive lung disease","0"
"Liver and Intrahepatic Bile Duct Disorder[SEP][CLS]sweat gland cancer","0"
"Tongue Disorder[SEP][CLS]thyroid gland disease","0"
"Epidemic Keratoconjunctivitis[SEP][CLS]intrahepatic cholangiocarcinoma","0"
"Polyhydramnios[SEP][CLS]cranial nerve disease","0"
"Primary Hyperoxaluria Type III[SEP][CLS]glomerulonephritis","0"
"Post-Traumatic Stress Disorder[SEP][CLS]hypohidrosis","0"
"Carcinoma Arising in Nasal Papillomatosis[SEP][CLS]uterine ligament adenocarcinoma","0"
"Dandy-Walker Malformation[SEP][CLS]urinary system disease","0"
"Exudative Glomerulonephritis[SEP][CLS]carbohydrate metabolic disorder","0"
"Autoimmune Polyendocrinopathy Syndrome[SEP][CLS]pharynx cancer","0"
"Rett Syndrome[SEP][CLS]urinary tract papillary transitional cell benign neoplasm","0"
"Amelanotic Cutaneous Melanoma[SEP][CLS]psychotic disorder","0"
"Verrucous Papilloma[SEP][CLS]GM2 gangliosidosis","0"
"Anal Verrucous Carcinoma[SEP][CLS]connective tissue disease","0"
"Mixed Liposarcoma[SEP][CLS]retinal disease","0"
"Barrett Esophagus[SEP][CLS]skin disease","0"
"Breast Lipid-Rich Carcinoma[SEP][CLS]retinal degeneration","0"
"Breast Hemangioma[SEP][CLS]renal adenoma","0"
"Breast Fat Necrosis[SEP][CLS]pancreas disease","0"
"Perthes Disease[SEP][CLS]acute myeloid leukemia","0"
"Angular Cheilitis[SEP][CLS]cheilitis","1"
"Nodular Fasciitis[SEP][CLS]hair disease","0"
"Microscopic Colitis[SEP][CLS]chronic salpingitis","0"
"Childhood Mesenchymal Chondrosarcoma[SEP][CLS]parasitic helminthiasis infectious disease","0"
"1p36 Deletion Syndrome[SEP][CLS]kidney benign neoplasm","0"
"Eosinophilic Endomyocardial Disease[SEP][CLS]peritoneal benign neoplasm","0"
"Acute Megakaryoblastic Leukemia[SEP][CLS]lung disease","0"
"Childhood Ovarian Immature Teratoma[SEP][CLS]male reproductive organ cancer","0"
"Meesmann Corneal Dystrophy[SEP][CLS]pancreatic adenocarcinoma","0"
"PEComa[SEP][CLS]anus adenocarcinoma","0"
"Childhood Embryonal Tumor with Multilayered Rosettes, C19MC-Altered[SEP][CLS]depressive disorder","0"
"Diffuse Hemispheric Glioma, H3 G34-Mutant[SEP][CLS]benign perivascular tumor","0"
"Fetal Valproate Syndrome[SEP][CLS]cervical adenocarcinoma","0"
"Inclusion Body Myositis[SEP][CLS]cauda equina neoplasm","0"
"Breast Sclerosing Adenosis[SEP][CLS]proliferative type fibrocystic change of breast","1"
"Toxic Shock Syndrome[SEP][CLS]ovarian cancer","0"
"Mitochondrial Myopathy[SEP][CLS]syndrome","0"
"Peripheral Primitive Neuroectodermal Tumor of Bone[SEP][CLS]Ewing sarcoma of bone","1"
"Nelson Syndrome[SEP][CLS]ovarian cancer","0"
"Mononeuritis Multiplex[SEP][CLS]testicular cancer","0"
"Nystagmus[SEP][CLS]bronchial disease","0"
"Undifferentiated Pleomorphic Sarcoma[SEP][CLS]connective tissue cancer","0"
"Acneiform Dermatitis[SEP][CLS]dermatitis","1"
"Mucopolysaccharidosis Type I[SEP][CLS]thyroid sarcoma","0"
"Atrial Fibrillation[SEP][CLS]mature teratoma of the ovary","0"
"Familial Polycythemia[SEP][CLS]chromosomal duplication syndrome","0"
"Congenital Cortical Hyperostosis[SEP][CLS]bone inflammation disease","1"
"Lung Leiomyosarcoma[SEP][CLS]skin disease","0"
"Prostate Acinar Mucinous Adenocarcinoma[SEP][CLS]hepatocellular carcinoma","0"
"Ovarian Papillary Tumor[SEP][CLS]nephroblastoma","0"
"Intestinal Pseudo-Obstruction[SEP][CLS]benign ependymoma","0"
"Bacillary Angiomatosis[SEP][CLS]gallbladder disease","0"
"Atherosclerosis[SEP][CLS]arteriosclerotic cardiovascular disease","1"
"Colon L-Cell Glucagon-Like Peptide-Producing Neuroendocrine Tumor[SEP][CLS]esophageal carcinoma","0"
"Choroid Disorder[SEP][CLS]hypertension","0"
"Amnesia[SEP][CLS]cognitive disorder","1"
"Anti-Basement Membrane Glomerulonephritis[SEP][CLS]reflex epilepsy","0"
"Luminal A Breast Carcinoma[SEP][CLS]cervical squamous cell carcinoma","0"
"Porphyria[SEP][CLS]uterine body mixed cancer","0"
"Fallopian Tube Mucinous Neoplasm[SEP][CLS]autoimmune disease of peripheral nervous system","0"
"Breast Intraductal Papillomatosis[SEP][CLS]breast benign neoplasm","1"
"Arrhythmogenic Right Ventricular Dysplasia[SEP][CLS]sleep disorder","0"
"Childhood Brain Stem Neoplasm[SEP][CLS]brain stem cancer","1"
"Cardiac Tamponade[SEP][CLS]kidney cancer","0"
"Glucose Intolerance[SEP][CLS]hyperglycemia","1"
"Primary Cutaneous T-Cell Non-Hodgkin Lymphoma[SEP][CLS]fetishism","0"
"Medulloblastoma, SHH-Activated, TP53-Mutant[SEP][CLS]spinal cord ependymoma","0"
"Extratemporal Epilepsy[SEP][CLS]aortic disease","0"
"Gingival Disorder[SEP][CLS]skin disease","0"
"Prostate Acinar Mucinous Adenocarcinoma[SEP][CLS]intrinsic cardiomyopathy","0"
"Postauricular Lymphadenitis[SEP][CLS]endometrial adenocarcinoma","0"
"Mediastinal Liposarcoma[SEP][CLS]epidermolysis bullosa","0"
"Pancreatic Intraductal Papillary-Mucinous Neoplasm, High Grade[SEP][CLS]uterus leiomyosarcoma","0"
"Parathyroid Gland Mixed Cell Type Adenoma[SEP][CLS]esophagitis","0"
"Eosinophilic Variant of Chromophobe Renal Cell Carcinoma[SEP][CLS]long QT syndrome","0"
"Metastatic Somatotroph Pituitary Neuroendocrine Tumor[SEP][CLS]nose disease","0"
"Hereditary Spherocytosis[SEP][CLS]functioning pituitary adenoma","0"
"Granular Cell Tumor of the Sellar Region[SEP][CLS]posterior pituitary gland neoplasm","1"
"Porphyria Cutanea Tarda[SEP][CLS]thyroid gland papillary carcinoma","0"
"Early/Prefibrotic Primary Myelofibrosis[SEP][CLS]thyroid gland follicular carcinoma","0"
"Sacral Intraspinal Meningioma[SEP][CLS]bile duct carcinoma","0"
"Chronic Sphenoidal Sinusitis[SEP][CLS]corneal edema","0"
"Liver and Intrahepatic Bile Duct Disorder[SEP][CLS]fallopian tube disease","0"
"Verrucous Hemangioma[SEP][CLS]cervical squamous cell carcinoma","0"
"Stomatitis[SEP][CLS]hypersensitivity vasculitis","0"
"Clear Cell Renal Cell Carcinoma[SEP][CLS]intestinal disease","0"
"Proliferative Diabetic Retinopathy[SEP][CLS]eye disease","0"
"Balanitis[SEP][CLS]high grade ependymoma","0"
"Rectal Cloacogenic Carcinoma[SEP][CLS]intestinal disease","0"
"Meningothelial Cell Neoplasm[SEP][CLS]meningioma","1"
"Tuberculous Laryngitis[SEP][CLS]malignant astrocytoma","0"
"Urea Cycle Metabolism Disorder[SEP][CLS]malaria","0"
"Mixed Glioma[SEP][CLS]invasive bladder transitional cell carcinoma","0"
"Borrelia Burgdorferi Infection[SEP][CLS]primary bacterial infectious disease","1"
"Thoracic Aortic Aneurysm[SEP][CLS]Lynch syndrome","0"
"Neonatal Diabetes Mellitus[SEP][CLS]diabetes mellitus","1"
"Hidradenitis Suppurativa[SEP][CLS]connective tissue cancer","0"
"Sphenocavernous Meningioma[SEP][CLS]soft palate cancer","0"
"Malignant Testicular Sex Cord-Stromal Tumor[SEP][CLS]mesenchymal cell neoplasm","0"
"Ovarian Gestational Choriocarcinoma[SEP][CLS]parathyroid adenoma","0"
"Lacrimal Duct Obstruction[SEP][CLS]peripheral vascular disease","0"
"Childhood Ovarian Mature Teratoma[SEP][CLS]penis squamous cell carcinoma","0"
"Conventional Malignant Hemangiopericytoma[SEP][CLS]disorder of sexual development","0"
"Anaplastic Large Cell Lymphoma[SEP][CLS]osteosarcoma","0"
"Cole-Carpenter Syndrome[SEP][CLS]ovarian endodermal sinus tumor","0"
"Hand Foot and Mouth Disease[SEP][CLS]bone sarcoma","0"
"Cervical Endometrioid Adenocarcinoma[SEP][CLS]cervical adenocarcinoma","1"
"45,X/46,XY Mixed Gonadal Dysgenesis[SEP][CLS]cholangitis","0"
"Pancreatic Serous Neoplasm[SEP][CLS]childhood brain stem glioma","0"
"Chronic Inflammatory Demyelinating Polyneuropathy[SEP][CLS]microglandular adenosis","0"
"Gingival Polyp[SEP][CLS]vein disease","0"
"Russell-Silver Syndrome[SEP][CLS]cervical mucinous adenocarcinoma","0"
"Parasitic Endophthalmitis[SEP][CLS]cytochrome-c oxidase deficiency disease","0"
"Emphysematous Cholecystitis[SEP][CLS]eye disease","0"
"Blackwater Fever[SEP][CLS]ovarian papillary neoplasm","0"
"Amyloidosis[SEP][CLS]pituitary adenoma","0"
"Hyperlysinemia[SEP][CLS]amino acid metabolic disorder","1"
"Chondroblastic Osteosarcoma[SEP][CLS]sex cord-stromal benign neoplasm","0"
"Endometrial Stromal Nodule[SEP][CLS]meningioma","0"
"Breast Sarcoma[SEP][CLS]malaria","0"
"Xanthogranulomatous Cholecystitis[SEP][CLS]vascular disease","0"
"Colon Leiomyosarcoma[SEP][CLS]plasma protein metabolism disease","0"
"Breast Sebaceous Carcinoma[SEP][CLS]liposarcoma","0"
"Eosinophilic Meningitis[SEP][CLS]malignant mediastinal neurogenic neoplasm","0"
"Obstructive Nephropathy[SEP][CLS]connective tissue benign neoplasm","0"
"Nutritional Disorder[SEP][CLS]ethmoid sinusitis","0"
"Alastrim[SEP][CLS]leiomyosarcoma","0"
"Intrahepatic Bile Duct Intraductal Papillary Neoplasm[SEP][CLS]T-cell acute lymphoblastic leukemia","0"
"Spongiotic Dermatitis[SEP][CLS]congenital heart disease","0"
"Tracheitis[SEP][CLS]pancreatic cystadenoma","0"
"Malignant Hard Palate Neoplasm[SEP][CLS]B-lymphoblastic leukemia/lymphoma","0"
"Hyperdiploid B Lymphoblastic Leukemia/Lymphoma[SEP][CLS]retinoblastoma","0"
"Band Keratopathy[SEP][CLS]lipomatosis","0"
"Hereditary Leukokeratosis[SEP][CLS]female reproductive system disease","0"
"Lymphocytic Gastritis[SEP][CLS]familial hyperlipidemia","0"
"Cervical Adenomyoma[SEP][CLS]skin hemangioma","0"
"Minimal Change Glomerulonephritis[SEP][CLS]secondary hypertension","0"
"Hypertensive Encephalopathy[SEP][CLS]muscle cancer","0"
"Rectal Cloacogenic Carcinoma[SEP][CLS]cystadenofibroma","0"
"Myopathy[SEP][CLS]cauda equina neoplasm","0"
"Reticulosarcoma[SEP][CLS]meninges sarcoma","0"
"Acute Pancreatitis[SEP][CLS]B-lymphoblastic leukemia/lymphoma","0"
"Adult Cerebellar Neoplasm[SEP][CLS]connective tissue benign neoplasm","0"
"Anisakiasis[SEP][CLS]pituitary gland disease","0"
"Atrioventricular Block by ECG Finding[SEP][CLS]esophageal carcinoma","0"
"Dysostosis[SEP][CLS]anemia","0"
"Sphenoid Sinus Neoplasm[SEP][CLS]vaginal cancer","0"
"Broad Ligament Clear Cell Adenocarcinoma[SEP][CLS]uterine ligament adenocarcinoma","1"
"Epiglottis Neoplasm[SEP][CLS]hypersensitivity reaction type IV disease","0"
"Delusional Disorder[SEP][CLS]psychotic disorder","1"
"Malignant Subglottis Neoplasm[SEP][CLS]papilloma","0"
"Childhood Supratentorial Embryonal Tumor with Multilayered Rosettes, C19MC-Altered[SEP][CLS]childhood embryonal tumor with multilayered rosettes, C19MC-altered","1"
"Childhood Ovarian Embryonal Carcinoma[SEP][CLS]cardiovascular organ benign neoplasm","0"
"Persistent Hyperplastic Primary Vitreous[SEP][CLS]inner ear disease","0"
"Frontal Sinus Neoplasm[SEP][CLS]peroxisomal disease","0"
"Lacrimal Gland Carcinoma ex Pleomorphic Adenoma[SEP][CLS]bladder clear cell adenocarcinoma","0"
"Ethmoid Sinus Neoplasm[SEP][CLS]lipid metabolism disorder","0"
"Hunter Syndrome[SEP][CLS]neurodegenerative disease","0"
"Bladder Signet Ring Cell Adenocarcinoma[SEP][CLS]choriocarcinoma of ovary","0"
"Uterine Corpus Endometrial Stromal Sarcoma[SEP][CLS]brain stem cancer","0"
"Calcification[SEP][CLS]calcium metabolism disease","1"
"Pancreatic Foamy Gland Adenocarcinoma[SEP][CLS]autosomal dominant cerebellar ataxia","0"
"Intracranial Aneurysm[SEP][CLS]cerebral arterial disease","1"
"Inflammatory Bowel Disease[SEP][CLS]lymphadenitis","0"
"Encephalitis Lethargica[SEP][CLS]liver carcinoma","0"
"Vulvar Basaloid Carcinoma[SEP][CLS]pulmonary artery disease","0"
"BN2 Diffuse Large B-Cell Lymphoma[SEP][CLS]upper respiratory tract disease","0"
"Cirrhosis[SEP][CLS]bone remodeling disease","0"
"Frontal Sinus Papilloma[SEP][CLS]endometrial adenocarcinoma","0"
"Narcissistic Personality Disorder[SEP][CLS]mast cell neoplasm","0"
"Acute Myeloid Leukemia without Maturation[SEP][CLS]breast adenocarcinoma","0"
"Malaria[SEP][CLS]parasitic protozoa infectious disease","1"
"Anal Intraepithelial Neoplasia 3[SEP][CLS]endometrial adenocarcinoma","0"
"Testicular Fibroma[SEP][CLS]goiter","0"
"Adult Malignant Peripheral Nerve Sheath Tumor[SEP][CLS]anal margin carcinoma","0"
"Cerebral Convexity Meningioma[SEP][CLS]thyroiditis","0"
"Fallopian Tube Clear Cell Adenocarcinoma[SEP][CLS]fallopian tube adenocarcinoma","1"
"Breast Adenosis[SEP][CLS]pneumoconiosis","0"
"Hepatobiliary Neoplasm[SEP][CLS]lymphadenitis","0"
"Ochronosis[SEP][CLS]duodenum disease","0"
"Myeloproliferative Neoplasm[SEP][CLS]breast benign neoplasm","0"
"Pancreatic ACTH-Producing Neuroendocrine Tumor[SEP][CLS]small intestine benign neoplasm","0"
"Anuria[SEP][CLS]kidney disease","1"
"Malignant Mesenchymoma[SEP][CLS]medulloblastoma non-WNT/non-SHH","0"
"Gingival Polyp[SEP][CLS]thymoma","0"
"Macular Degeneration[SEP][CLS]placenta disease","0"
"Ovarian Biphasic or Triphasic Teratoma[SEP][CLS]cranial nerve disease","0"
"Propionic Acidemia[SEP][CLS]organic acidemia","1"
"Transitional Meningioma[SEP][CLS]chromosomal deletion syndrome","0"
"Primary Open Angle Glaucoma[SEP][CLS]breast mucinous carcinoma","0"
"Epiglottis Neoplasm[SEP][CLS]sinoatrial node disease","0"
"Tetanus[SEP][CLS]vaginal disease","0"
"Iritis[SEP][CLS]iris disease","1"
"Rectal Rhabdomyosarcoma[SEP][CLS]vaginal benign neoplasm","0"
"Solitary Breast Cyst[SEP][CLS]acquired polycythemia","0"
"Medulloblastoma, Non-WNT/Non-SHH, Group 4[SEP][CLS]central nervous system disease","0"
"Brain Oligodendroglioma[SEP][CLS]osteochondrodysplasia","0"
"Ciliary Body Melanoma[SEP][CLS]thyroid gland disease","0"
"Lipoadenoma[SEP][CLS]renal pelvis papillary tumor","0"
"Mixed Phenotype Acute Leukemia, B/Myeloid[SEP][CLS]ovarian clear cell adenofibroma","0"
"Bulbomembranous Urethral Malignant Neoplasm[SEP][CLS]pemphigus","0"
"Cystadenocarcinoma[SEP][CLS]conjunctivitis","0"
"Cerebellar Liponeurocytoma[SEP][CLS]gangliosidosis","0"
"Distal Muscular Dystrophy[SEP][CLS]peripheral nervous system neoplasm","0"
"Obese[SEP][CLS]cervical benign neoplasm","0"
"Caries[SEP][CLS]nutritional deficiency disease","0"
"Galloway-Mowat Syndrome[SEP][CLS]heart sarcoma","0"
"Solitary Plasmacytoma of Bone[SEP][CLS]neurofibroma","0"
"Uterine Corpus Leiomyoma[SEP][CLS]uterine benign neoplasm","1"
"Neuroaxonal Dystrophy[SEP][CLS]hypopituitarism","0"
"Acinar Cell Carcinoma[SEP][CLS]xeroderma pigmentosum","0"
"Thrombocytopenia Due to Immune Destruction[SEP][CLS]osteogenesis imperfecta","0"
"Testicular Rhabdomyosarcoma[SEP][CLS]testis sarcoma","1"
"Androgen Insensitivity Syndrome[SEP][CLS]disorder of sexual development","1"
"Plasmacytoma[SEP][CLS]plasma cell neoplasm","1"
"Keratosis[SEP][CLS]thymoma","0"
"Skin Vascular Disorder[SEP][CLS]skin disease","1"
"Adrenal Gland Ganglioneuroblastoma[SEP][CLS]cranial nerve malignant neoplasm","0"
"Acute Sinusitis[SEP][CLS]orbit sarcoma","0"
"Leprosy[SEP][CLS]vulvar sarcoma","0"
"Malignant Uterine Corpus Neoplasm[SEP][CLS]testicular disease","0"
"Penile Fibromatosis[SEP][CLS]suppurative otitis media","0"
"Somatotroph Pituitary Neuroendocrine Tumor[SEP][CLS]intrahepatic cholangiocarcinoma","0"
"Cutaneous Ganglioneuroma[SEP][CLS]congenital hemolytic anemia","0"
"Angiokeratoma of Mibelli[SEP][CLS]brain cancer","0"
"Myeloid/Lymphoid Neoplasms with Eosinophilia and Tyrosine Kinase Gene Fusions[SEP][CLS]vaginal benign neoplasm","0"
"Specific Phobia[SEP][CLS]central nervous system germinoma","0"
"Uterine Corpus Dissecting Leiomyoma[SEP][CLS]acute myeloid leukemia","0"
"Breast Oncocytic Carcinoma[SEP][CLS]epithelioid sarcoma","0"
"Fallopian Tube Teratoma[SEP][CLS]endometrial adenocarcinoma","0"
"Nipple Duct Carcinoma[SEP][CLS]hyperthyroidism","0"
"Wolff-Parkinson-White Syndrome[SEP][CLS]urinary tract papillary transitional cell benign neoplasm","0"
"Gastric Gastrin-Producing Neuroendocrine Tumor[SEP][CLS]bartonellosis","0"
"Acatalasemia[SEP][CLS]myeloid and lymphoid neoplasms with eosinophilia and abnormalities of PDGFRA, PDGFRB, and FGFR1","0"
"Chromophobe Renal Cell Carcinoma[SEP][CLS]myelofibrosis","0"
"Ovarian Wilms Tumor[SEP][CLS]connective tissue disease","0"
"Extrahepatic Bile Duct Papillary Adenoma[SEP][CLS]phobic disorder","0"
"Dental Agenesis[SEP][CLS]sinusitis","0"
"Endemic Goiter[SEP][CLS]focal epilepsy","0"
"Gerstmann-Straussler-Scheinker Disease[SEP][CLS]prion disease","1"
"Breast Mucinous Cystadenocarcinoma[SEP][CLS]strabismus","0"
"Kidney Angiomyolipoma[SEP][CLS]syndrome","0"
"Dartoic Leiomyoma[SEP][CLS]kidney sarcoma","0"
"Gaucher Disease[SEP][CLS]embryonal rhabdomyosarcoma","0"
"Cholestasis[SEP][CLS]parasitic helminthiasis infectious disease","0"
"Annular Pancreas[SEP][CLS]bronchial disease","0"
"Uterine Corpus Epithelioid Leiomyoma[SEP][CLS]lymphoma","0"
"Secondary Syphilis[SEP][CLS]pulmonary emphysema","0"
"Intramedullary Spinal Cord Teratoma[SEP][CLS]extraosseous osteosarcoma","0"
"Infectious Mononucleosis[SEP][CLS]lysosomal storage disease","0"
"Progressive Myoclonus Epilepsy[SEP][CLS]ovarian small cell carcinoma","0"
"Diabetic Retinopathy[SEP][CLS]thymus gland disease","0"
"Vulvar Paget Disease[SEP][CLS]osteosarcoma","0"
"Mixed Endometrial Stromal and Smooth Muscle Neoplasm[SEP][CLS]uterine corpus cancer","1"
"B Acute Lymphoblastic Leukemia with t(12;21)(p13.2;q22.1); ETV6-RUNX1[SEP][CLS]inherited metabolic disorder","0"
"Malignant Subglottis Neoplasm[SEP][CLS]sleep apnea","0"
"Hypoglycemia[SEP][CLS]leukocyte disease","0"
"Tylosis[SEP][CLS]lens disease","0"
"Congenital Septal Defect[SEP][CLS]congenital heart disease","1"
"Ciliary Body Melanoma[SEP][CLS]hematopoietic system disease","0"
"Blepharitis[SEP][CLS]eyelid disease","1"
"Testicular Yolk Sac Tumor, Microcystic Pattern[SEP][CLS]intestinal obstruction","0"
"Fibroblastic Osteosarcoma[SEP][CLS]keratitis","0"
"Spindle Cell Rhabdomyosarcoma[SEP][CLS]meningitis","0"
"Gastric Papillary Adenocarcinoma[SEP][CLS]lower respiratory tract disease","0"
"Rothmund-Thomson Syndrome[SEP][CLS]aortic aneurysm","0"
"Acute Myeloid Leukemia with NPM1 Mutation[SEP][CLS]extraskeletal myxoid chondrosarcoma","0"
"Astrocytoma, IDH-Mutant[SEP][CLS]mucopolysaccharidosis","0"
"Acute Suppurative Thyroiditis[SEP][CLS]gangliosidosis","0"
"Dentatorubral-Pallidoluysian Atrophy[SEP][CLS]breast sarcoma","0"
"Encephalitis[SEP][CLS]epithelioid sarcoma","0"
"Sphenoorbital Meningioma[SEP][CLS]brain sarcoma","0"
"Apical Myocardial Infarction by ECG Finding[SEP][CLS]lip disease","0"
"Bare Lymphocyte Syndrome[SEP][CLS]heart cancer","0"
"Mixed Glioma[SEP][CLS]acute myeloid leukemia","0"
"Gastroenteritis[SEP][CLS]intrahepatic cholangiocarcinoma","0"
"Hypercalcemic Sarcoidosis[SEP][CLS]jejunal cancer","0"
"Buruli Ulcer[SEP][CLS]third cranial nerve disease","0"
"Digestive System Neuroendocrine Neoplasm[SEP][CLS]thyroid gland papillary carcinoma","0"
"CIC-Rearranged Sarcoma[SEP][CLS]eye disease","0"
"Encephalitis[SEP][CLS]external ear disease","0"
"Adult Pineoblastoma[SEP][CLS]hemangioma","0"
"EWSR1-Negative Small Round Cell Tumor[SEP][CLS]nerve compression syndrome","0"
"Uterine Corpus Lipoleiomyoma[SEP][CLS]maxillary sinusitis","0"
"Neurogenic Bladder[SEP][CLS]cranial nerve malignant neoplasm","0"
"Malignant Ovarian Germ Cell Tumor[SEP][CLS]stomach cancer","0"
"Infantile Refsum Disease[SEP][CLS]peroxisomal disease","1"
"Adult Papillary Meningioma[SEP][CLS]mixed glioma","0"
"Signet Ring Cell Carcinoma[SEP][CLS]idiopathic interstitial pneumonia","0"
"Unilateral Retinoblastoma[SEP][CLS]adenofibroma","0"
"Childhood Mesenchymal Chondrosarcoma[SEP][CLS]peripheral nerve sheath neoplasm","0"
"Skeletal Muscle Neoplasm[SEP][CLS]muscle benign neoplasm","1"
"Type 1 Renal Papillary Adenoma[SEP][CLS]chromophil adenoma of the kidney","1"
"Central Nervous System Tumor with BCOR Internal Tandem Duplication[SEP][CLS]Castleman disease","0"
"Chronic Atrophic Gastritis[SEP][CLS]kidney failure","0"
"Orbital Cellulitis[SEP][CLS]ovarian germ cell monodermal and highly specialized teratoma","0"
"Petit Mal Epilepsy[SEP][CLS]cell type benign neoplasm","0"
"Testicular Rhabdomyosarcoma[SEP][CLS]disease by infectious agent","0"
"Testicular Rhabdomyosarcoma[SEP][CLS]acute myeloid leukemia","0"
"Intracranial Meningioma[SEP][CLS]adenoma","0"
"Sclerosteosis[SEP][CLS]endocrine pancreas disease","0"
"Childhood Fibrosarcoma[SEP][CLS]ectodermal dysplasia","0"
"Anisakiasis[SEP][CLS]prion disease","0"
"Intrahepatic Bile Duct Mucinous Cystic Neoplasm[SEP][CLS]female reproductive system disease","0"
"Monophasic Synovial Sarcoma[SEP][CLS]benign ependymoma","0"
"Macular Hole[SEP][CLS]clivus chordoma","0"
"Ovarian Surface Papilloma[SEP][CLS]arteriosclerotic cardiovascular disease","0"
"Hiatal Hernia[SEP][CLS]lymphoma","0"
"Anal Margin Paget Disease[SEP][CLS]prostate adenocarcinoma","0"
"Pseudomyxoma Peritonei[SEP][CLS]appendix cancer","1"
"Appendix Neoplasm[SEP][CLS]functioning pituitary adenoma","0"
"Pulmonary Edema[SEP][CLS]myeloid neoplasm","0"
"Renal Hypertrophy[SEP][CLS]sexual health disorder","0"
"Anal Basaloid Carcinoma[SEP][CLS]glucose metabolism disease","0"
"Posterior Foramen Magnum Meningioma[SEP][CLS]hypersensitivity reaction type IV disease","0"
"Small Intestinal Neuroendocrine Neoplasm[SEP][CLS]intestinal disease","0"
"Undifferentiated High Grade Pleomorphic Sarcoma of Bone[SEP][CLS]osteosarcoma","1"
"Arthropathy in Behcet's Syndrome[SEP][CLS]leiomyosarcoma","0"
"Synovial Sarcoma[SEP][CLS]thyroid gland disease","0"
"Primary Hyperparathyroidism[SEP][CLS]idiopathic interstitial pneumonia","0"
"Depression[SEP][CLS]penis squamous cell carcinoma","0"
"Open Angle Glaucoma[SEP][CLS]meningeal melanoma","0"
"Distal Muscular Dystrophy[SEP][CLS]ductal carcinoma in situ","0"
"Gilbert Syndrome[SEP][CLS]viral exanthem","0"
"Genital Herpes[SEP][CLS]malaria","0"
"Extracranial Neuroblastoma[SEP][CLS]eye disease","0"
"Cancerphobia[SEP][CLS]nosophobia","1"
"Primary Cutaneous Gamma-Delta T-Cell Lymphoma[SEP][CLS]thymus adenocarcinoma","0"
"46,XY Gonadal Dysgenesis[SEP][CLS]skin benign neoplasm","0"
"Fallopian Tube Disorder[SEP][CLS]epithelioid sarcoma","0"
"46,XX Gonadal Dysgenesis[SEP][CLS]aortic valve disease","0"
"Clear Cell Adenoma[SEP][CLS]adenoma","1"
"Breast Apocrine Adenoma[SEP][CLS]parosteal osteosarcoma","0"
"Parathyroid Gland Oncocytic Adenoma[SEP][CLS]uveal melanoma","0"
"Cervical Adenosarcoma[SEP][CLS]bone benign neoplasm","0"
"Endometrioid Stromal Sarcoma of the Vagina[SEP][CLS]malignant astrocytoma","0"
"Bladder Squamous Papilloma[SEP][CLS]rhabdoid meningioma","0"
"Jejunal Neoplasm[SEP][CLS]small intestine benign neoplasm","1"
"Peroneal Nerve Paralysis[SEP][CLS]adenocarcinoma","0"
"Adult Papillary Meningioma[SEP][CLS]hepatitis","0"
"Small Cell Intermediate Cell Carcinoma[SEP][CLS]orbit sarcoma","0"
"Broad Ligament Clear Cell Adenocarcinoma[SEP][CLS]embryonal testis carcinoma","0"
"Frohlich Syndrome[SEP][CLS]physical disorder","0"
"Spinal Cord Astrocytoma[SEP][CLS]skin carcinoma","0"
"Thyroid Carcinoma Arising in Struma Ovarii[SEP][CLS]conventional osteosarcoma","0"
"Anal Canal Neuroendocrine Neoplasm[SEP][CLS]brain disease","0"
"Hairy Cell Leukemia[SEP][CLS]proliferative type fibrocystic change of breast","0"
"Breast Sclerosing Adenosis[SEP][CLS]ductal carcinoma in situ","0"
"Malignant Uterine Corpus Neoplasm[SEP][CLS]primary bacterial infectious disease","0"
"Horner Syndrome[SEP][CLS]primary bacterial infectious disease","0"
"Photosensitive Dermatitis[SEP][CLS]coronary artery disease","0"
"Arteriovenous Malformation/Hemangioma[SEP][CLS]peripheral osteosarcoma","0"
"Thyroid Storm[SEP][CLS]intrinsic cardiomyopathy","0"
"Appendix Mucinous Cystadenocarcinoma[SEP][CLS]endocrine organ benign neoplasm","0"
"Bronchopulmonary Dysplasia[SEP][CLS]brain disease","0"
"Cavernous Hemangioma[SEP][CLS]tinea capitis","0"
"Ovarian Carcinosarcoma[SEP][CLS]malignant ovarian surface epithelial-stromal neoplasm","1"
"Cervical Alveolar Soft Part Sarcoma[SEP][CLS]thyroid gland disease","0"
"Myeloid/Lymphoid Neoplasms with PDGFRA Rearrangement[SEP][CLS]neurofibroma","0"
"Anal Mucinous Adenocarcinoma[SEP][CLS]aplastic anemia","0"
"Ectrodactyly-Ectodermal Dysplasia-Cleft Syndrome[SEP][CLS]bladder adenocarcinoma","0"
"Struma Ovarii[SEP][CLS]apocrine sweat gland neoplasm","0"
"Baritosis[SEP][CLS]variable age at onset electroclinical syndrome","0"
"Pituitary Gland Chromophobe Adenoma[SEP][CLS]pituitary adenoma","1"
"Germ Cell Tumor[SEP][CLS]leukodystrophy","0"
"Asymmetric Motor Neuropathy[SEP][CLS]bladder adenocarcinoma","0"
"Nervous System Disorder[SEP][CLS]pharynx cancer","0"
"Pseudotumor Cerebri[SEP][CLS]skull cancer","0"
"Tuberculous Empyema[SEP][CLS]skin disease","0"
"Intranodal Palisaded Myofibroblastoma[SEP][CLS]placenta disease","0"
"Esophageal Disorder[SEP][CLS]stromal dystrophy","0"
"Progressive Muscular Atrophy[SEP][CLS]food allergy","0"
"Holmes-Adie Syndrome[SEP][CLS]breast myoepitheliosis","0"
"Astrocytoma, IDH-Mutant, Grade 4[SEP][CLS]neurofibroma","0"
"Cellular Ependymoma[SEP][CLS]endocrine organ benign neoplasm","0"
"Aflatoxins-Related Hepatocellular Carcinoma[SEP][CLS]peroxisomal disease","0"
"Retroperitoneal Germ Cell Tumor[SEP][CLS]acquired metabolic disease","0"
"Waterhouse-Friderichsen Syndrome[SEP][CLS]fibrosarcoma","0"
"Synovial Sarcoma[SEP][CLS]reproductive organ benign neoplasm","0"
"Goiter[SEP][CLS]meningioma","0"
"De Sanctis-Cacchione Syndrome[SEP][CLS]uterine corpus sarcoma","0"
"Atrial Septal Defect[SEP][CLS]extraocular retinoblastoma","0"
"Childhood Acute Lymphoblastic Leukemia[SEP][CLS]acute lymphoblastic leukemia","1"
"CREST Syndrome[SEP][CLS]peripheral T-cell lymphoma","0"
"Bullous Pemphigoid[SEP][CLS]renal cell carcinoma","0"
"Malignant Glomus Tumor[SEP][CLS]cholangiocarcinoma","0"
"Ossifying Fibromyxoid Tumor[SEP][CLS]postgastrectomy syndrome","0"
"Diffuse Large B-Cell Lymphoma, Not Otherwise Specified[SEP][CLS]bile duct disease","0"
"Trichothiodystrophy[SEP][CLS]aplastic anemia","0"
"Galactocele[SEP][CLS]vaginal cancer","0"
"Ovarian Gestational Choriocarcinoma[SEP][CLS]syndrome","0"
"Bone Angiosarcoma[SEP][CLS]mixed glioma","0"
"Bacterial Infection[SEP][CLS]meningioma","0"
"Cerebellopontine Angle Schwannoma[SEP][CLS]primary bacterial infectious disease","0"
"Intermediate Uveitis[SEP][CLS]testicular yolk sac tumor","0"
"Coagulation Disorder[SEP][CLS]brain infarction","0"
"Transvestic Fetishism[SEP][CLS]breast lobular carcinoma","0"
"Central Nervous System Neuroblastoma[SEP][CLS]ovarian carcinoma","0"
"Ovarian Cystadenoma[SEP][CLS]lung small cell carcinoma","0"
"Invasive Bladder Urothelial Carcinoma[SEP][CLS]pancreatic carcinoma","0"
"Mediastinal Teratoma[SEP][CLS]upper respiratory tract disease","0"
"Acute Cystitis[SEP][CLS]laryngeal benign neoplasm","0"
"Toxoplasmosis[SEP][CLS]duodenum cancer","0"
"Ceruminous Adenocarcinoma[SEP][CLS]bilirubin metabolic disorder","0"
"Female Stress Incontinence[SEP][CLS]cardiovascular system disease","0"
"Movement Disorder[SEP][CLS]rectum cancer","0"
"Cervical Non-Keratinizing Squamous Cell Carcinoma[SEP][CLS]central nervous system benign neoplasm","0"
"Soft Tissue Chondroma[SEP][CLS]choriocarcinoma of ovary","0"
"Schizophrenia[SEP][CLS]vaginal cancer","0"
"Wolff-Parkinson-White Syndrome[SEP][CLS]calcinosis","0"
"Malignant Gastric Granular Cell Tumor[SEP][CLS]mouth disease","0"
"Adult Fibrosarcoma[SEP][CLS]fibrosarcoma","1"
"Testicular Fibroma[SEP][CLS]coronary artery disease","0"
"Tricuspid Valve Insufficiency[SEP][CLS]tricuspid valve disease","1"
"Laryngeal Disorder[SEP][CLS]food allergy","0"
"Alpha-Mannosidosis[SEP][CLS]Crohn's disease","0"
"Hyperphosphatemia[SEP][CLS]spinal cancer","0"
"Peripartum Cardiomyopathy[SEP][CLS]cystadenofibroma","0"
"Achenbach Syndrome[SEP][CLS]osteosarcoma","0"
"Gastroesophageal Junction Adenocarcinoma[SEP][CLS]retinal cancer","0"
"Endocervicitis[SEP][CLS]adenocarcinoma","0"
"Parkinson's Disease[SEP][CLS]cranial nerve malignant neoplasm","0"
"Spindle Cell Melanoma[SEP][CLS]intestinal benign neoplasm","0"
"Breast Myoepitheliosis[SEP][CLS]syndrome","0"
"Oligoastrocytoma[SEP][CLS]sphenoid sinusitis","0"
"Adult Extraskeletal Myxoid Chondrosarcoma[SEP][CLS]extraskeletal myxoid chondrosarcoma","1"
"Mucin-Producing Intrahepatic Cholangiocarcinoma[SEP][CLS]apocrine sweat gland neoplasm","0"
"Pilocytic Astrocytoma[SEP][CLS]focal epilepsy","0"
"Primary Immune Thrombocytopenia[SEP][CLS]pancreatitis","0"
"Persistent Hyperplastic Primary Vitreous[SEP][CLS]adrenal gland disease","0"
"Toxic Nodular Goiter[SEP][CLS]ovarian mucinous adenofibroma","0"
"Uterine Corpus Dissecting Leiomyoma[SEP][CLS]bone remodeling disease","0"
"WDHA Syndrome[SEP][CLS]stomach disease","0"
"Venous Insufficiency[SEP][CLS]skull base meningioma","0"
"Stutter[SEP][CLS]penis verrucous carcinoma","0"
"Ornithine Carbamoyltransferase Deficiency Disease[SEP][CLS]mucinous cystadenocarcinoma of pancreas","0"
"Trichomonas Infection[SEP][CLS]parasitic protozoa infectious disease","1"
"Composite Lymphoma[SEP][CLS]bone resorption disease","0"
"Breast Fibrocystic Change, Proliferative Type with Atypia[SEP][CLS]retinal vascular disease","0"
"Mediastinal Angiosarcoma[SEP][CLS]chondrosarcoma","0"
"Vulvar Sarcoma[SEP][CLS]normocytic anemia","0"
"Patent Foramen Ovale[SEP][CLS]aortic aneurysm","0"
"Photokeratitis[SEP][CLS]brain glioma","0"
"Mediastinal Leiomyosarcoma[SEP][CLS]papillary adenocarcinoma","0"
"Thyroid Gland Malformation[SEP][CLS]pineal region teratoma","0"
"Pemphigus Vulgaris[SEP][CLS]opiate dependence","0"
"Pancreatic Somatostatinoma[SEP][CLS]endolymphatic hydrops","0"
"Macular Degeneration[SEP][CLS]skin disease","0"
"Frontal Sinusitis[SEP][CLS]fallopian tube adenofibroma","0"
"Hirschsprung Disease[SEP][CLS]ovarian germ cell teratoma","0"
"Acanthoma[SEP][CLS]central nervous system melanocytic neoplasm","0"
"Falciparum Malaria[SEP][CLS]clivus meningioma","0"
"Esophageal Disorder[SEP][CLS]gastrointestinal system disease","1"
"Abducens Nerve Disorder[SEP][CLS]cranial nerve palsy","1"
"Ulcerative Stomatitis[SEP][CLS]food allergy","0"
"Acute Tubular Necrosis[SEP][CLS]cerebral arterial disease","0"
"Adult Brain Ependymoma[SEP][CLS]mediastinal cancer","0"
"Clear Cell Meningioma[SEP][CLS]trichothiodystrophy","0"
"Childhood Ovarian Germ Cell Tumor[SEP][CLS]hematologic cancer","0"
"Eosinophilic Endomyocardial Disease[SEP][CLS]gastric adenocarcinoma","0"
"Laryngeal Disorder[SEP][CLS]rhabdomyosarcoma","0"
"Giant Papillary Conjunctivitis[SEP][CLS]diffuse large B-cell lymphoma","0"
"Scleritis[SEP][CLS]breast metaplastic carcinoma","0"
"Spinal Multifocal Clear Cell Meningioma[SEP][CLS]skin disease","0"
"Pancreatic Mucinous Cystadenoma[SEP][CLS]multiple sclerosis","0"
"Favism[SEP][CLS]extrinsic allergic alveolitis","0"
"Diphyllobothriasis[SEP][CLS]parasitic helminthiasis infectious disease","1"
"Acrocephalosyndactyly[SEP][CLS]fallopian tube benign neoplasm","0"
"Testicular Yolk Sac Tumor, Polyvesicular Vitelline Pattern[SEP][CLS]penis squamous cell carcinoma","0"
"Vulvar Granular Cell Tumor[SEP][CLS]ocular motility disease","0"
"Ovarian Endometrioid Adenofibroma[SEP][CLS]selective immunoglobulin deficiency disease","0"
"Pancreatic Vipoma[SEP][CLS]islet cell tumor","1"
"Kidney Fibrosarcoma[SEP][CLS]breast adenocarcinoma","0"
"Lecithin Acyltransferase Deficiency[SEP][CLS]plasmacytoma","0"
"Perthes Disease[SEP][CLS]osteochondrosis","1"
"1p36 Deletion Syndrome[SEP][CLS]neurodegenerative disease","0"
"Parathyroid Gland Oncocytic Adenoma[SEP][CLS]acute biphenotypic leukemia","0"
"Extracranial Neuroblastoma[SEP][CLS]thrombocytopenia","0"
"Plasma Cell Leukemia[SEP][CLS]ovarian disease","0"
"Malignant Leptomeningeal Neoplasm[SEP][CLS]bladder benign neoplasm","0"
"Parapsoriasis[SEP][CLS]gingival overgrowth","0"
"Childhood Vaginal Botryoid-Type Embryonal Rhabdomyosarcoma[SEP][CLS]primary systemic mycosis","0"
"Endemic Goiter[SEP][CLS]nutritional deficiency disease","1"
"Comedo-Type Adenocarcinoma[SEP][CLS]ductal carcinoma in situ","1"
"Buerger Disease[SEP][CLS]bone cancer","0"
"Small Cell Neuroendocrine Carcinoma[SEP][CLS]bronchus adenoma","0"
"Friedreich Ataxia[SEP][CLS]foramen magnum meningioma","0"
"Distal Muscular Dystrophy[SEP][CLS]dermatitis","0"
"Capgras Syndrome[SEP][CLS]glucose metabolism disease","0"
"Malignant Peripheral Nerve Sheath Tumor[SEP][CLS]malignant mesenchymoma","0"
"Breast Apocrine Carcinoma[SEP][CLS]upper respiratory tract disease","0"
"Renal Tubular Acidosis[SEP][CLS]renal tubular transport disease","1"
"Aortitis[SEP][CLS]breast carcinoma","0"
"Chest Wall Solitary Plasmacytoma[SEP][CLS]ovarian cystadenocarcinoma","0"
"Endemic Goiter[SEP][CLS]medulloblastoma","0"
"Spinal Cord Neuroblastoma[SEP][CLS]lipomatosis","0"
"Obstructive Jaundice[SEP][CLS]purine-pyrimidine metabolic disorder","0"
"Polymicrogyria[SEP][CLS]acute myeloid leukemia","0"
"Schwannomatosis[SEP][CLS]familial hyperlipidemia","0"
"Rhabdoid Tumor of the Kidney[SEP][CLS]reading disorder","0"
"Diffuse Hemispheric Glioma, H3 G34-Mutant[SEP][CLS]nephrotic syndrome","0"
"Ureterocele[SEP][CLS]adenoma","0"
"Carotid Artery Stenosis[SEP][CLS]low grade glioma","0"
"Laryngeal Disorder[SEP][CLS]malignant astrocytoma","0"
"Systemic Mastocytosis with an Associated Myeloid Neoplasm[SEP][CLS]disease of mental health","0"
"Falciparum Malaria[SEP][CLS]lung cancer","0"
"Axillary Lymphadenitis[SEP][CLS]bone inflammation disease","0"
"Gonadoblastoma[SEP][CLS]subglottis cancer","0"
"Childhood Embryonal Tumor with Multilayered Rosettes, C19MC-Altered[SEP][CLS]heart sarcoma","0"
"Hidradenitis Suppurativa[SEP][CLS]Ewing sarcoma","0"
"Renal Pelvis Papillary Urothelial Carcinoma[SEP][CLS]renal pelvis transitional cell carcinoma","1"
"Hair Disorder[SEP][CLS]meningeal melanoma","0"
"Urinary Tract Obstruction[SEP][CLS]intrahepatic cholestasis","0"
"Kidney Extraskeletal Osteosarcoma[SEP][CLS]bile duct cystadenoma","0"
"Vulvar Squamous Papillomatosis[SEP][CLS]cognitive disorder","0"
"Endophthalmitis[SEP][CLS]carcinoma","0"
"Pancreatic Colloid Carcinoma[SEP][CLS]uterine adnexa cancer","0"
"Hereditary Meningioma[SEP][CLS]uterine fibroid","0"
"Nipple Duct Carcinoma[SEP][CLS]eye disease","0"
"Stress Polycythemia[SEP][CLS]autoimmune disease of the nervous system","0"
"Malignant Peripheral Nerve Sheath Tumor[SEP][CLS]chronic lymphocytic leukemia","0"
"Hemolytic Anemia[SEP][CLS]sensory system disease","0"
"Lassa Fever[SEP][CLS]variable age at onset electroclinical syndrome","0"
"Breast Giant Fibroadenoma[SEP][CLS]peripheral vascular disease","0"
"Parathyroid Gland Chief Cell Adenoma[SEP][CLS]brain disease","0"
"Granuloma Annulare[SEP][CLS]clivus chordoma","0"
"Connective Tissue Disorder[SEP][CLS]embryonal tumor with multilayered rosettes, C19MC-altered","0"
"Hepatolenticular Degeneration[SEP][CLS]lung disease","0"
"Malignant Ovarian Cyst[SEP][CLS]primary immunodeficiency disease","0"
"Eosinophilic Variant of Chromophobe Renal Cell Carcinoma[SEP][CLS]specific developmental disorder","0"
"Diffuse Large B-Cell Lymphoma Germinal Center B-Cell Type[SEP][CLS]diffuse large B-cell lymphoma","1"
"Amyloidosis[SEP][CLS]endodermal sinus tumor","0"
"B Acute Lymphoblastic Leukemia with t(v;11q23.3); KMT2A Rearranged[SEP][CLS]glaucoma","0"
"Hepatosplenic T-Cell Lymphoma[SEP][CLS]synovial sarcoma","0"
"Conn Syndrome[SEP][CLS]adrenal adenoma","1"
"Invasive Renal Pelvis and Ureter Urothelial Carcinoma[SEP][CLS]ureter transitional cell carcinoma","1"
"Pleomorphic Lipoma[SEP][CLS]lipoma","1"
"Communicating Hydrocephalus[SEP][CLS]liposarcoma","0"
"Cervical Serous Adenocarcinoma[SEP][CLS]meningioma","0"
"Thymic Sarcomatoid Carcinoma[SEP][CLS]hemangiopericytoma","0"
"Malignant Nasolacrimal Duct Neoplasm[SEP][CLS]bone sarcoma","0"
"Anthracosis[SEP][CLS]retinoblastoma","0"
"Subglottic Carcinoma[SEP][CLS]male reproductive system disease","0"
"Hepatorenal Syndrome[SEP][CLS]malignant peripheral nerve sheath tumor","0"
"Nocardiosis[SEP][CLS]bladder adenocarcinoma","0"
"Pancreatitis[SEP][CLS]congenital hypoplastic anemia","0"
"Retroperitoneal Germ Cell Tumor[SEP][CLS]chromophil adenoma of the kidney","0"
"Intracranial Hypertension[SEP][CLS]breast adenocarcinoma","0"
"Papillary Craniopharyngioma[SEP][CLS]dental pulp disease","0"
"Mediastinal Leiomyosarcoma[SEP][CLS]leiomyosarcoma","1"
"Pleomorphic Carcinoma[SEP][CLS]sarcomatoid carcinoma","1"
"Thyroid Gland Malformation[SEP][CLS]glomus tumor","0"
"Diffuse Pulmonary Fibrosis[SEP][CLS]malignant astrocytoma","0"
"Iris Disorder[SEP][CLS]uterine ligament cancer","0"
"Female Breast Carcinoma[SEP][CLS]malignant astrocytoma","0"
"Leri-Weill Dyschondrosteosis[SEP][CLS]ovarian biphasic or triphasic teratoma","0"
"Chronic Eosinophilic Leukemia, Not Otherwise Specified[SEP][CLS]nutritional deficiency disease","0"
"Vitiligo[SEP][CLS]agnosia","0"
"Extraskeletal Ewing Sarcoma[SEP][CLS]renal cell carcinoma","0"
"Adult Brain Stem Gliosarcoma[SEP][CLS]penile disease","0"
"Rothmund-Thomson Syndrome[SEP][CLS]primary bacterial infectious disease","0"
"Chronic Frontal Sinusitis[SEP][CLS]tauopathy","0"
"Neonatal Leukemia[SEP][CLS]childhood leukemia","1"
"Schizotypal Personality Disorder[SEP][CLS]spinal cord ependymoma","0"
"Cushing Disease[SEP][CLS]fundus dystrophy","0"
"Epithelioid Leiomyosarcoma[SEP][CLS]dermatomyositis","0"
"Pelvic Lipomatosis[SEP][CLS]breast adenoma","0"
"Lacrimal Gland Carcinoma ex Pleomorphic Adenoma[SEP][CLS]obesity","0"
"Eosinophilic Gastritis[SEP][CLS]benign teratoma","0"
"Osteosarcoma[SEP][CLS]lysosomal acid lipase deficiency","0"
"Retroperitoneal Germ Cell Tumor[SEP][CLS]retroperitoneal cancer","1"
"Gynatresia[SEP][CLS]muscular dystrophy","0"
"Malignant Small Intestinal Neoplasm[SEP][CLS]acute myeloid leukemia","0"
"Meningitis[SEP][CLS]liposarcoma","0"
"Macular Dystrophy, Retinal, 1[SEP][CLS]basal cell carcinoma","0"
"Small Intestinal Neuroendocrine Neoplasm[SEP][CLS]renal cell carcinoma","0"
"Scimitar Syndrome[SEP][CLS]congenital heart disease","1"
"Anal Glands Adenocarcinoma[SEP][CLS]botryoid rhabdomyosarcoma","0"
"Syringocystadenoma Papilliferum[SEP][CLS]severe pre-eclampsia","0"
"Pseudomyxoma Peritonei[SEP][CLS]high grade glioma","0"
"Kluver-Bucy Syndrome[SEP][CLS]anterior cranial fossa meningioma","0"
"Frontal Convexity Meningioma[SEP][CLS]motor neuron disease","0"
"Myxedema[SEP][CLS]childhood spinal muscular atrophy","0"
"Lissencephaly[SEP][CLS]epithelial and subepithelial dystrophy","0"
"Cervical Mesonephric Adenocarcinoma[SEP][CLS]hereditary lymphedema","0"
"Glomangiomatosis[SEP][CLS]benign perivascular tumor","1"
"Skin Tag[SEP][CLS]fibrosarcoma","0"
"Heart Disorder[SEP][CLS]paranasal sinus benign neoplasm","0"
"Immunodeficiency[SEP][CLS]adrenal cortical hypofunction","0"
"Amyloidosis[SEP][CLS]skull base meningioma","0"
"Autonomic Nervous System Neoplasm[SEP][CLS]extrinsic allergic alveolitis","0"
"Adult Cystic Nephroma[SEP][CLS]ovarian carcinosarcoma","0"
"Non-Specific Granulomatous Orchitis[SEP][CLS]retinal vein occlusion","0"
"Congo-Crimean Hemorrhagic Fever[SEP][CLS]malignant pineal area germ cell neoplasm","0"
"Hemolytic Disease of the Newborn[SEP][CLS]meningioma","0"
"Granuloma Annulare[SEP][CLS]dermatitis","1"
"Spindle Cell Oncocytoma[SEP][CLS]medulloblastoma non-WNT/non-SHH","0"
"Ependymoma[SEP][CLS]low grade glioma","1"
"Purpura[SEP][CLS]gastroesophageal adenocarcinoma","0"
"Primary Intraocular Non-Hodgkin Lymphoma[SEP][CLS]cerebrum cancer","0"
"Combined Lung Small Cell and Squamous Cell Carcinoma[SEP][CLS]adolescence-adult electroclinical syndrome","0"
"Fibroblastic Liposarcoma[SEP][CLS]hallucinogen dependence","0"
"Dedifferentiated Liposarcoma[SEP][CLS]hematologic cancer","0"
"Fasciolopsiasis[SEP][CLS]parasitic helminthiasis infectious disease","1"
"Intracranial Meningioma[SEP][CLS]phobic disorder","0"
"Kernicterus Related to Isoimmunization[SEP][CLS]lung benign neoplasm","0"
"Protozoal Infection[SEP][CLS]parasitic infectious disease","1"
"Psychiatric Disorder[SEP][CLS]laryngeal benign neoplasm","0"
"Kleptomania[SEP][CLS]central nervous system disease","0"
"Salpingo-Oophoritis[SEP][CLS]cerebellar astrocytoma","0"
"Central Retinal Artery Occlusion[SEP][CLS]vulva cancer","0"
"Subacute Sclerosing Panencephalitis[SEP][CLS]hypopharynx cancer","0"
"Primary Immune Thrombocytopenia[SEP][CLS]lymphoproliferative syndrome","0"
"Splenic Disorder[SEP][CLS]corneal disease","0"
"Bile Duct Mucinous Cystic Neoplasm[SEP][CLS]malignant pineal area germ cell neoplasm","0"
"Visual Pathway Disorder[SEP][CLS]gastrointestinal system disease","0"
"Inverted Follicular Keratosis[SEP][CLS]sleep disorder","0"
"Rete Ovarii Neoplasm[SEP][CLS]urinary system disease","0"
"Exocervical Carcinoma[SEP][CLS]parasitic protozoa infectious disease","0"
"Diabetic Ketoacidosis[SEP][CLS]uveitis","0"
"Embryonal Neoplasm[SEP][CLS]germ cell cancer","1"
"Congenital Septal Defect[SEP][CLS]disease of mental health","0"
"Acute Pancreatitis[SEP][CLS]pancreatitis","1"
"Nephrocalcinosis[SEP][CLS]functioning pituitary adenoma","0"
"Meningeal Melanomatosis[SEP][CLS]acute kidney failure","0"
"Oculomotor Nerve Disorder[SEP][CLS]leiomyosarcoma","0"
"Progressive Bulbar Palsy[SEP][CLS]skin benign neoplasm","0"
"Leiomyosarcoma[SEP][CLS]upper respiratory tract disease","0"
"Malignant Eccrine Neoplasm[SEP][CLS]microscopic colitis","0"
"Sacral Intraspinal Meningioma[SEP][CLS]well-differentiated liposarcoma","0"
"Subacute Lymphocytic Thyroiditis[SEP][CLS]osteochondrodysplasia","0"
"Pulmonary Embolism[SEP][CLS]retinal edema","0"
"Benign Granular Cell Tumor[SEP][CLS]systemic mastocytosis","0"
"Bowel Obstruction[SEP][CLS]placenta disease","0"
"Maxillary Sinus Adenoid Cystic Carcinoma[SEP][CLS]radiculopathy","0"
"EWSR1-Negative Small Round Cell Tumor[SEP][CLS]cell type benign neoplasm","0"
"Cerebral Embryonal Tumor, Not Otherwise Specified[SEP][CLS]spinal cord primitive neuroectodermal neoplasm","0"
"Bone Surface (Peripheral) Osteosarcoma[SEP][CLS]placenta disease","0"
"Peritoneal Solitary Fibrous Tumor[SEP][CLS]syndrome","0"
"Maple Syrup Urine Disease[SEP][CLS]polyneuropathy","0"
"Onchocerciasis[SEP][CLS]specific phobia","0"
"Dermatophytosis of Groin and Perianal Area[SEP][CLS]osteochondrodysplasia","0"
"Sudden Infant Death Syndrome[SEP][CLS]syndrome","1"
"Arteriovenous Malformation/Hemangioma[SEP][CLS]arteriosclerosis","0"
"Hypersplenism[SEP][CLS]splenic disease","1"
"Gastroparesis[SEP][CLS]systemic mastocytosis","0"
"Ovarian Serous Cystadenofibroma[SEP][CLS]parasitic protozoa infectious disease","0"
"Maxillary Sinus Papilloma[SEP][CLS]endocrine system disease","0"
"Apocrine Neoplasm[SEP][CLS]hyperglycemia","0"
"Bartholin Gland Adenoid Cystic Carcinoma[SEP][CLS]Bartholin's gland carcinoma","1"
"Thymic Clear Cell Carcinoma[SEP][CLS]lipid metabolism disorder","0"
"Verruca Plantaris[SEP][CLS]ureter transitional cell carcinoma","0"
"Diffuse Astrocytoma, MYBL1-Altered[SEP][CLS]amino acid metabolic disorder","0"
"Breast Myofibroblastoma[SEP][CLS]breast benign neoplasm","1"
"Homocystinuria[SEP][CLS]ovarian endodermal sinus tumor","0"
"Aleukemic Monocytic Leukemia Cutis[SEP][CLS]inherited metabolic disorder","0"
"Temporal Lobe Epilepsy[SEP][CLS]aortic valve disease","0"
"Leri-Weill Dyschondrosteosis[SEP][CLS]osteochondrodysplasia","1"
"Borderline Personality Disorder[SEP][CLS]personality disorder","1"
"Myiasis[SEP][CLS]cervical adenocarcinoma","0"
"Macular Edema[SEP][CLS]hallucinogen dependence","0"
"Childhood Mediastinal Neurogenic Neoplasm[SEP][CLS]hepatocellular carcinoma","0"
"Necrobiosis Lipoidica[SEP][CLS]pulmonary emphysema","0"
"Cervical Adenomyoma, Mesonephric-Type[SEP][CLS]testicular disease","0"
"Cervicitis[SEP][CLS]cervix disease","1"
"Primary Open Angle Glaucoma[SEP][CLS]placenta disease","0"
"Carpal Tunnel Syndrome[SEP][CLS]nerve compression syndrome","1"
"Dermatitis[SEP][CLS]candidiasis","0"
"Ovarian Monodermal and Highly Specialized Teratoma[SEP][CLS]kidney sarcoma","0"
"Aspartylglycosaminuria[SEP][CLS]chronic leukemia","0"
"Egg Allergy[SEP][CLS]malignant peripheral nerve sheath tumor","0"
"Diabetic Neuropathy[SEP][CLS]biliary tract disease","0"
"Conventional Angiosarcoma[SEP][CLS]delusional disorder","0"
"Cholangiolocellular Carcinoma[SEP][CLS]eosinophilic pneumonia","0"
"Pineal Region Immature Teratoma[SEP][CLS]basal cell carcinoma","0"
"Childhood Central Nervous System Embryonal Tumor, Not Otherwise Specified[SEP][CLS]medulloblastoma SHH activated","0"
"Childhood Central Nervous System Choriocarcinoma[SEP][CLS]brain disease","0"
"Mixed Phenotype Acute Leukemia with BCR-ABL1 Fusion[SEP][CLS]middle ear disease","0"
"Cervicitis[SEP][CLS]appendix adenocarcinoma","0"
"Mitral Valve Prolapse[SEP][CLS]kidney cancer","0"
"Adult Testicular Granulosa Cell Tumor[SEP][CLS]testicular granulosa cell tumor","1"
"Conjunctival Vascular Disorder[SEP][CLS]Castleman disease","0"
"Pancreatic Mucinous Ductal Ectasia[SEP][CLS]muscular dystrophy","0"
"Central Nervous System Immature Teratoma[SEP][CLS]lung adenocarcinoma","0"
"Facial Hemiatrophy[SEP][CLS]congenital hypoplastic anemia","0"
"Composite Ganglioneuroblastoma, Stroma-Dominant and Stroma-Poor[SEP][CLS]skin carcinoma","0"
"Synovitis[SEP][CLS]kidney sarcoma","0"
"Vulvar Nodular Hidradenoma[SEP][CLS]polycythemia","0"
"Autoimmune Lymphoproliferative Syndrome[SEP][CLS]primary bacterial infectious disease","0"
"Hepatitis B Infection[SEP][CLS]lymphoma","0"
"Breast Fat Necrosis[SEP][CLS]communication disorder","0"
"Childhood Brain Stem Neoplasm[SEP][CLS]invasive bladder transitional cell carcinoma","0"
"Secondary Parkinsonism[SEP][CLS]pineal region teratoma","0"
"Myocarditis[SEP][CLS]pituitary carcinoma","0"
"Skull Base Meningioma[SEP][CLS]idiopathic interstitial pneumonia","0"
"Peptic Ulcer[SEP][CLS]inflammatory and toxic neuropathy","0"
"Breast Fibrosarcoma[SEP][CLS]leukemia","0"
"Photosensitive Dermatitis[SEP][CLS]inherited metabolic disorder","0"
"Combined Lung Large Cell Neuroendocrine Carcinoma[SEP][CLS]candidiasis","0"
"Molluscum Contagiosum Virus Infection[SEP][CLS]breast intraductal proliferative lesion","0"
"Hyperlipoproteinemia, Type IIb[SEP][CLS]gallbladder disease","0"
"Complete Trisomy 13 Syndrome[SEP][CLS]phobic disorder","0"
"Luminal A Breast Carcinoma[SEP][CLS]hairy cell leukemia","0"
"Aleukemic Leukemia Cutis[SEP][CLS]auditory system disease","0"
"Cervical Leukoplakia[SEP][CLS]sarcoidosis","0"
"Atrial Septal Defect[SEP][CLS]malignant mesothelioma","0"
"Chronic Toxic Polyneuropathy[SEP][CLS]pancreatic carcinoma","0"
"Intranodal Palisaded Myofibroblastoma[SEP][CLS]tongue disease","0"
"Annular Pancreas[SEP][CLS]gastroenteritis","0"
"Neuroendocrine Carcinoma[SEP][CLS]carcinoma","1"
"Adult Acute Lymphoblastic Leukemia[SEP][CLS]hypersensitivity vasculitis","0"
"Hereditary Retinoblastoma[SEP][CLS]central nervous system sarcoma","0"
"Spinal Cord Disorder[SEP][CLS]aplastic anemia","0"
"Lung Basaloid Large Cell Carcinoma[SEP][CLS]lower respiratory tract disease","0"
"Breast Intraductal Neoplasm[SEP][CLS]skin benign neoplasm","0"
"Alcoholic Cirrhosis[SEP][CLS]anaplastic astrocytoma","0"
"Thyroid Gland Mucoepidermoid Carcinoma[SEP][CLS]oral cavity cancer","0"
"Transient Tic Disorder[SEP][CLS]epidermolysis bullosa","0"
"Tetralogy of Fallot[SEP][CLS]testicular yolk sac tumor","0"
"Myoclonic Epilepsy of Unverricht and Lundborg[SEP][CLS]familial periodic paralysis","0"
"Hyperkalemic Periodic Paralysis[SEP][CLS]familial periodic paralysis","1"
"Supratentorial Ependymoma, ZFTA-RELA Fusion-Positive[SEP][CLS]meningitis","0"
"Bronchopneumonia[SEP][CLS]teeth hard tissue disease","0"
"Secretory Meningioma[SEP][CLS]autoimmune disease of the nervous system","0"
"Expressive Language Disorder[SEP][CLS]placenta disease","0"
"Chronic Cervicitis[SEP][CLS]substance-related disorder","0"
"Penile Papillary Carcinoma[SEP][CLS]penis squamous cell carcinoma","1"
"Melanotic Schwannoma[SEP][CLS]malignant astrocytoma","0"
"Benign Vaginal Mixed Epithelial and Mesenchymal Neoplasm[SEP][CLS]malaria","0"
"Anal Leiomyosarcoma[SEP][CLS]acanthoma","0"
"Breast Fibrocystic Change[SEP][CLS]endocrine system disease","0"
"Meningothelial Meningioma[SEP][CLS]paranasal sinus cancer","0"
"Oligohydramnios[SEP][CLS]prostate disease","0"
"Anterior Urethral Malignant Neoplasm[SEP][CLS]ovarian endometrioid adenofibroma","0"
"Interstitial Nephritis[SEP][CLS]retinal degeneration","0"
"Anterior Foramen Magnum Meningioma[SEP][CLS]liver disease","0"
"Bladder Diverticulum[SEP][CLS]bladder disease","1"
"Scirrhous Hepatocellular Carcinoma[SEP][CLS]hypothyroidism","0"
"Epiretinal Membrane[SEP][CLS]stomach disease","0"
"Dystonia[SEP][CLS]parachordoma","0"
"Aspergillosis[SEP][CLS]malignant peripheral nerve sheath tumor","0"
"Enamel Hypoplasia[SEP][CLS]dengue disease","0"
"Microcystic/Reticular Schwannoma[SEP][CLS]syndrome","0"
"Medulloblastoma, SHH-Activated[SEP][CLS]medulloblastoma","1"
"Partial Retinal Arterial Occlusion[SEP][CLS]fundus dystrophy","0"
"Retinal Detachment[SEP][CLS]syndrome","0"
"Central Nervous System Angiosarcoma[SEP][CLS]hepatocellular carcinoma","0"
"Medulloblastoma, SHH-Activated, TP53-Mutant[SEP][CLS]autoimmune disease of musculoskeletal system","0"
"Iritis[SEP][CLS]heart septal defect","0"
"Adult Botryoid-Type Embryonal Rhabdomyosarcoma[SEP][CLS]myocardial infarction","0"
"Epithelioid Mesothelioma[SEP][CLS]malignant mesothelioma","1"
"Pancreatic Mucinous-Cystic Neoplasm with an Associated Invasive Carcinoma[SEP][CLS]nosophobia","0"
"Non-Proliferative Diabetic Retinopathy[SEP][CLS]psychosexual disorder","0"
"Bacterial Infection[SEP][CLS]anus adenocarcinoma","0"
"Louse-Borne Relapsing Fever[SEP][CLS]nervous system disease","0"
"Senile Cataract[SEP][CLS]dermatophytosis","0"
"Metastatic Corticotroph Pituitary Neuroendocrine Tumor[SEP][CLS]intrinsic cardiomyopathy","0"
"Urethra Disorder[SEP][CLS]kidney cancer","0"
"Paranoid Personality Disorder[SEP][CLS]breast duct papilloma","0"
"Language Disorder[SEP][CLS]leiomyosarcoma","0"
"Necrobiosis Lipoidica[SEP][CLS]duodenum cancer","0"
"Laryngeal Neuroendocrine Neoplasm[SEP][CLS]aortic valve stenosis","0"
"Histiocytic and Dendritic Cell Neoplasm[SEP][CLS]synucleinopathy","0"
"Invasive Bladder Nested Urothelial Carcinoma[SEP][CLS]glossopharyngeal nerve neoplasm","0"
"GM1 Gangliosidosis[SEP][CLS]diffuse large B-cell lymphoma","0"
"Acute Myeloid Leukemia with Minimal Differentiation[SEP][CLS]lipid metabolism disorder","0"
"Non-Neoplastic Reproductive System Disorder[SEP][CLS]vascular disease","0"
"Meniere Disease[SEP][CLS]PTEN hamartoma tumor syndrome","0"
"Verrucous Hemangioma[SEP][CLS]herpes simplex","0"
"Paranoid Type Schizophrenia[SEP][CLS]atherosclerosis","0"
"Vulvar Keratinizing Squamous Cell Carcinoma[SEP][CLS]thymoma","0"
"Echinococcosis[SEP][CLS]peritoneal benign neoplasm","0"
"Malignant Ovarian Brenner Tumor[SEP][CLS]inherited metabolic disorder","0"
"Myxoid Liposarcoma[SEP][CLS]lung large cell carcinoma","0"
"Childhood Embryonal Tumor with Multilayered Rosettes, C19MC-Altered[SEP][CLS]embryonal tumor with multilayered rosettes, C19MC-altered","1"
"Gestational Choriocarcinoma[SEP][CLS]neuroblastoma","0"
"Laryngeal Neuroendocrine Neoplasm[SEP][CLS]cerebrum cancer","0"
"Asymmetric Motor Neuropathy[SEP][CLS]motor neuritis","1"
"Bladder Diffuse Clear Cell Adenocarcinoma[SEP][CLS]ovarian benign neoplasm","0"
"Multiple Mucosal Neuromas[SEP][CLS]paranasal sinus benign neoplasm","0"
"Skin Basal Cell Carcinoma with Sarcomatoid Differentiation[SEP][CLS]pancreas disease","0"
"Columnar Cell Variant Thyroid Gland Papillary Carcinoma[SEP][CLS]thyroid gland papillary carcinoma","1"
"Childhood Malignant Germ Cell Tumor[SEP][CLS]acute myeloid leukemia","0"
"Acquired Keratoderma[SEP][CLS]extraosseous Ewing sarcoma","0"
"Anal Leiomyosarcoma[SEP][CLS]leiomyosarcoma","1"
"Childhood Epithelioid Sarcoma[SEP][CLS]keratitis","0"
"Lymphangitis[SEP][CLS]gastrointestinal system cancer","0"
"Pituitary Gland Chromophobe Adenoma[SEP][CLS]dental pulp disease","0"
"Leuteoma of Pregnancy[SEP][CLS]movement disease","0"
"Lymphocytic Thyroiditis[SEP][CLS]brain disease","0"
"Lung Non-Squamous Non-Small Cell Carcinoma[SEP][CLS]tracheal disease","0"
"Diffuse Infiltrative Lymphocytosis Syndrome[SEP][CLS]gastritis","0"
"Ovarian Monodermal and Highly Specialized Teratoma[SEP][CLS]supraglottis neoplasm","0"
"Oculomotor Nerve Disorder[SEP][CLS]PTEN hamartoma tumor syndrome","0"
"Nasal Cavity Inverted Papilloma[SEP][CLS]small intestine benign neoplasm","0"
"Blepharospasm[SEP][CLS]thyroid gland papillary carcinoma","0"
"Small Intestinal L-Cell Glucagon-Like Peptide-Producing Neuroendocrine Tumor[SEP][CLS]ovarian disease","0"
"Tumor of the Follicular Infundibulum[SEP][CLS]neonatal anemia","0"
"Nephrogenic Diabetes Insipidus[SEP][CLS]paraphilia disorder","0"
"Mikulicz Disease[SEP][CLS]sarcoidosis","0"
"Adult Meningeal Melanoma[SEP][CLS]breast carcinoma","0"
"Early Gastric Cancer[SEP][CLS]viral infectious disease","0"
"Prostate Acinar Mucinous Adenocarcinoma[SEP][CLS]autoimmune disease of cardiovascular system","0"
"B Acute Lymphoblastic Leukemia with t(5;14)(q31.1;q32.3); IL3-IGH[SEP][CLS]carcinoma","0"
"Macular Edema[SEP][CLS]urea cycle disorder","0"
"Aortic Valve Stenosis[SEP][CLS]oligodendroglioma","0"
"Clear Cell Acanthoma[SEP][CLS]intrinsic cardiomyopathy","0"
"Posterior Fossa Ependymoma, Group A (PFA)[SEP][CLS]aleukemic leukemia","0"
"Combined Lung Small Cell and Squamous Cell Carcinoma[SEP][CLS]mood disorder","0"
"Choroideremia[SEP][CLS]notochordal cancer","0"
"Peroneal Neuropathy[SEP][CLS]psychosexual disorder","0"
"Ovarian Seromucinous Carcinoma[SEP][CLS]retinal vein occlusion","0"
"Endometrial Clear Cell Adenocarcinoma[SEP][CLS]uterine corpus cancer","0"
"Ampulla of Vater Clear Cell Adenocarcinoma[SEP][CLS]ampulla of Vater adenocarcinoma","1"
"Myopia[SEP][CLS]differentiated thyroid gland carcinoma","0"
"Round Cell Liposarcoma[SEP][CLS]small intestine benign neoplasm","0"
"Prostate Adenoid Cystic Carcinoma[SEP][CLS]prostate carcinoma","1"
"AIDS Phobia[SEP][CLS]lipid storage disease","0"
"Progressive Bulbar Palsy[SEP][CLS]motor neuron disease","1"
"Pyomyositis[SEP][CLS]mixed glioma","0"
"Pineal Region Choriocarcinoma[SEP][CLS]salivary gland cancer","0"
"Diffuse Infiltrative Lymphocytosis Syndrome[SEP][CLS]syndrome","1"
"Cervical Adenomyoma, Mesonephric-Type[SEP][CLS]chordoma","0"
"Neuropathy[SEP][CLS]hereditary renal cell carcinoma","0"
"Restless Leg Syndrome[SEP][CLS]connective tissue cancer","0"
"Methemoglobinemia[SEP][CLS]mucolipidosis","0"
"Testicular Thecoma[SEP][CLS]hypersensitivity reaction type IV disease","0"
"Actinic Keratosis[SEP][CLS]intestinal disease","0"
"Breast Fibrosarcoma[SEP][CLS]vitamin metabolic disorder","0"
"Lung Non-Small Cell Carcinoma[SEP][CLS]central nervous system benign neoplasm","0"
"Eccrine Neoplasm[SEP][CLS]central nervous system disease","0"
"Obstructive Sleep Apnea[SEP][CLS]upper respiratory tract disease","0"
"Refractory Malignant Testicular Germ Cell Tumor[SEP][CLS]coccidiosis","0"
"Epidermolysis Bullosa Dystrophica[SEP][CLS]skin disease","0"
"Cervical Mullerian Papilloma[SEP][CLS]glomus tumor","0"
"Werdnig-Hoffmann Disease[SEP][CLS]brain cancer","0"
"Esophageal Mucoepidermoid Carcinoma[SEP][CLS]lung carcinoma","0"
"Sclerosteosis[SEP][CLS]adult pineal parenchymal tumor","0"
"Small Intestinal VIP-Producing Neuroendocrine Tumor[SEP][CLS]maxillary sinusitis","0"
"Epididymal Neoplasm[SEP][CLS]bladder carcinoma","0"
"Drug Abuse[SEP][CLS]aortic valve stenosis","0"
"Breast Epithelioid Hemangioma[SEP][CLS]lipoma","0"
"Central Nervous System Melanocytic Neoplasm[SEP][CLS]invasive bladder transitional cell carcinoma","0"
"Nerve Plexus Neoplasm[SEP][CLS]malignant mesenchymoma","0"
"Sarcomatoid Carcinoma[SEP][CLS]urinary system disease","0"
"Large Cell Medulloblastoma[SEP][CLS]breast carcinoma","0"
"Extratemporal Epilepsy[SEP][CLS]cerebral ventricle cancer","0"
"Ureter Urothelial Papilloma[SEP][CLS]seborrheic keratosis","0"
"Breast Apocrine Adenoma[SEP][CLS]placenta disease","0"
"Von Hippel Lindau Syndrome[SEP][CLS]meningioma","0"
"Thanatophoric Dysplasia[SEP][CLS]sinusitis","0"
"Acute Diffuse Glomerulonephritis[SEP][CLS]skin disease","0"
"Leukodystrophy[SEP][CLS]breast adenocarcinoma","0"
"Riedel Fibrosing Thyroiditis[SEP][CLS]facial nerve disease","0"
"Chronic Renal Failure[SEP][CLS]liposarcoma","0"
"Bartonella Infection[SEP][CLS]oral cavity cancer","0"
"von Willebrand Disease[SEP][CLS]blood coagulation disease","1"
"Dentatorubral-Pallidoluysian Atrophy[SEP][CLS]fallopian tube carcinoma","0"
"Vulvar Basaloid Carcinoma[SEP][CLS]pervasive developmental disorder","0"
"Melanoma in Congenital Melanocytic Nevus[SEP][CLS]testicular disease","0"
"Breast Rhabdomyosarcoma[SEP][CLS]meningioma","0"
"Breast Acinic Cell Carcinoma[SEP][CLS]neurodegenerative disease","0"
"Trabecular Adenocarcinoma[SEP][CLS]breast carcinoma","0"
"Oral Cavity Hairy Leukoplakia[SEP][CLS]pancreatic cystadenoma","0"
"Infective Arthritis[SEP][CLS]Ehlers-Danlos syndrome","0"
"Menkes Disease[SEP][CLS]herpes simplex","0"
"Retinoschisis[SEP][CLS]syndrome","0"
"Hepatoblastoma[SEP][CLS]uveal disease","0"
"Variegate Porphyria[SEP][CLS]glioblastoma","0"
"Pharyngoconjunctival Fever[SEP][CLS]supraglottis squamous cell carcinoma","0"
"Internal Strabismus[SEP][CLS]esophageal disease","0"
"Anaplastic Astrocytoma, IDH-Wildtype[SEP][CLS]anaplastic astrocytoma","1"
"Osteosclerosis[SEP][CLS]kidney disease","0"
"Cerebellopontine Angle Schwannoma[SEP][CLS]breast duct papilloma","0"
"Synovial Neoplasm[SEP][CLS]skin hemangioma","0"
"Ectopic Pregnancy[SEP][CLS]mucolipidosis","0"
"Gastric Antral Vascular Ectasia[SEP][CLS]thyroid gland disease","0"
"Acinar Cell Carcinoma[SEP][CLS]tic disorder","0"
"Osteosarcoma Arising in Paget Disease of Bone[SEP][CLS]esophageal disease","0"
"Hypogonadism[SEP][CLS]penile disease","0"
"Lung Abscess[SEP][CLS]pancreatic cystadenoma","0"
"Thymic Low Grade Papillary Adenocarcinoma[SEP][CLS]peroxisomal disease","0"
"Childhood Infratentorial Neoplasm[SEP][CLS]female reproductive system disease","0"
"Acute Atopic Conjunctivitis[SEP][CLS]bone inflammation disease","0"
"Parotitis[SEP][CLS]bile duct adenocarcinoma","0"
"Acute Myeloid Leukemia with CEBPA Mutation[SEP][CLS]Hodgkin's lymphoma","0"
"Neonatal Diabetes Mellitus[SEP][CLS]breast benign neoplasm","0"
"Uterine Corpus Lipoleiomyoma[SEP][CLS]bone marrow disease","0"
"Extraosseous Plasmacytoma[SEP][CLS]mesenchymoma","0"
"Granulomatous Endometritis[SEP][CLS]cranial nerve malignant neoplasm","0"
"Malignant Spermatic Cord Neoplasm[SEP][CLS]gastric diffuse adenocarcinoma","0"
"Ovarian Yolk Sac Tumor, Hepatoid Pattern[SEP][CLS]skin disease","0"
"Von Hippel Lindau Syndrome[SEP][CLS]pancreatic cystadenoma","0"
"Thrombophlebitis[SEP][CLS]stomach cancer","0"
"Retinitis[SEP][CLS]functioning pituitary adenoma","0"
"Leiomyoma[SEP][CLS]congenital hemolytic anemia","0"
"Optic Nerve Sheath Meningioma[SEP][CLS]mouth disease","0"
"Wolman Disease[SEP][CLS]multiple system atrophy","0"
"Hyperostosis[SEP][CLS]syndrome","0"
"Epidural Spinal Canal Neoplasm[SEP][CLS]extrinsic allergic alveolitis","0"
"Ovarian Cystadenoma[SEP][CLS]vulvar benign neoplasm","0"
"Osteomalacia[SEP][CLS]bone remodeling disease","1"
"Hereditary Fructose Intolerance[SEP][CLS]sleep disorder","0"
"Intracranial Cavernous Hemangioma[SEP][CLS]intracranial structure hemangioma","1"
"Pancreatic Mucinous Cystadenocarcinoma[SEP][CLS]glaucoma","0"
"Cervical Adenoid Basal Carcinoma[SEP][CLS]uterine cancer","0"
"Columnar Cell Variant Thyroid Gland Papillary Carcinoma[SEP][CLS]dermatitis","0"
"Adamantinomatous Craniopharyngioma[SEP][CLS]orbit rhabdomyosarcoma","0"
"Limb-Girdle Muscular Dystrophy[SEP][CLS]ovarian cystadenoma","0"
"Head and Neck Neoplasm[SEP][CLS]autoimmune disease of peripheral nervous system","0"
"Pulmonary Fibrosis[SEP][CLS]leiomyosarcoma","0"
"Cerebral Sarcoidosis[SEP][CLS]sarcoidosis","1"
"Zollinger Ellison Syndrome[SEP][CLS]lung benign neoplasm","0"
"Hemolytic Uremic Syndrome[SEP][CLS]familial hyperlipidemia","0"
"Childhood Vulvar Botryoid-Type Embryonal Rhabdomyosarcoma[SEP][CLS]retinal vein occlusion","0"
"Non-Specific Granulomatous Orchitis[SEP][CLS]low grade glioma","0"
"Malignant Granular Cell Tumor[SEP][CLS]skin cancer","1"
"Immune Complex Glomerulonephritis[SEP][CLS]ovarian cystadenocarcinoma","0"
"Metachromatic Leukodystrophy[SEP][CLS]sphingolipidosis","1"
"Cauda Equina Neuroendocrine Tumor[SEP][CLS]cervical adenocarcinoma","0"
"Skeletal Muscle Neoplasm[SEP][CLS]complex regional pain syndrome","0"
"Schizoaffective Disorder[SEP][CLS]eye disease","0"
"Laryngeal Stenosis[SEP][CLS]intrahepatic cholangiocarcinoma","0"
"Columnar Cell Variant Thyroid Gland Papillary Carcinoma[SEP][CLS]leiomyosarcoma","0"
"Hyperhomocysteinemia[SEP][CLS]amino acid metabolic disorder","1"
"VIP-Producing Neuroendocrine Tumor[SEP][CLS]connective tissue cancer","0"
"Sideroblastic Anemia[SEP][CLS]appendix cancer","0"
"Uveal Necrotic Melanoma[SEP][CLS]syndrome","0"
"Olivopontocerebellar Atrophy[SEP][CLS]vulvar sarcoma","0"
"Hypersensitivity[SEP][CLS]autoimmune disease of skin and connective tissue","0"
"Oral Cavity Hairy Leukoplakia[SEP][CLS]cervical mucinous adenocarcinoma","0"
"Breast Scirrhous Carcinoma[SEP][CLS]peripheral nervous system neoplasm","0"
"Desquamative Interstitial Pneumonia[SEP][CLS]idiopathic interstitial pneumonia","1"
"Lymphohistiocytoid Mesothelioma[SEP][CLS]skin carcinoma","0"
"Nontoxic Goiter[SEP][CLS]opportunistic mycosis","0"
"Pierre Robin Syndrome[SEP][CLS]aplastic anemia","0"
"Acanthosis Nigricans[SEP][CLS]pigmentation disease","1"
"Alcoholic Cardiomyopathy[SEP][CLS]disease","0"
"Cervical Mullerian Papilloma[SEP][CLS]eating disorder","0"
"Night Blindness[SEP][CLS]vascular disease","0"
"Blind Loop Syndrome[SEP][CLS]kidney benign neoplasm","0"
"Myositis[SEP][CLS]kidney benign neoplasm","0"
"Atypical Intradermal Smooth Muscle Neoplasm[SEP][CLS]meningioma","0"
"Tinea Versicolor[SEP][CLS]dermatitis","0"
"Epidermolysis Bullosa Dystrophica[SEP][CLS]brain stem glioma","0"
"Vulvar Eccrine Adenocarcinoma[SEP][CLS]viral infectious disease","0"
"Amino Acid Metabolism Disorder[SEP][CLS]arthropathy","0"
"Follicular Dendritic Cell Sarcoma[SEP][CLS]follicular adenoma","0"
"Breast Hemangioma[SEP][CLS]glossopharyngeal nerve neoplasm","0"
"Testicular Yolk Sac Tumor, Macrocystic Pattern[SEP][CLS]urethra cancer","0"
"Polyneuropathy[SEP][CLS]carcinoma","0"
"Hypersensitivity[SEP][CLS]frontal sinusitis","0"
"Renal Pelvis Urothelial Papilloma[SEP][CLS]B-cell lymphoma","0"
"Lung Lymphangioleiomyomatosis[SEP][CLS]ischemia","0"
"Myasthenia Gravis[SEP][CLS]peroxisomal disease","0"
"Anovulation[SEP][CLS]glycogen-rich carcinoma","0"
"Usher Syndrome Type 2[SEP][CLS]pneumoconiosis","0"
"Klippel-Trenaunay-Weber Syndrome[SEP][CLS]bladder disease","0"
"Anaplastic Astrocytoma, IDH-Wildtype[SEP][CLS]malignant olfactory nerve neoplasm","0"
"Plasmablastic Lymphoma[SEP][CLS]diffuse large B-cell lymphoma","1"
"Pineal Region Dysgerminoma[SEP][CLS]coronary artery disease","0"
"Ectopic Pregnancy[SEP][CLS]female reproductive system disease","1"
"Gliofibroma[SEP][CLS]malignant astrocytoma","1"
"Anhidrosis[SEP][CLS]neuropathy","0"
"Combined Lung Small Cell Carcinoma[SEP][CLS]male reproductive system disease","0"
"Uveitis[SEP][CLS]benign vascular tumor","0"
"Varicose Vein[SEP][CLS]disease of mental health","0"
"Chondroid Chordoma[SEP][CLS]plasma protein metabolism disease","0"
"Malignancy in Giant Cell Tumor of Bone[SEP][CLS]sphenoid sinusitis","0"
"Apocrine Neoplasm[SEP][CLS]lacrimal system cancer","0"
"Myoclonic Epilepsy of Unverricht and Lundborg[SEP][CLS]progressive myoclonus epilepsy","1"
"Renal Hypertrophy[SEP][CLS]anemia","0"
"Atrioventricular Block by ECG Finding[SEP][CLS]heart conduction disease","1"
"Breast Engorgement in Newborn[SEP][CLS]brain stem cancer","0"
"Chondroid Syringoma[SEP][CLS]inner ear disease","0"
"Primary Carnitine Deficiency[SEP][CLS]angiomyolipoma","0"
"Irritant Contact Dermatitis[SEP][CLS]biliary papillomatosis","0"
"Skull Base Neoplasm[SEP][CLS]skull cancer","1"
"Bladder Mucinous Adenocarcinoma[SEP][CLS]mucopolysaccharidosis","0"
"Testicular Yolk Sac Tumor[SEP][CLS]sinusitis","0"
"Childhood Central Nervous System Embryonal Tumor, Not Otherwise Specified[SEP][CLS]extrinsic allergic alveolitis","0"
"Epidermolysis Bullosa Dystrophica[SEP][CLS]chondrosarcoma","0"
"Acute Myocardial Infarction[SEP][CLS]carcinoma","0"
"Frontal Sinusitis[SEP][CLS]myeloproliferative neoplasm","0"
"Leukorrhea[SEP][CLS]viral infectious disease","0"
"Breast Cyst[SEP][CLS]ovarian endodermal sinus tumor","0"
"Pineal Region Dysgerminoma[SEP][CLS]breast duct papilloma","0"
"Epithelioid Angiomyolipoma[SEP][CLS]syphilis","0"
"Papillary Adenocarcinoma[SEP][CLS]suppurative otitis media","0"
"Occult Lung Large Cell Carcinoma[SEP][CLS]skull base meningioma","0"
"Polyarteritis Nodosa[SEP][CLS]breast cancer","0"
"Sclera Disorder[SEP][CLS]phimosis","0"
"Childhood Extraskeletal Myxoid Chondrosarcoma[SEP][CLS]ethmoidal sinus benign neoplasm","0"
"Subareolar Duct Papillomatosis[SEP][CLS]germ cell and embryonal cancer","0"
"Skin Fibroepithelial Basal Cell Carcinoma[SEP][CLS]laryngeal benign neoplasm","0"
"Inflammatory Leiomyosarcoma[SEP][CLS]infratentorial cancer","0"
"Pathological Gambling[SEP][CLS]impulse control disorder","1"
"Adult Pineal Parenchymal Cell Neoplasm[SEP][CLS]pre-malignant neoplasm","0"
"Thyroid Gland Medullary Carcinoma[SEP][CLS]primary hyperaldosteronism","0"
"Gliofibroma[SEP][CLS]hepatoblastoma","0"
"Verrucous Lesion[SEP][CLS]ethmoidal sinus benign neoplasm","0"
"Silent Myocardial Infarction[SEP][CLS]B cell deficiency","0"
"Glandular Malignant Peripheral Nerve Sheath Tumor[SEP][CLS]metabolic acidosis","0"
"Acute Leukemia[SEP][CLS]primary bacterial infectious disease","0"
"Cervicitis[SEP][CLS]central nervous system disease","0"
"Elephantiasis[SEP][CLS]benign giant cell tumor","0"
"Wolf-Hirschhorn Syndrome[SEP][CLS]glomerulonephritis","0"
"Obstructive Sleep Apnea[SEP][CLS]sleep apnea","1"
"Esophageal Neuroendocrine Neoplasm[SEP][CLS]seborrheic keratosis","0"
"Atypical Chronic Myeloid Leukemia[SEP][CLS]artery disease","0"
"Malignant Frontal Sinus Neoplasm[SEP][CLS]mixed glioma","0"
"Cyclic Neutropenia[SEP][CLS]hemangiopericytoma","0"
"Testicular Leukemia[SEP][CLS]sarcomatoid carcinoma","0"
"Posterolateral Myocardial Infarction by ECG Finding[SEP][CLS]chronic meningitis","0"
"Undifferentiated Pleomorphic Sarcoma, Inflammatory Variant[SEP][CLS]encephalitis","0"
"Bladder Urothelial Carcinoma In Situ[SEP][CLS]nerve plexus neoplasm","0"
"Aromatic L-Amino-Acid Decarboxylase Deficiency[SEP][CLS]nodular ganglioneuroblastoma","0"
"Lung Basaloid Large Cell Carcinoma[SEP][CLS]sigmoid colon cancer","0"
"Hypohidrosis[SEP][CLS]sweat gland disease","1"
"Tenosynovial Giant Cell Tumor, Diffuse Type[SEP][CLS]personality disorder","0"
"Trophoblastic Tumor[SEP][CLS]retinal disease","0"
"Pierre Robin Syndrome[SEP][CLS]intestinal disease","0"
"Sezary Syndrome[SEP][CLS]primary cutaneous T-cell non-Hodgkin lymphoma","1"
"Esophageal Verrucous Carcinoma[SEP][CLS]commensal bacterial infectious disease","0"
"Skin Vascular Disorder[SEP][CLS]uveal disease","0"
"Adenosine Deaminase Deficiency[SEP][CLS]smallpox","0"
"Glanzmann Thrombasthenia[SEP][CLS]coronary artery disease","0"
"Retinoschisis[SEP][CLS]cervical benign neoplasm","0"
"Parkinson's Disease[SEP][CLS]breast benign neoplasm","0"
"Transient Retinal Arterial Occlusion[SEP][CLS]retinal artery occlusion","1"
"Progressive Muscular Atrophy[SEP][CLS]ovarian disease","0"
"Ovarian Monodermal and Highly Specialized Teratoma[SEP][CLS]phobic disorder","0"
"Nodular Sclerosis Classic Hodgkin Lymphoma[SEP][CLS]cervical squamous cell carcinoma","0"
"Extrahepatic Bile Duct Mucinous Cystic Neoplasm[SEP][CLS]bile duct cystadenoma","1"
"Congenital Dyserythropoietic Anemia[SEP][CLS]mesenchymal cell neoplasm","0"
"Diabetes Mellitus[SEP][CLS]intraocular retinoblastoma","0"
"Epidural Spinal Canal Neoplasm[SEP][CLS]neuropathy","0"
"Gastric Neuroendocrine Neoplasm[SEP][CLS]thyroid gland papillary carcinoma","0"
"Breast Adenoid Cystic Carcinoma[SEP][CLS]migraine","0"
"Wolfram Syndrome[SEP][CLS]viral infectious disease","0"
"Alcoholic Gastritis[SEP][CLS]disease of mental health","0"
"Acute Myeloid Leukemia with Maturation[SEP][CLS]vascular disease","0"
"Peripartum Cardiomyopathy[SEP][CLS]synostosis","0"
"Gastroesophageal Reflux Disease[SEP][CLS]hematopoietic system disease","0"
"Breast Oncocytic Carcinoma[SEP][CLS]viral infectious disease","0"
"Byssinosis[SEP][CLS]conventional osteosarcoma","0"
"Subareolar Duct Papillomatosis[SEP][CLS]thyroid gland disease","0"
"Parathyroid Gland Water-Clear Cell Adenoma[SEP][CLS]hypersensitivity reaction type IV disease","0"
"Uterine Corpus Epithelioid Leiomyoma[SEP][CLS]breast metaplastic carcinoma","0"
"Luminal B Breast Carcinoma[SEP][CLS]breast carcinoma","1"
"Depression[SEP][CLS]ovarian primitive germ cell tumor","0"
"Brown-Sequard Syndrome[SEP][CLS]meningioma","0"
"Diabetic Vascular Disorder[SEP][CLS]vaginal disease","0"
"Breast Granular Cell Tumor[SEP][CLS]neutropenia","0"
"Hyperlysinemia[SEP][CLS]calcinosis","0"
"Cervical Adenomyoma[SEP][CLS]cervical benign neoplasm","1"
"Childhood Pilocytic Astrocytoma[SEP][CLS]leiomyosarcoma","0"
"Encephalomalacia[SEP][CLS]frontal sinus benign neoplasm","0"
"Vulvar Squamous Papillomatosis[SEP][CLS]acute biphenotypic leukemia","0"
"Acute Erythroid Leukemia[SEP][CLS]pituitary infarct","0"
"Argininemia[SEP][CLS]severe combined immunodeficiency","0"
"Infantile Refsum Disease[SEP][CLS]diffuse large B-cell lymphoma","0"
"Myeloid Leukemia[SEP][CLS]vascular cancer","0"
"Childhood Kidney Neoplasm[SEP][CLS]ovarian germ cell teratoma","0"
"Mucinous Cystadenocarcinoma[SEP][CLS]diabetic retinopathy","0"
"Intradural Extramedullary Cauda Equina Astrocytoma[SEP][CLS]cauda equina neoplasm","1"
"Adult Pleomorphic Rhabdomyosarcoma[SEP][CLS]choroid plexus cancer","0"
"Syndrome of Apparent Mineralocorticoid Excess[SEP][CLS]hairy cell leukemia","0"
"Bladder Papillary Urothelial Neoplasm[SEP][CLS]connective tissue cancer","0"
"Pinta[SEP][CLS]acquired polycythemia","0"
"Infant-Type Hemispheric Glioma[SEP][CLS]neuroendocrine tumor","0"
"Malignant Olfactory Nerve Neoplasm[SEP][CLS]reading disorder","0"
"Byssinosis[SEP][CLS]pneumoconiosis","1"
"Chronic Renal Failure[SEP][CLS]eccrine sweat gland neoplasm","0"
"Prostate Acinar Signet Ring Cell-Like Adenocarcinoma[SEP][CLS]cerebellum cancer","0"
"Aseptic Meningitis[SEP][CLS]myositis","0"
"Drug Abuse[SEP][CLS]lymphatic system disease","0"
"Abducens Nerve Neoplasm[SEP][CLS]cavernous hemangioma","0"
"Sialadenitis[SEP][CLS]ovarian cystadenocarcinoma","0"
"Transient Global Amnesia[SEP][CLS]amnestic disorder","1"
"Thyroid Gland Anaplastic Carcinoma[SEP][CLS]childhood brain stem neoplasm","0"
"Cholestasis[SEP][CLS]meningioma","0"
"Primary Lymphedema[SEP][CLS]eyelid disease","0"
"Brain Stem Intraparenchymal Clear Cell Meningioma[SEP][CLS]stomatitis","0"
"Capgras Syndrome[SEP][CLS]disease","0"
"Metastatic Thyrotroph Pituitary Neuroendocrine Tumor[SEP][CLS]hepatocellular carcinoma","0"
"Entrapment Neuropathy[SEP][CLS]bone benign neoplasm","0"
"Core Binding Factor Acute Myeloid Leukemia[SEP][CLS]von Willebrand's disease","0"
"Syringocystadenoma Papilliferum[SEP][CLS]eyelid disease","0"
"Malignant Breast Spiradenoma[SEP][CLS]lysosomal storage disease","0"
"Malignancy in Giant Cell Tumor of Bone[SEP][CLS]malignant pineal area germ cell neoplasm","0"
"Pericarditis[SEP][CLS]encephalomalacia","0"
"Choledochal Cyst[SEP][CLS]invasive bladder transitional cell carcinoma","0"
"Slate Pneumoconiosis[SEP][CLS]peroxisomal disease","0"
"Mediastinal Lipomatosis[SEP][CLS]skull base meningioma","0"
"Renal Papillary Adenoma[SEP][CLS]paraphilia disorder","0"
"Adult Xanthogranuloma[SEP][CLS]spinal cancer","0"
"Pyelonephritis[SEP][CLS]pyelitis","1"
"Acute Interstitial Pneumonia[SEP][CLS]xeroderma pigmentosum","0"
"Clear Cell Acanthoma[SEP][CLS]irritant dermatitis","0"
"Myeloid/Lymphoid Neoplasms with Eosinophilia and Tyrosine Kinase Gene Fusions[SEP][CLS]ovary adenocarcinoma","0"
"Dihydropyrimidine Dehydrogenase Deficiency[SEP][CLS]motor neuron disease","0"
"Angiokeratoma Circumscriptum[SEP][CLS]skin benign neoplasm","1"
"Invasive Renal Pelvis and Ureter Urothelial Carcinoma[SEP][CLS]hypopituitarism","0"
"Louse-Borne Relapsing Fever[SEP][CLS]angiolipoma","0"
"Soft Tissue Chondroma[SEP][CLS]cholangiocarcinoma","0"
"Ceruminous Adenoma[SEP][CLS]central nervous system disease","0"
"Retinal Disorder[SEP][CLS]uterus leiomyosarcoma","0"
"Breast Medullary Carcinoma[SEP][CLS]small intestine cancer","0"
"Cardiac Neurofibroma[SEP][CLS]neurilemmoma","0"
"Uterine Corpus Myxoid Leiomyoma[SEP][CLS]chondrosarcoma","0"
"Complete Trisomy 18 Syndrome[SEP][CLS]benign ependymoma","0"
"Obsessive Compulsive Disorder[SEP][CLS]anxiety disorder","1"
"Tenosynovial Giant Cell Tumor[SEP][CLS]hepatitis","0"
"Toxoplasmosis[SEP][CLS]coccidiosis","1"
"Arthus Reaction[SEP][CLS]leiomyoma","0"
"Childhood Parosteal Osteosarcoma[SEP][CLS]intrinsic cardiomyopathy","0"
"Mitral Valve Insufficiency[SEP][CLS]acute proliferative glomerulonephritis","0"
"Liver Sarcoma[SEP][CLS]liver cancer","1"
"Vaginal Disorder[SEP][CLS]cranial nerve malignant neoplasm","0"
"Vestibular Schwannoma[SEP][CLS]parasitic protozoa infectious disease","0"
"Malignant Sphenoid Sinus Neoplasm[SEP][CLS]acanthoma","0"
"Mediastinal Lipomatosis[SEP][CLS]acute myeloid leukemia","0"
"Uterine Corpus Myxoid Leiomyoma[SEP][CLS]uterine fibroid","1"
"Learning Disorder[SEP][CLS]blood coagulation disease","0"
"Neonatal Diabetes Mellitus[SEP][CLS]renal adenoma","0"
"Rete Ovarii Adenocarcinoma[SEP][CLS]hypopharynx cancer","0"
"Accessory Nerve Neoplasm[SEP][CLS]meningeal melanoma","0"
"Bladder Clear Cell Adenocarcinoma[SEP][CLS]trigeminal nerve neoplasm","0"
"Conventional Malignant Hemangiopericytoma[SEP][CLS]pancreas disease","0"
"Anterior Foramen Magnum Meningioma[SEP][CLS]conjunctivitis","0"
"Double Outlet Right Ventricle[SEP][CLS]cerebral meningioma","0"
"Vulvar Disorder[SEP][CLS]muscular dystrophy","0"
"Dissociative Disorder[SEP][CLS]heart disease","0"
"Meniere Disease[SEP][CLS]endolymphatic hydrops","1"
"Muir-Torre Syndrome[SEP][CLS]breast fibroadenoma","0"
"Secondary Syphilis[SEP][CLS]pyoderma","0"
"Glanzmann Thrombasthenia[SEP][CLS]testicular non-seminomatous germ cell cancer","0"
"Subclavian Steal Syndrome[SEP][CLS]ovarian disease","0"
"Chondroid Chordoma[SEP][CLS]chordoma","1"
"Acanthosis Nigricans[SEP][CLS]bone marrow disease","0"
"Breast Epithelioid Hemangioma[SEP][CLS]malignant pleural mesothelioma","0"
"Nonanaplastic Kidney Wilms Tumor[SEP][CLS]carbohydrate metabolic disorder","0"
"Nevus of Ito[SEP][CLS]skin carcinoma","0"
"Aniridia[SEP][CLS]iris disease","1"
"Leri-Weill Dyschondrosteosis[SEP][CLS]pleural disease","0"
"Uterine Corpus Endometrial Stromal Sarcoma[SEP][CLS]thyroiditis","0"
"Facial Nerve Disorder[SEP][CLS]cranial nerve disease","1"
"Conjunctival Disorder[SEP][CLS]ocular melanoma","0"
"Ovarian Monodermal Teratoma[SEP][CLS]anxiety disorder","0"
"Pineocytoma[SEP][CLS]testicular malignant germ cell cancer","0"
"Retinal Arterial Branch Occlusion[SEP][CLS]glaucoma","0"
"Skin Follicular Basal Cell Carcinoma[SEP][CLS]basal cell carcinoma","1"
"Thoracic Outlet Syndrome[SEP][CLS]dermatitis","0"
"Ovarian Seromucinous Tumor[SEP][CLS]malignant mediastinal neurogenic neoplasm","0"
"Chronic Maxillary Sinusitis[SEP][CLS]fallopian tube benign neoplasm","0"
"Persistent Hyperplastic Primary Vitreous[SEP][CLS]superficial mycosis","0"
"Calcification[SEP][CLS]B-cell acute lymphoblastic leukemia","0"
"Blomstrand Type Chondrodysplasia[SEP][CLS]heart cancer","0"
"Cushing Disease[SEP][CLS]hyperpituitarism","1"
"Verrucous Papilloma[SEP][CLS]childhood ovarian germ cell tumor","0"
"Depersonalization Disorder[SEP][CLS]follicular adenoma","0"
"Eosinophilic Meningitis[SEP][CLS]interstitial lung disease","0"
"Blastic Plasmacytoid Dendritic Cell Neoplasm[SEP][CLS]glucose metabolism disease","0"
"Systemic Scleroderma[SEP][CLS]invasive bladder transitional cell carcinoma","0"
"Pancreatic Delta Cell Neuroendocrine Tumor[SEP][CLS]testicular disease","0"
"Spinal Cord Ependymoma, MYCN Amplified[SEP][CLS]primary bacterial infectious disease","0"
"Quartan Malaria[SEP][CLS]bile duct adenocarcinoma","0"
"Epithelioid Hemangioendothelioma[SEP][CLS]heart septal defect","0"
"Familial Dysautonomia[SEP][CLS]hereditary sensory neuropathy","1"
"Diffuse Cerebral Sclerosis of Schilder[SEP][CLS]adult pineal parenchymal tumor","0"
"Obstructive Nephropathy[SEP][CLS]kidney disease","1"
"Calciphylaxis[SEP][CLS]ovarian carcinoma","0"
"Klinefelter Syndrome[SEP][CLS]pulmonary emphysema","0"
"Acrofacial Dysostosis[SEP][CLS]corneal disease","0"
"Testicular Infarction[SEP][CLS]viral infectious disease","0"
"Lacrimal System Disorder[SEP][CLS]pigmentation disease","0"
"Ovarian Yolk Sac Tumor, Polyvesicular Vitelline Pattern[SEP][CLS]thyroid gland disease","0"
"WAGR Syndrome[SEP][CLS]adrenal gland pheochromocytoma","0"
"Superior Sulcus Lung Carcinoma[SEP][CLS]Pancoast tumor","1"
"Intramuscular Lipoma[SEP][CLS]Bartholin's gland carcinoma","0"
"Restless Leg Syndrome[SEP][CLS]vulva carcinoma","0"
"Acute Myeloid Leukemia with NPM1 Mutation[SEP][CLS]scleroderma","0"
"Fallopian Tube Papillary Adenocarcinoma[SEP][CLS]diabetes mellitus","0"
"Mediastinal Ganglioneuroblastoma[SEP][CLS]disease by infectious agent","0"
"Immune Complex Glomerulonephritis[SEP][CLS]glomerulonephritis","1"
"Epithelioid Leiomyosarcoma[SEP][CLS]leiomyosarcoma","1"
"Xerophthalmia[SEP][CLS]brain cancer","0"
"Fibromyalgia[SEP][CLS]fallopian tube benign neoplasm","0"
"Hereditary Kidney Wilms Tumor[SEP][CLS]eye lymphoma","0"
"Night Blindness[SEP][CLS]childhood leukemia","0"
"Orbit Rhabdomyosarcoma[SEP][CLS]orbit sarcoma","1"
"Sexual Masochism[SEP][CLS]supratentorial cancer","0"
"Intestinal Atresia[SEP][CLS]maxillary sinus cancer","0"
"Bladder Mixed Adenocarcinoma[SEP][CLS]transitional cell carcinoma","0"
"Epiretinal Membrane[SEP][CLS]vein disease","0"
"Middle Ear Disorder[SEP][CLS]adenofibroma","0"
"Renal Cell Carcinoma[SEP][CLS]myeloid neoplasm","0"
"Rectal Neoplasm[SEP][CLS]sebaceous carcinoma","0"
"Anal Glands Adenocarcinoma[SEP][CLS]liposarcoma","0"
"Parasagittal Meningioma[SEP][CLS]extraskeletal myxoid chondrosarcoma","0"
"Arachnoiditis[SEP][CLS]meningitis","1"
"Ovarian Surface Papilloma[SEP][CLS]skin disease","0"
"Angelman Syndrome[SEP][CLS]female reproductive system disease","0"
"Tetanus[SEP][CLS]irritant dermatitis","0"
"Olivopontocerebellar Atrophy[SEP][CLS]neurodegenerative disease","1"
"Iritis[SEP][CLS]paranasal sinus benign neoplasm","0"
"Epidermolysis Bullosa[SEP][CLS]glomerulonephritis","0"
"Femoral Neuropathy[SEP][CLS]cranial nerve III tumor","0"
"Uveomeningoencephalitic Syndrome[SEP][CLS]spinal cancer","0"
"Ependymoma[SEP][CLS]vulva squamous cell carcinoma","0"
"Neonatal Candidiasis[SEP][CLS]malaria","0"
"Childhood Intraocular Retinoblastoma[SEP][CLS]speech disorder","0"
"Alopecia Mucinosa[SEP][CLS]brain disease","0"
"Peripheral Motor Neuropathy[SEP][CLS]motor neuron disease","1"
"Cemento-Ossifying Fibroma[SEP][CLS]hemangiopericytoma","0"
"Childhood Ovarian Germ Cell Tumor[SEP][CLS]bone inflammation disease","0"
"Aggressive Systemic Mastocytosis[SEP][CLS]systemic mastocytosis","1"
"Cervical Intraspinal Meningioma[SEP][CLS]bladder disease","0"
"Horner Syndrome[SEP][CLS]nerve plexus neoplasm","0"
"Kabuki Syndrome[SEP][CLS]gingivitis","0"
"Skull Base Meningioma[SEP][CLS]skull base cancer","1"
"Gemistocytic Astrocytoma[SEP][CLS]strabismus","0"
"Adult Choroid Plexus Neoplasm[SEP][CLS]meningioma","0"
"Gastric Ulcer[SEP][CLS]metal metabolism disorder","0"
"Phimosis[SEP][CLS]biliary tract disease","0"
"Anuria[SEP][CLS]hepatocellular carcinoma","0"
"Idiopathic Pulmonary Fibrosis[SEP][CLS]autonomic nervous system neoplasm","0"
"Hepatic Encephalopathy[SEP][CLS]syndrome","0"
"Subendocardial Myocardial Infarction by ECG Finding[SEP][CLS]corneal disease","0"
"Malignant Testicular Germ Cell Tumor[SEP][CLS]mast cell neoplasm","0"
"Sporadic Breast Carcinoma[SEP][CLS]breast carcinoma","1"
"Dissociative Disorder[SEP][CLS]histiocytosis","0"
"Supraglottis Neoplasm[SEP][CLS]cystadenocarcinoma","0"
"Epidemic Keratoconjunctivitis[SEP][CLS]esophageal cancer","0"
"Laryngeal Squamous Papilloma[SEP][CLS]viral infectious disease","0"
"Cholangitis[SEP][CLS]autoimmune disease of skin and connective tissue","0"
"Pneumonia[SEP][CLS]endometrial adenocarcinoma","0"
"Ovarian Yolk Sac Tumor, Glandular Pattern[SEP][CLS]androgen insensitivity syndrome","0"
"Depression[SEP][CLS]papillary conjunctivitis","0"
"Microcystic/Reticular Schwannoma[SEP][CLS]neurilemmoma","1"
"Intraocular Retinoblastoma[SEP][CLS]syndrome","0"
"Follicular Helper T-Cell Lymphoma, Angioimmunoblastic-Type[SEP][CLS]myocardial infarction","0"
"Chromophobe Renal Cell Carcinoma[SEP][CLS]lipid metabolism disorder","0"
"Paraphimosis[SEP][CLS]high grade glioma","0"
"Childhood Angiosarcoma[SEP][CLS]congenital nervous system abnormality","0"
"Propionic Acidemia[SEP][CLS]acute myeloid leukemia","0"
"Chronic Eosinophilic Leukemia, Not Otherwise Specified[SEP][CLS]strabismus","0"
"Breast Inflammatory Carcinoma[SEP][CLS]anemia","0"
"Epidermolysis Bullosa Simplex[SEP][CLS]disease","0"
"Myeloid Leukemia Associated with Down Syndrome[SEP][CLS]salpingitis","0"
"Multiple Self Healing Epithelioma of Ferguson-Smith[SEP][CLS]lung adenocarcinoma","0"
"Testicular Yolk Sac Tumor, Endodermal Sinus/Perivascular Pattern[SEP][CLS]cerebrum cancer","0"
"Louse-Borne Relapsing Fever[SEP][CLS]cranial nerve III tumor","0"
"Mediastinal Leiomyosarcoma[SEP][CLS]pancreas disease","0"
"Testicular Yolk Sac Tumor, Glandular-Alveolar Pattern[SEP][CLS]iridocyclitis","0"
"Vulvar Granular Cell Tumor[SEP][CLS]GM2 gangliosidosis","0"
"Acantholytic Acanthoma[SEP][CLS]brain disease","0"
"Acute Basophilic Leukemia[SEP][CLS]prostate rhabdomyosarcoma","0"
"Mediastinal Neuroblastoma[SEP][CLS]choroid disease","0"
"Fallopian Tube Adenosarcoma[SEP][CLS]central nervous system embryonal tumor","0"
"Polyneuropathy[SEP][CLS]myeloid and lymphoid neoplasms with eosinophilia and abnormalities of PDGFRA, PDGFRB, and FGFR1","0"
"Myotonic Disorder[SEP][CLS]pituitary gland disease","0"
"Ataxia Telangiectasia Syndrome[SEP][CLS]disease of anatomical entity","0"
"Sialic Acid Storage Disease[SEP][CLS]cholangitis","0"
"Pilomyxoid Astrocytoma[SEP][CLS]uterine fibroid","0"
"Nelson Syndrome[SEP][CLS]bilirubin metabolic disorder","0"
"Cutaneous Nodular Melanoma[SEP][CLS]hepatocellular carcinoma","0"
"Chronic Leukemia[SEP][CLS]histone mutated tumor","0"
"Hereditary Ovarian Carcinoma[SEP][CLS]ovarian embryonal carcinoma","0"
"Fanconi Anemia[SEP][CLS]ocular motility disease","0"
"Mucinous Tubular and Spindle Cell Carcinoma of the Kidney[SEP][CLS]lipid storage disease","0"
"Progressive Bulbar Palsy[SEP][CLS]normocytic anemia","0"
"Contact Dermatitis[SEP][CLS]testicular cancer","0"
"Pancreatic Mucinous Cystadenocarcinoma[SEP][CLS]angiomyolipoma","0"
"Dependence[SEP][CLS]thymic carcinoma","0"
"Peripartum Cardiomyopathy[SEP][CLS]connective tissue cancer","0"
"Urinary Tract Obstruction[SEP][CLS]cerebellum cancer","0"
"Olivopontocerebellar Atrophy[SEP][CLS]hematopoietic system disease","0"
"Skull Base Meningioma[SEP][CLS]viral infectious disease","0"
"Synpolydactyly[SEP][CLS]medulloblastoma","0"
"Animal Phobia[SEP][CLS]calcinosis","0"
"Lateral Medullary Syndrome[SEP][CLS]central nervous system teratoma","0"
"Female Stress Incontinence[SEP][CLS]bladder disease","1"
"Melanotic Neuroectodermal Tumor[SEP][CLS]corneal disease","0"
"Sebaceous Gland Neoplasm[SEP][CLS]nail disease","0"
"Sleep Apnea[SEP][CLS]breast cancer","0"
"Spinocerebellar Ataxia Type 3[SEP][CLS]filariasis","0"
"Hodgkin Lymphoma[SEP][CLS]primary systemic mycosis","0"
"Synovitis[SEP][CLS]vaginal disease","0"
"Leiomyosarcoma[SEP][CLS]sweat gland cancer","0"
"Mucin-Producing Intrahepatic Cholangiocarcinoma[SEP][CLS]dermatitis","0"
"Macrocytic Anemia[SEP][CLS]invasive bladder transitional cell carcinoma","0"
"Ovarian Serous Cystadenocarcinoma[SEP][CLS]ovary adenocarcinoma","0"
"Isosporiasis[SEP][CLS]vulvar sarcoma","0"
"Hereditary Melanoma[SEP][CLS]cerebral arterial disease","0"
"Breast Adenomyoepithelial Adenosis[SEP][CLS]renal cell carcinoma","0"
"Malignant Leptomeningeal Neoplasm[SEP][CLS]fasciitis","0"
"Occipital Lobe Neoplasm[SEP][CLS]female urethral cancer","0"
"Fetishism[SEP][CLS]cauda equina neoplasm","0"
"Kidney Sarcoma[SEP][CLS]skin benign neoplasm","0"
"Central Nervous System Angiosarcoma[SEP][CLS]functioning pituitary adenoma","0"
"Vaginal Endometrioid Stromal and Related Neoplasms[SEP][CLS]retinal disease","0"
"Alkaptonuria[SEP][CLS]amino acid metabolic disorder","1"
"Ovarian Small Cell Carcinoma[SEP][CLS]ovarian carcinoma","1"
"Melanotic Neuroectodermal Tumor[SEP][CLS]anxiety disorder","0"
"Emery-Dreifuss Muscular Dystrophy[SEP][CLS]uterine ligament cancer","0"
"Breast Secretory Carcinoma[SEP][CLS]colonic benign neoplasm","0"
"Sertoli Cell Tumor[SEP][CLS]neurofibroma","0"
"Gastroschisis[SEP][CLS]meningioma","0"
"B-Cell Non-Hodgkin Lymphoma[SEP][CLS]adenoma","0"
"Intranodal Palisaded Myofibroblastoma[SEP][CLS]stomach disease","0"
"Pituitary Dwarfism[SEP][CLS]liposarcoma","0"
"Ciliary Motility Defect[SEP][CLS]sleep disorder","0"
"B Acute Lymphoblastic Leukemia with t(12;21)(p13.2;q22.1); ETV6-RUNX1[SEP][CLS]pulmonary fibrosis","0"
"Childhood Lymphoma[SEP][CLS]skin hemangioma","0"
"EBV Infection[SEP][CLS]clear cell meningioma","0"
"Kimura Disease[SEP][CLS]intrinsic cardiomyopathy","0"
"Childhood Vaginal Botryoid-Type Embryonal Rhabdomyosarcoma[SEP][CLS]breast adenocarcinoma","0"
"Central Nervous System Extraskeletal Osteosarcoma[SEP][CLS]thrombophilia","0"
"Epicardial Lipoma[SEP][CLS]arthropathy","0"
"Gangrenous Stomatitis[SEP][CLS]oral cavity cancer","0"
"Prostate Acinar Lymphoepithelioma-Like Adenocarcinoma[SEP][CLS]parathyroid adenoma","0"
"Myotonic Cataract[SEP][CLS]central nervous system mesenchymal non-meningothelial tumor","0"
"Adult Central Nervous System Germ Cell Tumor[SEP][CLS]neurilemmoma","0"
"Chronic Myelomonocytic Leukemia[SEP][CLS]nose disease","0"
"Malignant Testicular Non-Seminomatous Germ Cell Tumor[SEP][CLS]meningioma","0"
"Hidradenoma Papilliferum[SEP][CLS]myocardial infarction","0"
"Parathyroid Gland Water-Clear Cell Adenoma[SEP][CLS]B-cell lymphoma","0"
"Papillary Conjunctivitis[SEP][CLS]cerebral convexity meningioma","0"
"Intravascular Angioleiomyoma[SEP][CLS]lysosomal acid lipase deficiency","0"
"Mental Retardation, Autosomal Dominant 9[SEP][CLS]autosomal dominant intellectual developmental disorder","1"
"Hand Foot and Mouth Disease[SEP][CLS]pulmonary hypertension","0"
"Sarcomatoid Mesothelioma[SEP][CLS]disease of anatomical entity","0"
"Hemophagocytic Lymphohistiocytosis[SEP][CLS]pyelitis","0"
"Splenic Hemangioma[SEP][CLS]central nervous system teratoma","0"
"Myiasis[SEP][CLS]connective tissue cancer","0"
"Schizoaffective Disorder[SEP][CLS]lipid metabolism disorder","0"
"Angiomyolipoma[SEP][CLS]glaucoma","0"
"West Syndrome[SEP][CLS]syndrome","0"
"Megaesophagus[SEP][CLS]synovitis","0"
"Rabies[SEP][CLS]muscular dystrophy","0"
"Ovarian Solid Teratoma[SEP][CLS]congenital heart disease","0"
"Gastroenteritis[SEP][CLS]gastrointestinal system disease","1"
"Intermediate Immature Teratoma[SEP][CLS]breast adenocarcinoma","0"
"Acute Myeloid Leukemia with RUNX1 Mutation[SEP][CLS]retinal disease","0"
"Maffucci Syndrome[SEP][CLS]proteinuria","0"
"Cervicomedullary Junction Neoplasm[SEP][CLS]bone cancer","0"
"Cervical Adenomyoma, Mesonephric-Type[SEP][CLS]cervical adenomyoma","1"
"Vulvar Paget Disease[SEP][CLS]blood coagulation disease","0"
"Vulvar Verrucous Carcinoma[SEP][CLS]myeloid and lymphoid neoplasms with eosinophilia and abnormalities of PDGFRA, PDGFRB, and FGFR1","0"
"Benign Granular Cell Tumor[SEP][CLS]muscle benign neoplasm","1"
"Vaginal Glandular Neoplasm[SEP][CLS]prostate sarcoma","0"
"Apical Myocardial Infarction by ECG Finding[SEP][CLS]adrenal gland cancer","0"
"Childhood Botryoid-Type Embryonal Rhabdomyosarcoma[SEP][CLS]cranial nerve palsy","0"
"Essential Hypertension[SEP][CLS]hypertension","1"
"Embryonal Tumor with Multilayered Rosettes, C19MC-Altered[SEP][CLS]meningioma","0"
"Mucopolysaccharidosis[SEP][CLS]lysosomal storage disease","1"
"Malignant Uterine Corpus Mixed Epithelial and Mesenchymal Neoplasm[SEP][CLS]primary bacterial infectious disease","0"
"Osteosclerosis[SEP][CLS]oral cavity cancer","0"
"CIC-Rearranged Sarcoma[SEP][CLS]islet cell tumor","0"
"Renal Tubular Acidosis[SEP][CLS]peripheral nerve sheath neoplasm","0"
"Hemoglobinopathy[SEP][CLS]endometritis","0"
"Bladder Urothelial Carcinoma In Situ[SEP][CLS]epidermolysis bullosa","0"
"Protein Energy Malnutrition[SEP][CLS]physical disorder","0"
"Muir-Torre Syndrome[SEP][CLS]vulva cancer","0"
"Malignant Hypertension[SEP][CLS]inflammatory and toxic neuropathy","0"
"Extraocular Retinoblastoma[SEP][CLS]retinoblastoma","1"
"Breast Myoepitheliosis[SEP][CLS]breast myoepithelial neoplasm","1"
"Adenosquamous Carcinoma[SEP][CLS]squamous cell carcinoma","1"
"Cranial Nerve Palsy[SEP][CLS]hemangiopericytoma","0"
"Fallopian Tube Serous Cystadenofibroma[SEP][CLS]Castleman disease","0"
"Spindle Cell Rhabdomyosarcoma[SEP][CLS]ovarian clear cell adenofibroma","0"
"Limb-Girdle Muscular Dystrophy[SEP][CLS]congenital heart disease","0"
"Sexual Sadism[SEP][CLS]intrinsic cardiomyopathy","0"
"Talc Pneumoconiosis[SEP][CLS]parasitic helminthiasis infectious disease","0"
"Skin Sclerosing/Morphoeic Basal Cell Carcinoma[SEP][CLS]gastritis","0"
"Vaginal Endometrioid Stromal and Related Neoplasms[SEP][CLS]breast cancer","0"
"Liposarcoma[SEP][CLS]connective tissue cancer","1"
"Giant Cell Tumor[SEP][CLS]central nervous system disease","0"
"Childhood Disintegrative Disorder[SEP][CLS]meningioma","0"
"Dermatosis Papulosa Nigra[SEP][CLS]pancreatic carcinoma","0"
"Migraine[SEP][CLS]brain disease","1"
"Acute Myeloid Leukemia with t(8;21)(q22; q22.1); RUNX1-RUNX1T1[SEP][CLS]mediastinal cancer","0"
"Orbit Alveolar Rhabdomyosarcoma[SEP][CLS]skin benign neoplasm","0"
"Compartment Syndrome[SEP][CLS]splenic disease","0"
"Pilomyxoid Astrocytoma[SEP][CLS]immature teratoma of ovary","0"
"Acute Myocardial Infarction[SEP][CLS]larynx cancer","0"
"Melanoacanthoma[SEP][CLS]seborrheic keratosis","1"
"Beckwith-Wiedemann Syndrome[SEP][CLS]spinal cord ependymoma","0"
"Benign Lymphoepithelial Lesion of the Salivary Gland[SEP][CLS]complex regional pain syndrome","0"
"Cystic Hygroma[SEP][CLS]lymphangioma","1"
"Anaplastic Oligodendroglioma, IDH-Mutant and 1p/19q-Codeleted[SEP][CLS]nephroblastoma","0"
"Thymoma Type AB[SEP][CLS]bladder adenocarcinoma","0"
"Extrahepatic Cholestasis[SEP][CLS]cervical carcinosarcoma","0"
"Nut Allergy[SEP][CLS]cystadenocarcinoma","0"
"Polyarteritis Nodosa[SEP][CLS]prostate adenocarcinoma","0"
"C3 Deficiency[SEP][CLS]uremia","0"
"Central Neurocytoma[SEP][CLS]hemangioma","0"
"Myxedema[SEP][CLS]cerebral ventricle cancer","0"
"Myotonic Disorder[SEP][CLS]neurodegenerative disease","0"
"Hereditary Fallopian Tube Carcinoma[SEP][CLS]meningioma","0"
"Periventricular Leukomalacia[SEP][CLS]hemangiopericytoma","0"
"Central Pontine Myelinolysis[SEP][CLS]thyroid gland papillary carcinoma","0"
"Pyelonephritis[SEP][CLS]viral infectious disease","0"
"Jejunal Neoplasm[SEP][CLS]coccidiosis","0"
"Childhood Yolk Sac Tumor[SEP][CLS]thalassemia","0"
"Gray-Zone Lymphoma[SEP][CLS]benign teratoma","0"
"Tracheitis[SEP][CLS]tracheal disease","1"
"Intracranial Embryonal Tumor, Not Otherwise Specified[SEP][CLS]scrotal carcinoma","0"
"Ureter Disorder[SEP][CLS]chronic polyneuropathy","0"
"Antiphospholipid Syndrome[SEP][CLS]chronic salpingitis","0"
"Uterine Corpus Atypical Polypoid Adenomyoma[SEP][CLS]anemia","0"
"Essential Hypertension[SEP][CLS]vaginal benign neoplasm","0"
"Glottis Verrucous Carcinoma[SEP][CLS]retinoblastoma","0"
"CADASIL Syndrome[SEP][CLS]ductal carcinoma in situ","0"
"Endometrioid Stromal Sarcoma[SEP][CLS]pharynx cancer","0"
"Medulloblastoma, SHH-Activated[SEP][CLS]functioning pituitary adenoma","0"
"Junctional Epidermolysis Bullosa[SEP][CLS]idiopathic interstitial pneumonia","0"
"Corneal Ulcer[SEP][CLS]medulloblastoma","0"
"Pulmonary Valve Disorder[SEP][CLS]heart valve disease","1"
"Peripartum Cardiomyopathy[SEP][CLS]brain cancer","0"
"Erythroleukemia[SEP][CLS]malignant mesothelioma","0"
"Connective Tissue Disorder[SEP][CLS]cerebrum cancer","0"
"Scleroderma[SEP][CLS]lung carcinoma","0"
"Ulcerative Stomatitis[SEP][CLS]stomatitis","1"
"Kidney Angiomyolipoma[SEP][CLS]kidney benign neoplasm","1"
"Microsporidiosis[SEP][CLS]testis seminoma","0"
"Hypertrophic Cardiomyopathy[SEP][CLS]eye lymphoma","0"
"Primary Immune Thrombocytopenia[SEP][CLS]bone remodeling disease","0"
"Thrombophilia[SEP][CLS]carcinoma","0"
"Otitis Media[SEP][CLS]glomerulonephritis","0"
"Hallucinogen Dependence[SEP][CLS]tic disorder","0"
"Occult Lung Small Cell Carcinoma[SEP][CLS]lung small cell carcinoma","1"
"Extraocular Retinoblastoma[SEP][CLS]thyroid gland adenocarcinoma","0"
"Luminal A Breast Carcinoma[SEP][CLS]nosophobia","0"
"Small Cell Sarcoma[SEP][CLS]malignant astrocytoma","0"
"Ovarian Rhabdomyosarcoma[SEP][CLS]strabismus","0"
"Breast Intracanalicular Fibroadenoma[SEP][CLS]breast fibroadenoma","1"
"Communicating Hydrocephalus[SEP][CLS]cervical adenomyoma","0"
"Essential Tremor[SEP][CLS]endometrial disease","0"
"Ovarian Mucinous Cystadenocarcinoma[SEP][CLS]skin benign neoplasm","0"
"Refsum Disease[SEP][CLS]physical disorder","0"
"Intestinal Pseudo-Obstruction[SEP][CLS]ethmoid sinus cancer","0"
"Esophageal Small Cell Neuroendocrine Carcinoma[SEP][CLS]renal cell carcinoma","0"
"Postpartum Depression[SEP][CLS]neonatal jaundice","0"
"Chordoma[SEP][CLS]ovarian cystadenoma","0"
"Atrial Fibrillation[SEP][CLS]heart conduction disease","1"
"Myxoid Leiomyosarcoma[SEP][CLS]visual cortex disease","0"
"Tubular Adenocarcinoma[SEP][CLS]inflammatory bowel disease","0"
"Hereditary Papillary Renal Cell Carcinoma[SEP][CLS]pancreas disease","0"
"Sympathetic Schwannoma[SEP][CLS]meningioma","0"
"Variegate Porphyria[SEP][CLS]germ cell cancer","0"
"Cranial Nerve IV Palsy[SEP][CLS]cervical carcinosarcoma","0"
"Childhood Liposarcoma[SEP][CLS]medulloblastoma","0"
"Chronic Myelomonocytic Leukemia[SEP][CLS]choriocarcinoma","0"
"Female Urethral Malignant Neoplasm[SEP][CLS]optic nerve astrocytoma","0"
"Plague[SEP][CLS]hypothalamic disease","0"
"Amelanotic Cutaneous Melanoma[SEP][CLS]cerebrum cancer","0"
"Splenic Disorder[SEP][CLS]meningioma","0"
"Suprasellar Meningioma[SEP][CLS]neurodegenerative disease","0"
"Aicardi Syndrome[SEP][CLS]gastric adenocarcinoma","0"
"Childhood Astrocytic Tumor[SEP][CLS]malignant astrocytoma","1"
"Angioma Serpiginosum[SEP][CLS]hereditary lymphedema","0"
"Hemophagocytic Lymphohistiocytosis[SEP][CLS]uveal disease","0"
"Pure Red Cell Aplasia[SEP][CLS]aplastic anemia","1"
"Chronic Monocytic Leukemia[SEP][CLS]monocytic leukemia","1"
"Premature Ejaculation[SEP][CLS]thyroid gland papillary carcinoma","0"
"Bladder Diverticulum[SEP][CLS]autoimmune disease of gastrointestinal tract","0"
"Prostatitis[SEP][CLS]bile duct disease","0"
"Malignant Mixed Epithelial and Stromal Tumor of the Kidney[SEP][CLS]skull base meningioma","0"
"Bladder Mucinous Adenocarcinoma[SEP][CLS]female urethral cancer","0"
"Adenomatoid Tumor[SEP][CLS]primary thrombocytopenia","0"
"Malignant Mediastinal Hemangiopericytoma[SEP][CLS]liposarcoma","0"
"Acalculous Cholecystitis[SEP][CLS]cholestasis","0"
"Angiocentric Glioma[SEP][CLS]cervicitis","0"
"Penile Mixed Squamous Cell Carcinoma[SEP][CLS]testicular non-seminomatous germ cell cancer","0"
"Adenosarcoma[SEP][CLS]breast squamous cell carcinoma","0"
"Gastrin-Producing Neuroendocrine Tumor[SEP][CLS]uterine corpus cellular leiomyoma","0"
"Childhood Malignant Germ Cell Tumor[SEP][CLS]skin cancer","0"
"Signet Ring Cell Intrahepatic Cholangiocarcinoma[SEP][CLS]autoimmune disease of peripheral nervous system","0"
"Narcissistic Personality Disorder[SEP][CLS]aortic valve disease","0"
"Melanoacanthoma[SEP][CLS]keratosis","0"
"Smooth Muscle Neoplasm[SEP][CLS]bladder carcinoma","0"
"Pancreatic Foamy Gland Adenocarcinoma[SEP][CLS]pancreatic adenocarcinoma","1"
"Mucinous Cystadenocarcinoma[SEP][CLS]connective tissue disease","0"
"Breast Fibrosis[SEP][CLS]tongue disease","0"
"Galactosemia[SEP][CLS]anaplastic astrocytoma","0"
"Anal Margin Basal Cell Carcinoma[SEP][CLS]autonomic neuropathy","0"
"Hereditary Clear Cell Renal Cell Carcinoma[SEP][CLS]breast metaplastic carcinoma","0"
"Asbestosis[SEP][CLS]stomach cancer","0"
"Trichinosis[SEP][CLS]complement deficiency","0"
"Composite Ganglioneuroblastoma, Schwannian Stroma-Rich and Stroma-Poor[SEP][CLS]urethral benign neoplasm","0"
"Penile Urethral Malignant Neoplasm[SEP][CLS]hereditary sensory neuropathy","0"
"Pituitary Gland Infarction[SEP][CLS]pseudohypoparathyroidism","0"
"Embryonal Tumor with Multilayered Rosettes, C19MC-Altered[SEP][CLS]embryonal tumor with multilayered rosettes","1"
"Balanitis Xerotica Obliterans[SEP][CLS]primary bacterial infectious disease","0"
"Megaloblastic Anemia[SEP][CLS]inflammatory bowel disease","0"
"Paracoccidioidomycosis[SEP][CLS]malignant peripheral nerve sheath tumor","0"
"Fanconi Anemia[SEP][CLS]endodermal sinus tumor","0"
"Spindle Cell Squamous Cell Carcinoma[SEP][CLS]gastric adenocarcinoma","0"
"Gingival Disorder[SEP][CLS]breast myoepithelial neoplasm","0"
"Gerstmann-Straussler-Scheinker Disease[SEP][CLS]cervix carcinoma","0"
"Jugular Foramen Meningioma[SEP][CLS]kidney benign neoplasm","0"
"Round Cell Liposarcoma[SEP][CLS]cranial nerve malignant neoplasm","0"
"Leptospirosis[SEP][CLS]alopecia","0"
"Intramuscular Lipoma[SEP][CLS]cervical adenocarcinoma","0"
"Psammomatous Meningioma[SEP][CLS]breast myoepitheliosis","0"
"Bladder Papillary Clear Cell Adenocarcinoma[SEP][CLS]central nervous system sarcoma","0"
"Congenital Glaucoma[SEP][CLS]reflex epilepsy","0"
"Ovarian Serous Adenofibroma[SEP][CLS]pancreatic ductal adenocarcinoma","0"
"Skeletal Muscle Neoplasm[SEP][CLS]malignant olfactory nerve neoplasm","0"
"Plasma Cell Leukemia[SEP][CLS]plasma cell neoplasm","1"
"Medulloepithelioma Not Otherwise Specified[SEP][CLS]ovarian benign neoplasm","0"
"Lipoid Proteinosis of Urbach and Wiethe[SEP][CLS]viral infectious disease","0"
"Atypical Spindle Cell/Pleomorphic Lipomatous Tumor[SEP][CLS]leiomyoma","0"
"Plasmablastic Lymphoma[SEP][CLS]endocrine organ benign neoplasm","0"
"Listeriosis[SEP][CLS]endocardium disease","0"
"Carotenemia[SEP][CLS]adrenal gland disease","0"
"Arthus Reaction[SEP][CLS]salpingitis","0"
"Hypothalamic Neoplasm[SEP][CLS]ovarian cystadenoma","0"
"Conus Medullaris Neoplasm[SEP][CLS]bone benign neoplasm","0"
"Epidural Spinal Canal Neoplasm[SEP][CLS]pituitary adenoma","0"
"Maroteaux-Lamy Syndrome[SEP][CLS]movement disease","0"
"Papilledema[SEP][CLS]malignant choroid melanoma","0"
"Pancreatic Cystadenocarcinoma[SEP][CLS]pancreatic adenocarcinoma","1"
"Muir-Torre Syndrome[SEP][CLS]anal canal adenocarcinoma","0"
"Fungal Infection[SEP][CLS]pilocytic astrocytoma","0"
"Hemopericardium[SEP][CLS]amnestic disorder","0"
"Mitral Valve Insufficiency[SEP][CLS]malignant mediastinal neurogenic neoplasm","0"
"Malignant Testicular Non-Seminomatous Germ Cell Tumor[SEP][CLS]urinary system disease","0"
"Stutter[SEP][CLS]childhood electroclinical syndrome","0"
"Mixed Embryonal Carcinoma and Teratoma[SEP][CLS]ductal carcinoma in situ","0"
"Childhood Supratentorial Ependymoma, Not Otherwise Specified[SEP][CLS]cranial nerve III tumor","0"
"Kernicterus Related to Isoimmunization[SEP][CLS]neonatal jaundice","1"
"Evans Syndrome[SEP][CLS]mixed glioma","0"
"Bladder Papillary Urothelial Neoplasm[SEP][CLS]urinary tract papillary transitional cell benign neoplasm","1"
"Burning Mouth Syndrome[SEP][CLS]physical disorder","0"
"Anal Leiomyosarcoma[SEP][CLS]neurofibroma","0"
"Acute Myelomonocytic Leukemia[SEP][CLS]peripheral nervous system disease","0"
"Neuritis[SEP][CLS]stomach cancer","0"
"Appendix Neoplasm[SEP][CLS]gastrointestinal neuroendocrine benign tumor","0"
"Sideroblastic Anemia[SEP][CLS]auditory system disease","0"
"Diffuse Lipomatosis[SEP][CLS]dengue disease","0"
"Urethral Urothelial Papilloma[SEP][CLS]B-lymphoblastic leukemia/lymphoma","0"
"Childhood Brain Stem Astrocytoma[SEP][CLS]skin benign neoplasm","0"
"Sialic Acid Storage Disease[SEP][CLS]breast carcinoma","0"
"Hypertrichosis[SEP][CLS]leiomyoma","0"
"Bladder Clear Cell Adenocarcinoma[SEP][CLS]penile disease","0"
"Vulvar Apocrine Adenocarcinoma[SEP][CLS]vulva adenocarcinoma","1"
"Niemann-Pick Disease[SEP][CLS]stomach carcinoma","0"
"Autonomic Neuropathy[SEP][CLS]vascular disease","0"
"Hypertrichosis[SEP][CLS]lymphatic system cancer","0"
"Acute Myelomonocytic Leukemia[SEP][CLS]skin disease","0"
"Acrocephalosyndactyly[SEP][CLS]tuberculosis","0"
"Hepatocellular Carcinoma[SEP][CLS]breast disease","0"
"Diverticulitis[SEP][CLS]intestinal disease","1"
"Chest Wall Solitary Plasmacytoma[SEP][CLS]ovary adenocarcinoma","0"
"Mitochondrial Myopathy[SEP][CLS]myopathy","1"
"Villoglandular Endometrial Endometrioid Adenocarcinoma[SEP][CLS]ovarian small cell carcinoma","0"
"Pancreatic Serous Cystadenocarcinoma[SEP][CLS]metabolic acidosis","0"
"Leukorrhea[SEP][CLS]glomus tumor","0"
"Non-Neoplastic Reproductive System Disorder[SEP][CLS]nephroblastoma","0"
"Panhypopituitarism[SEP][CLS]peroxisomal disease","0"
"Hereditary Kidney Wilms Tumor[SEP][CLS]dermatitis","0"
"Adult Pineoblastoma[SEP][CLS]adult pineal parenchymal tumor","1"
"Scirrhous Adenocarcinoma[SEP][CLS]pancreatic cystadenocarcinoma","0"
"Bullous Pemphigoid[SEP][CLS]disorder of sexual development","0"
"Pineal Region Immature Teratoma[SEP][CLS]paranasal sinus disease","0"
"Granulocytic Sarcoma[SEP][CLS]anal margin carcinoma","0"
"Monophasic Synovial Sarcoma[SEP][CLS]medulloblastoma","0"
"Lung Lymphangioleiomyomatosis[SEP][CLS]vaginal carcinosarcoma","0"
"Carnitine Palmitoyltransferase II Deficiency[SEP][CLS]lipid metabolism disorder","1"
"Fibrous Synovial Sarcoma[SEP][CLS]central nervous system germ cell tumor","0"
"Transient Ischemic Attack[SEP][CLS]ureter transitional cell carcinoma","0"
"Olfactory Nerve Disorder[SEP][CLS]cavernous hemangioma","0"
"Malignant Melanotic Peripheral Nerve Sheath Tumor[SEP][CLS]spinal cancer","0"
"Encephalitis Lethargica[SEP][CLS]central nervous system mesenchymal non-meningothelial tumor","0"
"Childhood Conventional Osteosarcoma[SEP][CLS]leukemia","0"
"Dissociative Amnesia[SEP][CLS]dissociative disorder","1"
"Retinal Detachment[SEP][CLS]blood platelet disease","0"
"Internal Strabismus[SEP][CLS]cervical mucinous adenocarcinoma","0"
"Cutis Laxa[SEP][CLS]tooth disease","0"
"Pulmonary Hypertension[SEP][CLS]follicular adenoma","0"
"Ossifying Fibromyxoid Tumor[SEP][CLS]macrocytic anemia","0"
"Myxoid Glioneuronal Tumor[SEP][CLS]diffuse glomerulonephritis","0"
"Iritis[SEP][CLS]pharynx cancer","0"
"Male Orgasmic Disorder[SEP][CLS]male reproductive system disease","1"
"Adamantinoma[SEP][CLS]Epstein-Barr virus infectious disease","0"
"Galactocele[SEP][CLS]upper respiratory tract disease","0"
"Benign Mucous Membrane Pemphigoid[SEP][CLS]pemphigoid","1"
"Vulvar Disorder[SEP][CLS]skin glomangioma","0"
"Amebiasis[SEP][CLS]fallopian tube carcinosarcoma","0"
"Subacute Thyroiditis[SEP][CLS]fibrosarcoma","0"
"Holmes-Adie Syndrome[SEP][CLS]choriocarcinoma of the testis","0"
"Adiposis Dolorosa[SEP][CLS]congenital hemolytic anemia","0"
"Arteriosclerosis[SEP][CLS]thyroid gland carcinoma","0"
"Mature Ovarian Teratoma[SEP][CLS]marginal zone lymphoma","0"
"Trigeminal Schwannoma[SEP][CLS]personality disorder","0"
"Breast Fibrosis[SEP][CLS]spinal canal and spinal cord meningioma","0"
"Breast Fibrocystic Change[SEP][CLS]allergic conjunctivitis","0"
"Anterior Uveitis[SEP][CLS]testicular yolk sac tumor","0"
"Prostate Embryonal Rhabdomyosarcoma[SEP][CLS]epidermolysis bullosa","0"
"Spindle Cell Oncocytoma[SEP][CLS]bone resorption disease","0"
"CHARGE Syndrome[SEP][CLS]ovarian benign neoplasm","0"
"Vaginal Squamous Neoplasm[SEP][CLS]bilirubin metabolic disorder","0"
"WAGR Syndrome[SEP][CLS]substance-related disorder","0"
"Achromatopsia[SEP][CLS]thyroid gland papillary carcinoma","0"
"Vulvar Squamous Papilloma[SEP][CLS]vulvar squamous tumor","1"
"Nelson Syndrome[SEP][CLS]endocrine organ benign neoplasm","0"
"Ovarian Fetiform Teratoma[SEP][CLS]mature teratoma of the ovary","1"
"Esophageal Adenoid Cystic Carcinoma[SEP][CLS]childhood ovarian germ cell tumor","0"
"Pneumonia[SEP][CLS]lung disease","1"
"Selective IgD Immunodeficiency[SEP][CLS]cholecystitis","0"
"Maxillary Sinus Neoplasm[SEP][CLS]gastritis","0"
"Periapical Dental Abscess[SEP][CLS]nephritis","0"
"Childhood Testicular Mixed Embryonal Carcinoma and Teratoma[SEP][CLS]relapsing fever","0"
"Adiposis Dolorosa[SEP][CLS]cystic teratoma","0"
"Vulvar Dystrophy[SEP][CLS]vulvar disease","1"
"Malignant Synovial Neoplasm[SEP][CLS]botryoid rhabdomyosarcoma","0"
"Fallopian Tube Serous Papilloma[SEP][CLS]malignant astrocytoma","0"
"Bladder Diffuse Clear Cell Adenocarcinoma[SEP][CLS]breast disease","0"
"Skin Vascular Disorder[SEP][CLS]viral infectious disease","0"
"Schwannoma[SEP][CLS]kidney disease","0"
"Entrapment Neuropathy[SEP][CLS]dermatophytosis","0"
"Coccidiosis[SEP][CLS]lymphadenitis","0"
"Myxofibrosarcoma[SEP][CLS]medulloblastoma","0"
"Castleman Disease[SEP][CLS]ampulla of Vater carcinoma","0"
"Hydronephrosis[SEP][CLS]melanoma","0"
"Peritoneal Mesothelial Neoplasm[SEP][CLS]biliary tract benign neoplasm","0"
"Neurofibroma[SEP][CLS]movement disease","0"
"Meningeal Melanocytoma[SEP][CLS]nutritional deficiency disease","0"
"Syringoma[SEP][CLS]craniosynostosis","0"
"Malignant Prostate Phyllodes Tumor[SEP][CLS]prostate cancer","1"
"Spindle Cell Sarcoma[SEP][CLS]sarcoma","1"
"Adult Choroid Plexus Neoplasm[SEP][CLS]kidney benign neoplasm","0"
"Frontal Lobe Neoplasm[SEP][CLS]sebaceous carcinoma","0"
"Ethmoid Sinus Adenoid Cystic Carcinoma[SEP][CLS]skin disease","0"
"Diaphragmatic Eventration[SEP][CLS]liver benign neoplasm","0"
"Skin Undifferentiated Pleomorphic Sarcoma[SEP][CLS]gastric diffuse adenocarcinoma","0"
"Sarcomatoid Transitional Cell Carcinoma[SEP][CLS]liver benign neoplasm","0"
"Breast Intraductal Proliferative Lesion[SEP][CLS]keratitis","0"
"Macular Hole[SEP][CLS]hyperostosis","0"
"Apraxia[SEP][CLS]agnosia","1"
"Blind Loop Syndrome[SEP][CLS]corneal disease","0"
"L-Cell Glucagon-Like Peptide-Producing Neuroendocrine Tumor[SEP][CLS]islet cell tumor","0"
"Penile Paget Disease[SEP][CLS]hemangioma","0"
"Oligospermia[SEP][CLS]breast mucinous carcinoma","0"
"Fibrous Histiocytoma[SEP][CLS]histiocytoma","1"
"Idiopathic Crescentic Glomerulonephritis[SEP][CLS]clear cell meningioma","0"
"Inflammatory Bowel Disease[SEP][CLS]dysgammaglobulinemia","0"
"Olivopontocerebellar Atrophy[SEP][CLS]variable age at onset electroclinical syndrome","0"
"Botulism[SEP][CLS]sphingolipidosis","0"
"Antisocial Personality Disorder[SEP][CLS]orbital disease","0"
"Delusional Disorder[SEP][CLS]prolymphocytic leukemia","0"
"Tuberculous Laryngitis[SEP][CLS]laryngitis","1"
"Malignant Chest Wall Bone Neoplasm[SEP][CLS]trichothiodystrophy","0"
"B Lymphoblastic Leukemia/Lymphoma[SEP][CLS]testicular yolk sac tumor","0"
"Epicardial Neoplasm[SEP][CLS]benign perivascular tumor","0"
"Burning Mouth Syndrome[SEP][CLS]uterus leiomyosarcoma","0"
"Serous Surface Papillary Carcinoma[SEP][CLS]retroperitoneal sarcoma","0"
"Salpingitis[SEP][CLS]mucopolysaccharidosis","0"
"Colon Neuroendocrine Neoplasm[SEP][CLS]colonic benign neoplasm","1"
"Iris Melanoma[SEP][CLS]iris cancer","1"
"Lysinuric Protein Intolerance[SEP][CLS]neurodegenerative disease","0"
"Dedifferentiated Chondrosarcoma[SEP][CLS]chondrosarcoma","1"
"Ethmoid Sinus Papilloma[SEP][CLS]syphilis","0"
"Histiocytic and Dendritic Cell Neoplasm[SEP][CLS]reproductive organ cancer","0"
"Acute Diffuse Glomerulonephritis[SEP][CLS]uterine ligament adenocarcinoma","0"
"Pancreatic ACTH-Producing Neuroendocrine Tumor[SEP][CLS]muscle benign neoplasm","0"
"Small Intestinal Neoplasm[SEP][CLS]amino acid metabolic disorder","0"
"Hepatitis C Infection[SEP][CLS]vulvar benign neoplasm","0"
"Breast Apocrine Carcinoma[SEP][CLS]histone mutated tumor","0"
"Atherosclerosis[SEP][CLS]bone inflammation disease","0"
"Breast Squamous Cell Carcinoma, Spindle Cell Variant[SEP][CLS]heart lipoma","0"
"Mucinous Cystadenofibroma[SEP][CLS]invasive bladder transitional cell carcinoma","0"
"Mediastinal Soft Tissue Neoplasm[SEP][CLS]cervicitis","0"
"Adrenal Gland Disorder[SEP][CLS]pyelitis","0"
"Chronic Ethmoidal Sinusitis[SEP][CLS]obstructive lung disease","0"
"Hereditary Spherocytosis[SEP][CLS]primary bacterial infectious disease","0"
"Melanoma in Congenital Melanocytic Nevus[SEP][CLS]skin melanoma","1"
"Acalculous Cholecystitis[SEP][CLS]connective tissue disease","0"
"Blepharospasm[SEP][CLS]supraglottis neoplasm","0"
"Prostate Rhabdomyosarcoma[SEP][CLS]coccidiosis","0"
"Gastric Signet Ring Cell Adenocarcinoma[SEP][CLS]breast benign neoplasm","0"
"Epidural Spinal Canal Meningioma[SEP][CLS]multiple carboxylase deficiency","0"
"Bladder Obstruction[SEP][CLS]breast intraductal proliferative lesion","0"
"Meningeal Sarcomatosis[SEP][CLS]arthropathy","0"
"Klinefelter Syndrome[SEP][CLS]chromosomal duplication syndrome","1"
"Marburg Virus Disease[SEP][CLS]B cell deficiency","0"
"Chronic Ethmoidal Sinusitis[SEP][CLS]ethmoid sinusitis","1"
"Tarsal Tunnel Syndrome[SEP][CLS]chronic lymphocytic leukemia","0"
"Epidermolytic Acanthoma[SEP][CLS]mediastinal cancer","0"
"Childhood Dermatomyositis[SEP][CLS]thymoma","0"
"Middle Cranial Fossa Meningioma[SEP][CLS]viral infectious disease","0"
"Scleredema Adultorum[SEP][CLS]facial nerve disease","0"
"Esophageal Melanoma[SEP][CLS]peripheral T-cell lymphoma","0"
"Nasopharyngitis[SEP][CLS]liver disease","0"
"Visual Pathway Disorder[SEP][CLS]eye disease","1"
"Corneal Ulcer[SEP][CLS]glioblastoma","0"
"Malignant Type AB Thymoma[SEP][CLS]uterine ligament adenocarcinoma","0"
"Lung Neuroendocrine Neoplasm[SEP][CLS]motor neuron disease","0"
"Focal Embolic Glomerulonephritis[SEP][CLS]primary bacterial infectious disease","0"
"Endometrial Endometrioid Adenocarcinoma with Spindled Epithelial Cells[SEP][CLS]placenta disease","0"
"Acute Myeloid Leukemia with Maturation[SEP][CLS]vagina sarcoma","0"
"Echinococcosis[SEP][CLS]malignant mesothelioma","0"
"Reye Syndrome[SEP][CLS]bile duct adenocarcinoma","0"
"Blepharitis[SEP][CLS]eye disease","0"
"Scirrhous Adenocarcinoma[SEP][CLS]inflammatory bowel disease","0"
"Sexual Masochism[SEP][CLS]parasitic helminthiasis infectious disease","0"
"Latent Syphilis[SEP][CLS]breast adenocarcinoma","0"
"Tonsillitis[SEP][CLS]breast intraductal proliferative lesion","0"
"Breast Signet Ring Cell Carcinoma[SEP][CLS]peripheral osteosarcoma","0"
"Localized Chondrosarcoma[SEP][CLS]acquired metabolic disease","0"
"Kidney Oncocytoma[SEP][CLS]organic acidemia","0"
"Newcastle Disease[SEP][CLS]vaginal disease","0"
"Childhood Brain Stem Astrocytoma[SEP][CLS]laryngeal squamous cell carcinoma","0"
"Post-Traumatic Stress Disorder[SEP][CLS]mineral metabolism disease","0"
"Breast Neuroendocrine Neoplasm[SEP][CLS]chronic lymphocytic leukemia","0"
"Intraneural Perineurioma[SEP][CLS]perineurioma","1"
"Mature Ovarian Teratoma[SEP][CLS]testicular granulosa cell tumor","0"
"Communication Disorder[SEP][CLS]skin melanoma","0"
"Skull Neoplasm[SEP][CLS]viral infectious disease","0"
"Thoracic Aortic Aneurysm[SEP][CLS]vasculitis","0"
"Small Intestinal Neuroendocrine Neoplasm[SEP][CLS]calcinosis","0"
"Ovarian Rhabdomyosarcoma[SEP][CLS]acute myeloid leukemia","0"
"Invasive Bladder Nested Urothelial Carcinoma[SEP][CLS]invasive bladder transitional cell carcinoma","1"
"Acrodermatitis[SEP][CLS]anaplastic astrocytoma","0"
"Tactile Epilepsy[SEP][CLS]chronic leukemia","0"
"Metastatic Thyrotroph Pituitary Neuroendocrine Tumor[SEP][CLS]vaginal cancer","0"
"Breast Lobular Neoplasia[SEP][CLS]kidney sarcoma","0"
"Refractory T Lymphoblastic Leukemia/Lymphoma[SEP][CLS]vulvar benign neoplasm","0"
"Optic Nerve Disorder[SEP][CLS]heart conduction disease","0"
"Status Epilepticus[SEP][CLS]uterine benign neoplasm","0"
"Arthus Reaction[SEP][CLS]transitional cell carcinoma","0"
"Hypertensive Heart Disease[SEP][CLS]ovarian biphasic or triphasic teratoma","0"
"Adult Spinal Cord Ependymoma[SEP][CLS]color blindness","0"
"Thyroid Gland Microfollicular Adenoma[SEP][CLS]myeloproliferative neoplasm","0"
"Retinal Detachment[SEP][CLS]rhabdomyosarcoma","0"
"Addison's Disease[SEP][CLS]lacrimal gland cancer","0"
"Endometriosis[SEP][CLS]connective tissue disease","0"
"Xerophthalmia[SEP][CLS]nephroblastoma","0"
"Retroperitoneal Sarcoma[SEP][CLS]paranasal sinus cancer","0"
"Gastric Ulcer[SEP][CLS]peptic ulcer disease","1"
"von Willebrand Disease[SEP][CLS]endometrial adenocarcinoma","0"
"Venous Insufficiency[SEP][CLS]lymphadenitis","0"
"Facioscapulohumeral Muscular Dystrophy[SEP][CLS]capillary disease","0"
"Peroxisomal Acyl-CoA Oxidase Deficiency[SEP][CLS]restrictive cardiomyopathy","0"
"Undifferentiated Pleomorphic Sarcoma[SEP][CLS]pituitary gland benign neoplasm","0"
"Anisakiasis[SEP][CLS]breast sarcoma","0"
"Astroblastoma, MN1-Altered[SEP][CLS]cerebellar astrocytoma","0"
"Partial Epilepsy[SEP][CLS]viral infectious disease","0"
"Digestive System Neuroendocrine Neoplasm[SEP][CLS]apocrine sweat gland neoplasm","0"
"Angioedema[SEP][CLS]malignant ovarian surface epithelial-stromal neoplasm","0"
"Botryoid-Type Embryonal Rhabdomyosarcoma[SEP][CLS]ampulla of Vater adenocarcinoma","0"
"Epithelioid Hemangioma[SEP][CLS]rectum squamous cell carcinoma","0"
"Hirschsprung Disease[SEP][CLS]megacolon","1"
"Volkmann's Ischemic Contracture[SEP][CLS]retinal disease","0"
"Hereditary Elliptocytosis[SEP][CLS]dysgerminoma","0"
"Epidural Spinal Canal Neoplasm[SEP][CLS]aplastic anemia","0"
"Friedreich Ataxia[SEP][CLS]renal cell carcinoma","0"
"Breast Melanoma[SEP][CLS]carcinoma","0"
"Intraocular Pressure Decreased[SEP][CLS]disease of anatomical entity","0"
"Rickets[SEP][CLS]kidney disease","0"
"Anthracosilicosis[SEP][CLS]pneumoconiosis","1"
"Pancreatic Mucinous-Cystic Neoplasm with an Associated Invasive Carcinoma[SEP][CLS]mesenchymal chondrosarcoma","0"
"NUT Carcinoma[SEP][CLS]rectal disease","0"
"Ureterolithiasis[SEP][CLS]vaginal cancer","0"
"Acute Sinusitis[SEP][CLS]neuroendocrine tumor","0"
"Uremic Neuropathy[SEP][CLS]heart sarcoma","0"
"Hallucinogen Dependence[SEP][CLS]drug dependence","1"
"Angiokeratoma of Fordyce[SEP][CLS]central nervous system disease","0"
"Kidney Hemangiopericytoma[SEP][CLS]kidney cancer","1"
"Double Outlet Right Ventricle[SEP][CLS]pulmonary large cell neuroendocrine carcinoma","0"
"Gerstmann-Straussler-Scheinker Disease[SEP][CLS]lung carcinoma","0"
"Hidradenitis Suppurativa[SEP][CLS]hidradenitis","1"
"Osteomalacia[SEP][CLS]sweat gland disease","0"
"Benign Migratory Glossitis[SEP][CLS]autosomal dominant distal hereditary motor neuronopathy","0"
"Osteoporosis[SEP][CLS]nutritional deficiency disease","0"
"Telangiectatic Glomangioma[SEP][CLS]botryoid rhabdomyosarcoma","0"
"Type 2 Renal Papillary Adenoma[SEP][CLS]hemangiopericytoma","0"
"Favus[SEP][CLS]goiter","0"
"Esophageal Achalasia[SEP][CLS]primary immunodeficiency disease","0"
"Vulvar Trichoepithelioma[SEP][CLS]vulvar benign neoplasm","1"
"Scimitar Syndrome[SEP][CLS]sleep disorder","0"
"Anal Canal Cloacogenic Carcinoma[SEP][CLS]cerebellopontine angle tumor","0"
"Oral Cavity Disorder[SEP][CLS]pericardium disease","0"
"Lip Disorder[SEP][CLS]malignant peripheral nerve sheath tumor","0"
"Childhood Infratentorial Neoplasm[SEP][CLS]neuropathy","0"
"Pancreatic Mucinous-Cystic Neoplasm[SEP][CLS]skin disease","0"
"Bladder Hepatoid Adenocarcinoma[SEP][CLS]bladder benign neoplasm","0"
"Squamous Cell Neoplasm[SEP][CLS]ganglioneuroblastoma","0"
"Macrocytic Anemia[SEP][CLS]thymus cancer","0"
"Rosette-Forming Glioneuronal Tumor[SEP][CLS]rectal disease","0"
"Childhood Extraskeletal Osteosarcoma[SEP][CLS]sinusitis","0"
"Single Episode of Major Depressive Disorder[SEP][CLS]rectal disease","0"
"Oxyphilic Endometrial Endometrioid Adenocarcinoma[SEP][CLS]myocarditis","0"
"Megaesophagus[SEP][CLS]pancreatic adenocarcinoma","0"
"Tracheal Calcification[SEP][CLS]tracheal disease","1"
"Prostate Acinar Mucinous Adenocarcinoma[SEP][CLS]cranial nerve malignant neoplasm","0"
"Uveal Mixed Cell Melanoma[SEP][CLS]uveal melanoma","1"
"Malignant Hypopharyngeal Neoplasm[SEP][CLS]connective tissue disease","0"
"Cerebritis[SEP][CLS]viral infectious disease","0"
"Mononeuritis Multiplex[SEP][CLS]penis squamous cell carcinoma","0"
"Mental Retardation[SEP][CLS]ovarian benign neoplasm","0"
"Granular Cell Tumor of the Sellar Region[SEP][CLS]osteochondrosis","0"
"Acquired Color Blindness[SEP][CLS]focal epilepsy","0"
"Subacute Bacterial Endocarditis[SEP][CLS]bladder adenocarcinoma","0"
"Coronary Vasospasm[SEP][CLS]central nervous system lipoma","0"
"Bladder Mucinous Adenocarcinoma[SEP][CLS]gastric adenocarcinoma","0"
"Meningoencephalitis[SEP][CLS]low grade glioma","0"
"Tracheitis[SEP][CLS]childhood testicular mixed germ cell tumor","0"
"Acanthoma[SEP][CLS]interstitial lung disease","0"
"Polycythemia[SEP][CLS]osteosarcoma","0"
"Breast Tubular Carcinoma[SEP][CLS]breast adenocarcinoma","1"
"Tracheal Adenoid Cystic Carcinoma[SEP][CLS]leiomyoma","0"
"Breast Mucinous Cystadenocarcinoma[SEP][CLS]meningioma","0"
"Subependymal Giant Cell Astrocytoma[SEP][CLS]bone inflammation disease","0"
"Ovarian Leiomyosarcoma[SEP][CLS]hypopituitarism","0"
"Ventricular Septal Defect[SEP][CLS]uterine benign neoplasm","0"
"Cervical Intraspinal Meningioma[SEP][CLS]nasopharyngeal disease","0"
"Cervical Alveolar Soft Part Sarcoma[SEP][CLS]cervical cancer","1"
"Ornithosis[SEP][CLS]testis sarcoma","0"
"Pituitary Gland Apoplexy[SEP][CLS]disorder of sexual development","0"
"Telangiectatic Osteosarcoma[SEP][CLS]colonic disease","0"
"Spastic Diplegia[SEP][CLS]myeloid and lymphoid neoplasms with eosinophilia and abnormalities of PDGFRA, PDGFRB, and FGFR1","0"
"Mesenchymal Extraskeletal Chondrosarcoma[SEP][CLS]subglottis cancer","0"
"Selective IgD Immunodeficiency[SEP][CLS]chronic lymphocytic leukemia","0"
"Mediastinal Schwannoma[SEP][CLS]liver benign neoplasm","0"
"Hereditary Hyperbilirubinemia[SEP][CLS]IDH-mutant anaplastic astrocytoma","0"
"Leigh Disease[SEP][CLS]chromosomal duplication syndrome","0"
"Skin Nodular Basal Cell Carcinoma[SEP][CLS]liver disease","0"
"Primary Immune Thrombocytopenia[SEP][CLS]primary thrombocytopenia","1"
"Paraneoplastic Polyneuropathy[SEP][CLS]personality disorder","0"
"Central Nervous System Angiosarcoma[SEP][CLS]rhabdomyosarcoma","0"
"Cleft Palate[SEP][CLS]sex cord-gonadal stromal tumor","0"
"Syndrome of Apparent Mineralocorticoid Excess[SEP][CLS]benign mesothelioma","0"
"Glycine Encephalopathy[SEP][CLS]gastrointestinal system benign neoplasm","0"
"Pericardial Effusion[SEP][CLS]gallbladder disease","0"
"Binocular Vision Disorder[SEP][CLS]strabismus","1"
"Mediastinitis[SEP][CLS]chondroma","0"
"Subacute Bacterial Endocarditis[SEP][CLS]bone inflammation disease","0"
"Mediastinal Lipomatosis[SEP][CLS]disease of anatomical entity","0"
"Syndactyly[SEP][CLS]malignant pineal area germ cell neoplasm","0"
"Myoepithelial Tumor[SEP][CLS]autoimmune disease","0"
"Sensorineural Hearing Loss[SEP][CLS]liver cirrhosis","0"
"Peripartum Cardiomyopathy[SEP][CLS]stomach carcinoma","0"
"Stomach Disorder[SEP][CLS]male reproductive organ benign neoplasm","0"
"Bone Marrow Disorder[SEP][CLS]artery disease","0"
"Breast Atypical Papilloma[SEP][CLS]breast duct papilloma","1"
"Central Sleep Apnea[SEP][CLS]carcinosarcoma","0"
"Nonspecific Interstitial Pneumonia[SEP][CLS]acute asthma","0"
"Intestinal Atresia[SEP][CLS]apocrine sweat gland neoplasm","0"
"Lymphangioma[SEP][CLS]liver disease","0"
"Idiopathic Granulomatous Myositis[SEP][CLS]myositis","1"
"Gestational Choriocarcinoma[SEP][CLS]choriocarcinoma","1"
"Hemoglobin C Disease[SEP][CLS]cranial nerve malignant neoplasm","0"
"Mesenchymal Chondrosarcoma[SEP][CLS]gastric adenocarcinoma","0"
"Anaplastic Astrocytoma[SEP][CLS]ovarian germ cell monodermal and highly specialized teratoma","0"
"Proctitis[SEP][CLS]rectal disease","1"
"Mental Retardation, Autosomal Dominant 9[SEP][CLS]leiomyosarcoma","0"
"Encephalomalacia[SEP][CLS]prolymphocytic leukemia","0"
"Rumination Disorder[SEP][CLS]central nervous system cancer","0"
"Echolalia[SEP][CLS]myxoid chondrosarcoma","0"
"Metastatic Lactotroph Pituitary Neuroendocrine Tumor[SEP][CLS]placenta disease","0"
"Lung Hilum Neoplasm[SEP][CLS]disease of anatomical entity","0"
"Middle Cranial Fossa Meningioma[SEP][CLS]bone development disease","0"
"Mixed Glioma[SEP][CLS]synovium cancer","0"
"Colon Kaposi Sarcoma[SEP][CLS]parathyroid adenoma","0"
"Mediastinal Schwannoma[SEP][CLS]hyperparathyroidism","0"
"Rhabdoid Tumor of the Kidney[SEP][CLS]bone sarcoma","0"
"Cellular Neurofibroma[SEP][CLS]ureteral benign neoplasm","0"
"Mucinous Adenofibroma[SEP][CLS]B-lymphoblastic leukemia/lymphoma","0"
"Bronchopulmonary Dysplasia[SEP][CLS]B cell deficiency","0"
"Lung Small Cell Carcinoma[SEP][CLS]kidney sarcoma","0"
"Breast Liposarcoma[SEP][CLS]posterior pituitary gland neoplasm","0"
"Hypoglossal Nerve Neoplasm[SEP][CLS]capillary disease","0"
"Parathyroid Gland Chief Cell Adenoma[SEP][CLS]glomerulonephritis","0"
"Unstable Angina[SEP][CLS]cranial nerve palsy","0"
"Non-Communicating Hydrocephalus[SEP][CLS]eccrine sweat gland neoplasm","0"
"Gnathostomiasis[SEP][CLS]cataract","0"
"Ectopia Lentis[SEP][CLS]encephalitis","0"
"Malignant Glottis Neoplasm[SEP][CLS]neural tube defect","0"
"Primary Immune Thrombocytopenia[SEP][CLS]rectum sarcoma","0"
"Maxillary Sinusitis[SEP][CLS]leukocyte disease","0"
"Central Neurocytoma[SEP][CLS]chronic inflammation of lacrimal passage","0"
"Paranasal Sinus Disorder[SEP][CLS]osteosarcoma","0"
"Fibromyalgia[SEP][CLS]opportunistic bacterial infectious disease","0"
"Disseminated Intravascular Coagulation in Newborn[SEP][CLS]carcinoma","0"
"Babesiosis[SEP][CLS]sex cord-gonadal stromal tumor","0"
"Adult Embryonal Tumor with Multilayered Rosettes, C19MC-Altered[SEP][CLS]breast carcinoma","0"
"Acute Sinusitis[SEP][CLS]coccidiosis","0"
"Sheehan Syndrome[SEP][CLS]adenocarcinoma","0"
"Ectopia Lentis[SEP][CLS]lens disease","1"
"Severe Combined Immunodeficiency[SEP][CLS]adrenal gland pheochromocytoma","0"
"Hepatobiliary Disorder[SEP][CLS]idiopathic interstitial pneumonia","0"
"Facial Hemiatrophy[SEP][CLS]proteinuria","0"
"Benign Migratory Glossitis[SEP][CLS]thymoma","0"
"Polycythemia due to Hypoxia[SEP][CLS]impulse control disorder","0"
"Thyroid Storm[SEP][CLS]transitional cell carcinoma","0"
"Lung Abscess[SEP][CLS]fibrosarcoma","0"
"CHARGE Syndrome[SEP][CLS]syndrome","1"
"Prostate Stromal Sarcoma[SEP][CLS]penile disease","0"
"Pulmonary Embolism[SEP][CLS]tricuspid valve disease","0"
"Composite Lymphoma[SEP][CLS]acute leukemia","0"
"Gastrointestinal Stromal Tumor[SEP][CLS]intestinal disease","0"
"Cortical Blindness[SEP][CLS]tongue disease","0"
"Vulvar Syringoma[SEP][CLS]vulvar benign neoplasm","1"
"Mixed Tumor of the Salivary Gland[SEP][CLS]larynx cancer","0"
"Speech Disorder[SEP][CLS]melanoma","0"
"Posterior Pituitary Gland Neoplasm[SEP][CLS]autonomic nervous system disease","0"
"Schizophrenia[SEP][CLS]brain disease","0"
"Leiomyoma[SEP][CLS]cell type benign neoplasm","1"
"Gastric Cronkhite Canada Polyposis[SEP][CLS]stomach disease","1"
"Hemolytic Disease of the Newborn[SEP][CLS]chromosomal duplication syndrome","0"
"Luminal A Breast Carcinoma[SEP][CLS]neurofibroma","0"
"Friedreich Ataxia[SEP][CLS]autosomal recessive cerebellar ataxia","1"
"Acute Cholangitis[SEP][CLS]adult astrocytic tumor","0"
"Gastric Liposarcoma[SEP][CLS]glomerulonephritis","0"
"Friedreich Ataxia[SEP][CLS]primary hyperoxaluria","0"
"Citrullinemia[SEP][CLS]fallopian tube adenocarcinoma","0"
"Retinal Dystrophy[SEP][CLS]acute myeloid leukemia","0"
"Rosacea[SEP][CLS]viral infectious disease","0"
"Borrelia Burgdorferi Infection[SEP][CLS]myopathy","0"
"Hypercalcemic Sarcoidosis[SEP][CLS]melanoma","0"
"Primary Hyperoxaluria Type I[SEP][CLS]cystitis","0"
"Mixed Embryonal Carcinoma and Teratoma[SEP][CLS]germ cell and embryonal cancer","1"
"Rapidly Progressive Glomerulonephritis[SEP][CLS]glomerulonephritis","1"
"Follicular Dendritic Cell Sarcoma[SEP][CLS]cervix disease","0"
"Gaucher Disease[SEP][CLS]colon cancer","0"
"Pyromania[SEP][CLS]meningioma","0"
"Thymoma Type AB[SEP][CLS]ovarian mucinous adenofibroma","0"
"Skin Pseudovascular Squamous Cell Carcinoma[SEP][CLS]skin squamous cell carcinoma","1"
"Persistent Fetal Circulation[SEP][CLS]medulloblastoma non-WNT/non-SHH","0"
"Diabetes Insipidus[SEP][CLS]acute myeloid leukemia","0"
"Twin-Twin Transfusion Syndrome[SEP][CLS]tic disorder","0"
"Ceruminous Adenoma[SEP][CLS]connective tissue benign neoplasm","0"
"Pacinian Neurofibroma[SEP][CLS]ocular melanoma","0"
"Enamel Hypoplasia[SEP][CLS]malignant peripheral nerve sheath tumor","0"
"Eosinophilic Gastroenteritis[SEP][CLS]gastroenteritis","1"
"Chronic Hepatitis[SEP][CLS]stomatitis","0"
"Azoospermia[SEP][CLS]uterus leiomyosarcoma","0"
"Fallopian Tube Serous Adenocarcinoma[SEP][CLS]urea cycle disorder","0"
"Mediastinal Liposarcoma[SEP][CLS]intestinal disease","0"
"Epicardial Neoplasm[SEP][CLS]myeloid and lymphoid neoplasms with eosinophilia and abnormalities of PDGFRA, PDGFRB, and FGFR1","0"
"EWSR1-Negative Small Round Cell Tumor[SEP][CLS]cranial nerve disease","0"
"Lipid-Rich Carcinoma[SEP][CLS]second-degree atrioventricular block","0"
"Pediculosis Pubis[SEP][CLS]lung large cell carcinoma","0"
"Rapidly Progressive Glomerulonephritis[SEP][CLS]retinal disease","0"
"Extrahepatic Bile Duct Embryonal Rhabdomyosarcoma[SEP][CLS]renal cell carcinoma","0"
"Uveal Mixed Cell Melanoma[SEP][CLS]malaria","0"
"Testicular Choriocarcinoma[SEP][CLS]choriocarcinoma","1"
"Sezary Syndrome[SEP][CLS]neurilemmoma","0"
"Anuria[SEP][CLS]central nervous system embryonal tumor","0"
"Favus[SEP][CLS]renal adenoma","0"
"Anemia[SEP][CLS]carbohydrate metabolic disorder","0"
"Vulvar Sebaceous Carcinoma[SEP][CLS]mesenchymal chondrosarcoma","0"
"Apraxia[SEP][CLS]acute monocytic leukemia","0"
"Gaucher Disease[SEP][CLS]ovarian germ cell teratoma","0"
"Meningothelial Cell Neoplasm[SEP][CLS]invasive bladder transitional cell carcinoma","0"
"Thyroid Gland Oncocytic Adenoma[SEP][CLS]renal cell carcinoma","0"
"Central Nervous System Germinoma[SEP][CLS]germ cell benign neoplasm","0"
"Potocki-Lupski Syndrome[SEP][CLS]lung disease","0"
"Primary Peritoneal Serous Papillary Adenocarcinoma[SEP][CLS]penile disease","0"
"Childhood Cerebellar Astrocytoma[SEP][CLS]lens disease","0"
"Bladder Mixed Adenocarcinoma[SEP][CLS]megacolon","0"
"Pancreatic Serous Neoplasm[SEP][CLS]lymphoproliferative syndrome","0"
"Ependymoma[SEP][CLS]peroxisomal disease","0"
"Cystic Hygroma[SEP][CLS]muscular dystrophy","0"
"Complement Deficiency[SEP][CLS]duodenum cancer","0"
"Cervicitis[SEP][CLS]congenital hypoplastic anemia","0"
"Dystonia[SEP][CLS]male reproductive system disease","0"
"Genetic Disorder[SEP][CLS]disease","1"
"Bilateral Retinoblastoma[SEP][CLS]chromophil adenoma of the kidney","0"
"Meningitis[SEP][CLS]amnestic disorder","0"
"Spinal Cord Ependymoma, MYCN Amplified[SEP][CLS]leukemia","0"
"Hunter Syndrome[SEP][CLS]mucopolysaccharidosis","1"
"Proteus Syndrome[SEP][CLS]nipple carcinoma","0"
"Diffuse Sclerosing Variant Thyroid Gland Papillary Carcinoma[SEP][CLS]liver benign neoplasm","0"
"Papillary Adenofibroma[SEP][CLS]testicular yolk sac tumor","0"
"Childhood Osteosarcoma[SEP][CLS]pituitary gland disease","0"
"Slate Pneumoconiosis[SEP][CLS]benign teratoma","0"
"Testicular Yolk Sac Tumor, Hepatoid Pattern[SEP][CLS]breast sarcoma","0"
"Patent Ductus Arteriosus[SEP][CLS]spinal cancer","0"
"Medulloblastoma, Non-WNT/Non-SHH, Group 4[SEP][CLS]pancreatic cancer","0"
"Asynchronous Multifocal Osteosarcoma[SEP][CLS]female reproductive system disease","0"
"Facial Nerve Neoplasm[SEP][CLS]neurilemmoma","0"
"Mitral Valve Prolapse[SEP][CLS]cognitive disorder","0"
"Hypertensive Encephalopathy[SEP][CLS]peptic ulcer disease","0"
"Kidney Vascular Disorder[SEP][CLS]artery disease","1"
"Non-Specific Granulomatous Orchitis[SEP][CLS]medulloblastoma","0"
"Ophthalmia Neonatorum[SEP][CLS]primary bacterial infectious disease","0"
"Osteitis Fibrosa Cystica[SEP][CLS]syndrome","0"
"Petit Mal Epilepsy[SEP][CLS]hypertension","0"
"Primary Ovarian Failure[SEP][CLS]mucinous cystadenocarcinoma of pancreas","0"
"Chronic Salpingitis[SEP][CLS]palmoplantar keratosis","0"
"Aromatic L-Amino-Acid Decarboxylase Deficiency[SEP][CLS]kidney benign neoplasm","0"
"Hymenolepiasis[SEP][CLS]malignant pleural mesothelioma","0"
"Solitary Reticulohistiocytoma[SEP][CLS]hemorrhagic disease","0"
"Transient Global Amnesia[SEP][CLS]splenic disease","0"
"Chronic Fatigue Syndrome[SEP][CLS]reactive cutaneous fibrous lesion","0"
"Brachial Plexus Neoplasm[SEP][CLS]hereditary sensory neuropathy","0"
"Epidermolysis Bullosa Simplex[SEP][CLS]breast sarcoma","0"
"Lecithin Acyltransferase Deficiency[SEP][CLS]periodontitis","0"
"Dissociative Disorder[SEP][CLS]myositis","0"
"Neuroblastoma[SEP][CLS]hepatocellular carcinoma","0"
"Malignant Small Intestinal Neoplasm[SEP][CLS]physical disorder","0"
"Cerebritis[SEP][CLS]parasitic helminthiasis infectious disease","0"
"Balanitis Xerotica Obliterans[SEP][CLS]vulva adenocarcinoma","0"
"Cardiac Tamponade[SEP][CLS]pericardial effusion","1"
"Thyroid Gland Hyalinizing Trabecular Tumor[SEP][CLS]myositis","0"
"Hypersensitivity[SEP][CLS]pneumonia","0"
"Eccrine Neoplasm[SEP][CLS]osteosclerosis","0"
"Prolymphocytic Leukemia[SEP][CLS]pituitary adenoma","0"
"Maroteaux-Lamy Syndrome[SEP][CLS]syndrome","0"
"Peroneal Nerve Paralysis[SEP][CLS]phlebitis","0"
"Pancreatic Acinar Cell Carcinoma[SEP][CLS]retinal cell cancer","0"
"Central Nervous System Extraskeletal Osteosarcoma[SEP][CLS]cardiovascular system disease","0"
"Maxillary Sinusitis[SEP][CLS]extrahepatic bile duct adenocarcinoma","0"
"Exocervical Carcinoma[SEP][CLS]respiratory failure","0"
"Intramuscular Lipoma[SEP][CLS]extrahepatic bile duct carcinoma","0"
"Vitamin B1 Deficiency[SEP][CLS]systemic mastocytosis","0"
"Schizophreniform Disorder[SEP][CLS]artery disease","0"
"Chondroblastic Osteosarcoma[SEP][CLS]testis seminoma","0"
"Childhood Central Nervous System Choriocarcinoma[SEP][CLS]lipomatosis","0"
"Inflammatory Bowel Disease[SEP][CLS]eye lymphoma","0"
"Pulmonary Valvular Insufficiency[SEP][CLS]pulmonary valve disease","1"
"Microscopic Colitis[SEP][CLS]functioning pituitary adenoma","0"
"Orchitis[SEP][CLS]hereditary renal cell carcinoma","0"
"Severe Acute Respiratory Syndrome[SEP][CLS]meningioma","0"
"Intrahepatic Bile Duct Adenoma[SEP][CLS]parasitic helminthiasis infectious disease","0"
"Childhood Brain Stem Astrocytoma[SEP][CLS]childhood brain stem glioma","1"
"Synchronous Bilateral Breast Carcinoma[SEP][CLS]anemia","0"
"Hereditary Spastic Paraplegia[SEP][CLS]strabismus","0"
"Rectal Rhabdomyosarcoma[SEP][CLS]rectum sarcoma","1"
"Bladder Papillary Clear Cell Adenocarcinoma[SEP][CLS]blood coagulation disease","0"
"Seizure Disorder[SEP][CLS]plasmacytoma","0"
"Conus Medullaris Neoplasm[SEP][CLS]cerebral convexity meningioma","0"
"Ethmoid Sinus Neoplasm[SEP][CLS]colon adenocarcinoma","0"
"Hidradenoma Papilliferum[SEP][CLS]cervical mucinous adenocarcinoma","0"
"Hyperimmunoglobulin Syndrome[SEP][CLS]choroid disease","0"
"Parietal Lobe Neoplasm[SEP][CLS]cerebrum cancer","1"
"Hypersplenism[SEP][CLS]medulloblastoma","0"
"Pulmonary Edema[SEP][CLS]respiratory failure","1"
"Renal Papillary Adenoma[SEP][CLS]thyroid gland papillary carcinoma","0"
"Childhood Kidney Angiomyolipoma[SEP][CLS]primary bacterial infectious disease","0"
"Thrombophilia[SEP][CLS]cranial nerve palsy","0"
"Ovarian Wilms Tumor[SEP][CLS]colon sarcoma","0"
"Galactokinase Deficiency[SEP][CLS]hallucinogen dependence","0"
"Hepatoerythropoietic Porphyria[SEP][CLS]breast benign neoplasm","0"
"Breast Sclerosing Papilloma[SEP][CLS]deep keratitis","0"
"Lymph Node Disorder[SEP][CLS]dental pulp disease","0"
"Chondroma[SEP][CLS]breast benign neoplasm","0"
"Mesothelioma[SEP][CLS]colitis","0"
"Breast Intraductal Papillomatosis[SEP][CLS]hematopoietic system disease","0"
"Peroneal Nerve Paralysis[SEP][CLS]cervical adenocarcinoma","0"
"Ethmoidal Sinusitis[SEP][CLS]mediastinal cancer","0"
"Childhood Angiosarcoma[SEP][CLS]psoriasis","0"
"Primary Lateral Sclerosis[SEP][CLS]nephrolithiasis","0"
"Achromatopsia[SEP][CLS]color blindness","1"
"Threatened Abortion[SEP][CLS]larynx cancer","0"
"Hemophagocytic Lymphohistiocytosis[SEP][CLS]mitochondrial encephalomyopathy","0"
"Uric Acid Urolithiasis[SEP][CLS]glomerulonephritis","0"
"Multidrug-Resistant Tuberculosis[SEP][CLS]vaginal disease","0"
"Nevus of Ito[SEP][CLS]urinary system disease","0"
"Adult Extraskeletal Myxoid Chondrosarcoma[SEP][CLS]acute myeloid leukemia","0"
"Sturge-Weber Syndrome[SEP][CLS]liver disease","0"
"Cutaneous Schwannoma[SEP][CLS]neuropathy","0"
"Esophageal Granular Cell Tumor[SEP][CLS]liposarcoma","0"
"Musculoskeletal Disorder[SEP][CLS]physical disorder","0"
"Combined Lung Small Cell and Squamous Cell Carcinoma[SEP][CLS]syndrome","0"
"Candidiasis[SEP][CLS]nephritis","0"
"Corneal Ulcer[SEP][CLS]keratitis","1"
"Juvenile Xanthogranuloma[SEP][CLS]bartonellosis","0"
"Breast Leiomyosarcoma[SEP][CLS]chronic lymphocytic leukemia/small lymphocytic lymphoma","0"
"Ovarian Serous Cystadenofibroma[SEP][CLS]bladder adenocarcinoma","0"
"Spinal Cord Astrocytoma[SEP][CLS]germ cell and embryonal cancer","0"
"Adult Acute Monocytic Leukemia[SEP][CLS]chromosomal deletion syndrome","0"
"Extraventricular Neurocytoma[SEP][CLS]rhabdoid cancer","0"
"Asbestosis[SEP][CLS]adolescence-adult electroclinical syndrome","0"
"Rickets[SEP][CLS]syndrome","0"
"Molluscum Contagiosum Virus Infection[SEP][CLS]disease of anatomical entity","0"
"Hypertrophic Cardiomyopathy[SEP][CLS]disease of metabolism","0"
"Remnant Hyperlipidemia[SEP][CLS]familial hyperlipidemia","1"
"Breast Sclerosing Papilloma[SEP][CLS]hemangioma","0"
"Serous Surface Papillary Carcinoma[SEP][CLS]chondrosarcoma","0"
"Splenic Manifestation of Hairy Cell Leukemia[SEP][CLS]splenic manifestation of leukemia","1"
"Psychiatric Disorder[SEP][CLS]primary bacterial infectious disease","0"
"Myeloid/Lymphoid Neoplasms with PDGFRA Rearrangement[SEP][CLS]thyroid gland carcinoma","0"
"Cervical Adenoid Cystic Carcinoma[SEP][CLS]malignant astrocytoma","0"
"Endocervicitis[SEP][CLS]endometrial disease","0"
"IgA Nephropathy[SEP][CLS]salivary gland disease","0"
"Patent Ductus Arteriosus[SEP][CLS]vulva adenocarcinoma","0"
"Colon Lymphangioma[SEP][CLS]mature teratoma of the ovary","0"
"Telogen Effluvium[SEP][CLS]acute myeloid leukemia","0"
"Fredrickson Type IV Lipidemia[SEP][CLS]retinal artery occlusion","0"
"Choroid Plexus Neoplasm[SEP][CLS]leiomyosarcoma","0"
"Myotonic Dystrophy[SEP][CLS]vitamin metabolic disorder","0"
"Ganglioneuroblastoma[SEP][CLS]nephroblastoma","0"
"Malignant Ovarian Germ Cell Tumor[SEP][CLS]childhood brain stem glioma","0"
"Partial Epilepsy[SEP][CLS]skin disease","0"
"Ureter Disorder[SEP][CLS]urinary system disease","1"
"Thyrotoxicosis[SEP][CLS]thyroid gland disease","1"
"Inflammatory Leiomyosarcoma[SEP][CLS]pineal region teratoma","0"
"Spinal Multifocal Clear Cell Meningioma[SEP][CLS]spinal canal and spinal cord meningioma","1"
"Childhood Hepatocellular Carcinoma[SEP][CLS]substance-related disorder","0"
"Urachal Urothelial Carcinoma[SEP][CLS]pericardium disease","0"
"Breast Fibrosarcoma[SEP][CLS]tic disorder","0"
"Tracheal Calcification[SEP][CLS]breast adenocarcinoma","0"
"Adult Mesenchymal Chondrosarcoma[SEP][CLS]uterine body mixed cancer","0"
"Pressure Sore[SEP][CLS]chronic ulcer of skin","1"
"Ataxia Telangiectasia Syndrome[SEP][CLS]central nervous system embryonal tumor","0"
"Pars Planitis[SEP][CLS]acute lymphoblastic leukemia","0"
"Spindle Cell Sarcoma[SEP][CLS]peritoneal carcinoma","0"
"Anaplastic Oligodendroglioma, IDH-Mutant and 1p/19q-Codeleted[SEP][CLS]Guillain-Barre syndrome","0"
"Childhood Central Nervous System Mature Teratoma[SEP][CLS]sweat gland disease","0"
"Early Invasive Cervical Squamous Cell Carcinoma[SEP][CLS]parathyroid adenoma","0"
"Granular Cell Leiomyosarcoma[SEP][CLS]breast adenocarcinoma","0"
"Petroclival Meningioma[SEP][CLS]glossopharyngeal nerve disease","0"
"Choroid Disorder[SEP][CLS]lymphoproliferative syndrome","0"
"Vagus Nerve Neoplasm[SEP][CLS]congenital hemolytic anemia","0"
"Mediastinal Neurogenic Neoplasm[SEP][CLS]meningioma","0"
"Dumping Syndrome[SEP][CLS]acute kidney failure","0"
"Trabecular Adenocarcinoma[SEP][CLS]skin carcinoma","1"
"Conn Syndrome[SEP][CLS]mixed glioma","0"
"Conventional Malignant Hemangiopericytoma[SEP][CLS]lung small cell carcinoma","0"
"Syringocystadenoma Papilliferum[SEP][CLS]upper respiratory tract disease","0"
"Localized Scleroderma[SEP][CLS]embryonal tumor with multilayered rosettes, C19MC-altered","0"
"Diaphragmatic Eventration[SEP][CLS]syndrome","0"
"Food Allergy[SEP][CLS]gastrointestinal allergy","1"
"Childhood Testicular Mixed Germ Cell Tumor[SEP][CLS]mixed testicular germ cell tumor","1"
"Extraskeletal Osteosarcoma[SEP][CLS]meningioma","0"
"Vulvar Alveolar Soft Part Sarcoma[SEP][CLS]pericardium cancer","0"
"Congenital Cortical Hyperostosis[SEP][CLS]physical disorder","0"
"Acute Endometritis[SEP][CLS]chromophobe renal cell carcinoma","0"
"Malignant Smooth Muscle Neoplasm[SEP][CLS]mediastinal cancer","0"
"Angle Closure Glaucoma[SEP][CLS]peripheral osteosarcoma","0"
"Candidiasis[SEP][CLS]opportunistic mycosis","1"
"Malignant Neoplasm of Lower Jaw Bone[SEP][CLS]viral infectious disease","0"
"Placenta Previa[SEP][CLS]focal epilepsy","0"
"Kidney Disorder[SEP][CLS]kidney failure","0"
"Agnosia[SEP][CLS]ampulla of Vater adenocarcinoma","0"
"Monkeypox[SEP][CLS]penile disease","0"
"Reticulosarcoma[SEP][CLS]lymphatic system cancer","1"
"Lassa Fever[SEP][CLS]viral infectious disease","1"
"Testicular Fibroma[SEP][CLS]hypoglycemia","0"
"Irritable Bowel Syndrome[SEP][CLS]intestinal disease","1"
"Orbital Cellulitis[SEP][CLS]acute myeloid leukemia","0"
"Hemolytic Uremic Syndrome[SEP][CLS]mood disorder","0"
"Nutritional Disorder[SEP][CLS]dermatitis","0"
"Venezuelan Equine Fever[SEP][CLS]autoimmune disease of endocrine system","0"
"Benign Migratory Glossitis[SEP][CLS]dermatitis","0"
"Broad Ligament Adenocarcinoma[SEP][CLS]acute conjunctivitis","0"
"Macrocytic Anemia[SEP][CLS]vulvar benign neoplasm","0"
"Cerebral Embryonal Tumor, Not Otherwise Specified[SEP][CLS]invasive bladder transitional cell carcinoma","0"
"Placenta Accreta[SEP][CLS]placenta disease","1"
"Hyperthyroxinemia[SEP][CLS]syndrome","0"
"Panic Disorder[SEP][CLS]kidney cancer","0"
"Castleman Disease[SEP][CLS]stromal dystrophy","0"
"Cervical Poorly Differentiated Adenosquamous Carcinoma[SEP][CLS]bone inflammation disease","0"
"Progressive Bulbar Palsy[SEP][CLS]vulva adenocarcinoma","0"
"Latent Syphilis[SEP][CLS]syphilis","1"
"Penile Fibromatosis[SEP][CLS]penile disease","1"
"Mesenchymoma[SEP][CLS]breast carcinoma","0"
"Mixed Cellularity Classic Hodgkin Lymphoma[SEP][CLS]urinary system disease","0"
"Vulvar Syringoma[SEP][CLS]pilocytic astrocytoma","0"
"Childhood Vulvar Botryoid-Type Embryonal Rhabdomyosarcoma[SEP][CLS]synucleinopathy","0"
"Fibrous Synovial Sarcoma[SEP][CLS]congenital nervous system abnormality","0"
"Neuropathy[SEP][CLS]parathyroid gland disease","0"
"Epiglottis Neoplasm[SEP][CLS]small intestine cancer","0"
"Ovarian Papillary Tumor[SEP][CLS]invasive bladder transitional cell carcinoma","0"
"Partial Motor Seizure[SEP][CLS]sweat gland cancer","0"
"Cardiac Leiomyosarcoma[SEP][CLS]heart valve disease","0"
"Primary Parapharyngeal Meningioma[SEP][CLS]endocrine organ benign neoplasm","0"
"Ectodermal Dysplasia[SEP][CLS]retinal detachment","0"
"Fallopian Tube Serous Papilloma[SEP][CLS]diabetic retinopathy","0"
"Laryngeal Neuroendocrine Neoplasm[SEP][CLS]hemangioma","0"
"Ascariasis[SEP][CLS]peroxisomal disease","0"
"Mesenchymal Chondrosarcoma[SEP][CLS]central nervous system benign neoplasm","0"
"Perthes Disease[SEP][CLS]skull base chordoma","0"
"Familial Dysautonomia[SEP][CLS]cognitive disorder","0"
"Malignant Ovarian Germ Cell Tumor[SEP][CLS]brain disease","0"
"Subglottis Neoplasm[SEP][CLS]pineal gland cancer","0"
"Lymphoplasmacyte-Rich Meningioma[SEP][CLS]meningioma","1"
"Kluver-Bucy Syndrome[SEP][CLS]impulse control disorder","1"
"Non-Muscle Invasive Bladder Carcinoma[SEP][CLS]cervical adenocarcinoma","0"
"Hypohidrosis[SEP][CLS]lung carcinoma","0"
"Hereditary Papillary Renal Cell Carcinoma[SEP][CLS]hereditary renal cell carcinoma","1"
"Anaplastic Pleomorphic Xanthoastrocytoma[SEP][CLS]vitreous disease","0"
"Parathyroid Gland Disorder[SEP][CLS]esophageal carcinoma","0"
"Ethmoid Sinus Papilloma[SEP][CLS]retinal vein occlusion","0"
"Prostatitis[SEP][CLS]mitral valve disease","0"
"Adrenocortical Insufficiency[SEP][CLS]pulmonary hypertension","0"
"Choriocarcinoma[SEP][CLS]pancreatic cystadenoma","0"
"Extrahepatic Bile Duct Adenocarcinoma[SEP][CLS]acute biphenotypic leukemia","0"
"Endosalpingiosis[SEP][CLS]endometriosis","1"
"Skin Acantholytic Squamous Cell Carcinoma[SEP][CLS]craniopharyngioma","0"
"Pleomorphic Xanthoastrocytoma[SEP][CLS]leiomyosarcoma","0"
"Splenic Manifestation of Hairy Cell Leukemia[SEP][CLS]ovarian clear cell adenofibroma","0"
"Ectopic Pregnancy[SEP][CLS]sclerosing cholangitis","0"
"Cryptogenic Organizing Pneumonia[SEP][CLS]breast adenocarcinoma","0"
"Bullous Keratopathy[SEP][CLS]chondroma","0"
"Ceruminous Adenocarcinoma[SEP][CLS]apocrine carcinoma","1"
"Vulvar Melanoma[SEP][CLS]viral infectious disease","0"
"Balantidiasis[SEP][CLS]prostate sarcoma","0"
"Neuropathy, Hereditary Sensory and Autonomic, Type I[SEP][CLS]lipid storage disease","0"
"Sebaceous Adenoma[SEP][CLS]glucose metabolism disease","0"
"Synovial Neoplasm[SEP][CLS]primary bacterial infectious disease","0"
"Grade I Lymphomatoid Granulomatosis[SEP][CLS]ovarian carcinoma","0"
"Physiological Polycythemia[SEP][CLS]polycythemia","1"
"Diffuse Cerebral Sclerosis of Schilder[SEP][CLS]multiple sclerosis","1"
"Juvenile Myoclonic Epilepsy[SEP][CLS]invasive bladder transitional cell carcinoma","0"
"Glottis Neoplasm[SEP][CLS]pervasive developmental disorder","0"
"Ovarian Carcinosarcoma[SEP][CLS]salivary gland disease","0"
"Splenic Manifestation of Hairy Cell Leukemia[SEP][CLS]acute porphyria","0"
"Asbestosis[SEP][CLS]pneumoconiosis","1"
"Louse-Borne Relapsing Fever[SEP][CLS]breast benign neoplasm","0"
"Antisocial Personality Disorder[SEP][CLS]chronic orbital inflammation","0"
"Extraskeletal Ewing Sarcoma[SEP][CLS]neurilemmoma","0"
"Renal Pelvis Urothelial Papilloma[SEP][CLS]splenic manifestation of leukemia","0"
"Mediastinal Rhabdomyosarcoma[SEP][CLS]leiomyoma","0"
"Desmoplastic Small Round Cell Tumor[SEP][CLS]hypertension","0"
"Adenocarcinoma[SEP][CLS]congenital nervous system abnormality","0"
"Childhood Vulvar Botryoid-Type Embryonal Rhabdomyosarcoma[SEP][CLS]sweat gland cancer","0"
"Familial Periodic Paralysis[SEP][CLS]vaginal cancer","0"
"Progressive Familial Intrahepatic Cholestasis[SEP][CLS]benign teratoma","0"
"Transient Arthropathy[SEP][CLS]retroperitoneal sarcoma","0"
"Uterine Corpus Myxoid Leiomyosarcoma[SEP][CLS]nephroblastoma","0"
"Conn Syndrome[SEP][CLS]lymphatic system disease","0"
"Hypercortisolemia[SEP][CLS]adrenal gland disease","1"
"Generalized Anxiety Disorder[SEP][CLS]anxiety disorder","1"
"Pilomatrical Carcinoma[SEP][CLS]ovarian germ cell cancer","0"
"Chronic Atrophic Gastritis[SEP][CLS]coccidiosis","0"
"Cervical Endometrioid Stromal and Related Neoplasms[SEP][CLS]cervical cancer","1"
"Volkmann's Ischemic Contracture[SEP][CLS]bile duct carcinoma","0"
"Adult Liposarcoma[SEP][CLS]yaws","0"
"Moyamoya Disease[SEP][CLS]hematologic cancer","0"
"Glomeruloid Hemangioma[SEP][CLS]neuropathy","0"
"Kernicterus Related to Isoimmunization[SEP][CLS]complement deficiency","0"
"Breast Rhabdomyosarcoma[SEP][CLS]hepatoblastoma","0"
"Cardiac Sarcoidosis[SEP][CLS]sarcoidosis","1"
"Corticotroph Pituitary Neuroendocrine Tumor[SEP][CLS]bile duct disease","0"
"Esophageal Verrucous Carcinoma[SEP][CLS]ovarian germ cell teratoma","0"
"Mastitis[SEP][CLS]cerebral ventricle cancer","0"
"Mixed Cell Type Kidney Wilms Tumor[SEP][CLS]viral infectious disease","0"
"Grade I Lymphomatoid Granulomatosis[SEP][CLS]syphilis","0"
"Alpha-Mannosidosis[SEP][CLS]lysosomal storage disease","1"
"Testicular Rhabdomyosarcoma[SEP][CLS]amino acid metabolic disorder","0"
"Petroclival Meningioma[SEP][CLS]Bartholin's gland carcinoma","0"
"Biphasic Pulmonary Blastoma[SEP][CLS]collagen disease","0"
"Obstructive Nephropathy[SEP][CLS]viral infectious disease","0"
"Posterior Fossa Ependymoma, Group B (PFB)[SEP][CLS]pleural empyema","0"
"Yaws[SEP][CLS]glottis squamous cell carcinoma","0"
"Breast Large Cell Neuroendocrine Carcinoma[SEP][CLS]pericardium disease","0"
"Ureterolithiasis[SEP][CLS]lymphatic system disease","0"
"Immune Complex Glomerulonephritis[SEP][CLS]retinal cell cancer","0"
"Pseudohypoaldosteronism[SEP][CLS]central nervous system germ cell tumor","0"
"Dandy-Walker Malformation[SEP][CLS]disease of mental health","0"
"Testicular Yolk Sac Tumor, Myxomatous Pattern[SEP][CLS]trypanosomiasis","0"
"Cranial Nerve IX Palsy[SEP][CLS]communication disorder","0"
"Testicular Yolk Sac Tumor[SEP][CLS]dermatophytosis","0"
"Venezuelan Equine Fever[SEP][CLS]viral infectious disease","1"
"Postpartum Depression[SEP][CLS]psychosexual disorder","0"
"Neonatal Thyrotoxicosis[SEP][CLS]thiamine deficiency disease","0"
"Nonspecific Interstitial Pneumonia[SEP][CLS]peripheral nervous system disease","0"
"Chondroid Chordoma[SEP][CLS]colon cancer","0"
"Mixed Germ Cell Tumor[SEP][CLS]multiple myeloma","0"
"Adult Teratoma[SEP][CLS]benign teratoma","1"
"Plasmablastic Lymphoma[SEP][CLS]uveitis","0"
"Intestinal Pseudo-Obstruction[SEP][CLS]microscopic colitis","0"
"Paraphimosis[SEP][CLS]breast benign neoplasm","0"
"Anthracosis[SEP][CLS]pneumoconiosis","1"
"Testicular Seminoma, Tubular Variant[SEP][CLS]brain stem cancer","0"
"Oncocytic Adenoma[SEP][CLS]sigmoid colon cancer","0"
"Lung Small Cell Carcinoma[SEP][CLS]retinal artery occlusion","0"
"Prediabetes[SEP][CLS]placenta disease","0"
"Hair Disorder[SEP][CLS]stomach cancer","0"
"Alopecia[SEP][CLS]melanoma","0"
"Epithelial Predominant Pulmonary Blastoma[SEP][CLS]meningioma","0"
"Peripheral Retinal Degeneration[SEP][CLS]vascular disease","0"
"Thrombocytopenia Due to Immune Destruction[SEP][CLS]nephroblastoma","0"
"Chondroblastic Osteosarcoma[SEP][CLS]osteosarcoma","1"
"Nevus of Ito[SEP][CLS]chondrosarcoma","0"
"Carcinoma Arising in Nasal Papillomatosis[SEP][CLS]cauda equina neoplasm","0"
"Blackwater Fever[SEP][CLS]synovium cancer","0"
"Bartholin Gland Transitional Cell Carcinoma[SEP][CLS]complex regional pain syndrome","0"
"Complement Deficiency[SEP][CLS]primary immunodeficiency disease","1"
"Superior Mesenteric Artery Syndrome[SEP][CLS]high grade ependymoma","0"
"Incontinentia Pigmenti[SEP][CLS]renal cell carcinoma","0"
"Urethral Diverticulum[SEP][CLS]cardiovascular organ benign neoplasm","0"
"Gastric Liposarcoma[SEP][CLS]tricuspid valve disease","0"
"Osteosclerosis[SEP][CLS]paraphilia disorder","0"
"Frontal Convexity Meningioma[SEP][CLS]orbital disease","0"
"Childhood Extraskeletal Myxoid Chondrosarcoma[SEP][CLS]myxoid chondrosarcoma","1"
"Kimura Disease[SEP][CLS]glioblastoma","0"
"Diffuse Cutaneous Systemic Sclerosis[SEP][CLS]glomerulonephritis","0"
"Coronary Artery Aneurysm[SEP][CLS]lymphatic system disease","0"
"Lacrimal System Disorder[SEP][CLS]bladder clear cell adenocarcinoma","0"
"Prostate Embryonal Rhabdomyosarcoma[SEP][CLS]basal cell carcinoma","0"
"Lens Subluxation[SEP][CLS]tinea capitis","0"
"Skin Undifferentiated Pleomorphic Sarcoma[SEP][CLS]invasive bladder transitional cell carcinoma","0"
"Nasopharyngeal-Type Undifferentiated Carcinoma[SEP][CLS]carcinoma","1"
"Childhood Infratentorial Ependymoma[SEP][CLS]scleral disease","0"
"Acute Basophilic Leukemia[SEP][CLS]thyroid gland disease","0"
"Childhood Germ Cell Tumor[SEP][CLS]pneumoconiosis","0"
"Hemochromatosis[SEP][CLS]choriocarcinoma","0"
"Localized Scleroderma[SEP][CLS]fallopian tube cancer","0"
"Autism[SEP][CLS]squamous cell carcinoma","0"
"Autoimmune Polyendocrinopathy Syndrome[SEP][CLS]endocardium disease","0"
"Biphasic Mesothelioma[SEP][CLS]malignant mesothelioma","1"
"Non-Functioning Pancreatic Neuroendocrine Tumor[SEP][CLS]disease of anatomical entity","0"
"Ectopia Lentis[SEP][CLS]kidney disease","0"
"Childhood Yolk Sac Tumor[SEP][CLS]cognitive disorder","0"
"Pancreatic Non-Invasive Mucinous Cystadenocarcinoma[SEP][CLS]sinoatrial node disease","0"
"Suppurative Cholangitis[SEP][CLS]myotonic disease","0"
"Acquired Hemangioma[SEP][CLS]neuroendocrine tumor","0"
"Citrullinemia[SEP][CLS]testicular germ cell cancer","0"
"Adult Acute Monocytic Leukemia[SEP][CLS]gastric diffuse adenocarcinoma","0"
"Urethritis[SEP][CLS]keratitis","0"
"Acute Megakaryoblastic Leukemia[SEP][CLS]ovarian dysfunction","0"
"Retinitis Pigmentosa[SEP][CLS]cholangitis","0"
"Laryngeal Squamous Papilloma[SEP][CLS]low grade glioma","0"
"Nodular Fasciitis[SEP][CLS]pseudosarcomatous fibromatosis","0"
"Uterine Corpus Endometrial Stromal Sarcoma[SEP][CLS]gastritis","0"
"Myelitis[SEP][CLS]infratentorial cancer","0"
"Papillary Adenoma[SEP][CLS]bone osteosarcoma","0"
"Transitional Meningioma[SEP][CLS]meningioma","1"
"Mycosis Fungoides[SEP][CLS]sweat gland cancer","0"
"Colitis[SEP][CLS]malignant astrocytoma","0"
"Vulvar Apocrine Adenocarcinoma[SEP][CLS]Crohn's disease","0"
"Conjunctivitis[SEP][CLS]eye disease","0"
"Cryptogenic Organizing Pneumonia[SEP][CLS]fallopian tube cancer","0"
"Histiocytic and Dendritic Cell Neoplasm[SEP][CLS]hematologic cancer","1"
"Epithelioid Hemangioendothelioma[SEP][CLS]non-Hodgkin lymphoma","0"
"Creutzfeldt-Jakob Disease[SEP][CLS]vasculitis","0"
"Eosinophilic Meningitis[SEP][CLS]chronic meningitis","1"
"Gastric Papillary Adenocarcinoma[SEP][CLS]gastric adenocarcinoma","1"
"Erythromelalgia[SEP][CLS]endodermal sinus tumor","0"
"Type 2 Renal Papillary Adenoma[SEP][CLS]pituitary gland disease","0"
"Nodal Marginal Zone Lymphoma[SEP][CLS]marginal zone lymphoma","1"
"Juvenile Xanthogranuloma[SEP][CLS]acute inflammation of lacrimal passage","0"
"Hepatoid Adenocarcinoma[SEP][CLS]pigmentation disease","0"
"Metastatic Lactotroph Pituitary Neuroendocrine Tumor[SEP][CLS]capillary disease","0"
"Lactotroph Pituitary Neuroendocrine Tumor[SEP][CLS]artery disease","0"
"Adenomatoid Tumor[SEP][CLS]esophageal carcinoma","0"
"Apraxia[SEP][CLS]osteochondrosis","0"
"Pineal Region Yolk Sac Tumor[SEP][CLS]lacrimal apparatus disease","0"
"Malignant Cutaneous Granular Cell Tumor[SEP][CLS]autoimmune disease of endocrine system","0"
"Echinococcosis[SEP][CLS]adenoma","0"
"Acute Pancreatitis[SEP][CLS]Ehlers-Danlos syndrome","0"
"Leukorrhea[SEP][CLS]skin squamous cell carcinoma","0"
"Ornithine Carbamoyltransferase Deficiency Disease[SEP][CLS]vulvar benign neoplasm","0"
"Verrucous Lesion[SEP][CLS]nosophobia","0"
"Pancreatic Signet Ring Cell Carcinoma[SEP][CLS]mesenchymal cell neoplasm","0"
"Systemic Mastocytosis[SEP][CLS]mastocytosis","1"
"Usher Syndrome Type 2[SEP][CLS]diffuse large B-cell lymphoma","0"
"Arthritis[SEP][CLS]autosomal dominant intellectual developmental disorder","0"
"Intermediate Immature Teratoma[SEP][CLS]vein disease","0"
"Vulvar Keratoacanthoma[SEP][CLS]stomach disease","0"
"Thyroid Gland Papillary Carcinoma[SEP][CLS]skin disease","0"
"Supravalvular Aortic Stenosis[SEP][CLS]lysosomal acid lipase deficiency","0"
"Organic Mental Disorder[SEP][CLS]sphingolipidosis","0"
"Barrett Adenocarcinoma[SEP][CLS]connective tissue disease","0"
"Panic Disorder[SEP][CLS]mitral valve disease","0"
"Granular Cell Leiomyosarcoma[SEP][CLS]disease of cellular proliferation","0"
"Glucose Metabolism Disorder[SEP][CLS]malignant mesenchymoma","0"
"Gallbladder Stone[SEP][CLS]gastric diffuse adenocarcinoma","0"
"Osteosclerosis[SEP][CLS]malignant peripheral nerve sheath tumor","0"
"Ovarian Endometrioid Adenocarcinofibroma[SEP][CLS]chromosomal disease","0"
"Obese[SEP][CLS]neonatal anemia","0"
"Laryngeal Adenoid Cystic Carcinoma[SEP][CLS]laryngeal carcinoma","1"
"Uterine Ligament Serous Adenocarcinoma[SEP][CLS]malignant choroid melanoma","0"
"Meniere Disease[SEP][CLS]hemoglobinopathy","0"
"Breast Inflammatory Carcinoma[SEP][CLS]breast adenocarcinoma","1"
"Dacryocystitis[SEP][CLS]extraskeletal myxoid chondrosarcoma","0"
"Microcephaly[SEP][CLS]testicular non-seminomatous germ cell cancer","0"
"Epithelial Predominant Kidney Wilms Tumor[SEP][CLS]carotid artery disease","0"
"Kaolin Pneumoconiosis[SEP][CLS]ovarian cystadenoma","0"
"Metabolic Syndrome[SEP][CLS]testicular yolk sac tumor","0"
"Wolman Disease[SEP][CLS]childhood testicular mixed germ cell tumor","0"
"Chondroma[SEP][CLS]oophoritis","0"
"Solitary Breast Cyst[SEP][CLS]breast cyst","1"
"Mixed Phenotype Acute Leukemia with KMT2A Rearrangement[SEP][CLS]syndrome","0"
"Grand Mal Epilepsy[SEP][CLS]breast carcinoma","0"
"Unilateral Retinoblastoma[SEP][CLS]kidney cancer","0"
"Von Hippel Lindau Syndrome[SEP][CLS]synovium cancer","0"
"Papillary Carcinoma[SEP][CLS]inherited metabolic disorder","0"
"Temporal Lobe Epilepsy[SEP][CLS]central nervous system melanocytic neoplasm","0"
"Transient Global Amnesia[SEP][CLS]male reproductive system disease","0"
"Emphysematous Cholecystitis[SEP][CLS]hemangioma","0"
"Cervical Non-Keratinizing Squamous Cell Carcinoma[SEP][CLS]ovarian disease","0"
"Peritoneal Solitary Fibrous Tumor[SEP][CLS]strabismus","0"
"Neonatal Thyrotoxicosis[SEP][CLS]laryngitis","0"
"Hypokalemic Periodic Paralysis[SEP][CLS]thyroid gland disease","0"
"Malignant Uterine Corpus Neoplasm[SEP][CLS]uterine cancer","1"
"Acinar Cell Carcinoma[SEP][CLS]foramen magnum meningioma","0"
"Central Nervous System Hibernoma[SEP][CLS]sleep disorder","0"
"T-Cell Large Granular Lymphocyte Leukemia[SEP][CLS]ureter carcinoma","0"
"Scabies[SEP][CLS]myocardial infarction","0"
"Q Fever[SEP][CLS]breast carcinoma","0"
"Sphenoidal Sinusitis[SEP][CLS]mucopolysaccharidosis","0"
"Gonadal Disorder[SEP][CLS]testicular disease","0"
"Adult Central Nervous System Embryonal Tumor, Not Otherwise Specified[SEP][CLS]lymphedema","0"
"Chondroid Syringoma[SEP][CLS]rhinitis","0"
"Gastric Teratoma[SEP][CLS]nutritional deficiency disease","0"
"Diabetic Vascular Disorder[SEP][CLS]gastrointestinal system disease","0"
"Polymicrogyria[SEP][CLS]small intestine cancer","0"
"Epithelioid Mesothelioma[SEP][CLS]viral infectious disease","0"
"Orbit Hemangioma[SEP][CLS]filariasis","0"
"Diffuse Glomerulonephritis[SEP][CLS]glomerulonephritis","1"
"Retroperitoneal Hemangiopericytoma[SEP][CLS]cervical adenomyoma","0"
"Cervical Lymphoepithelioma-Like Carcinoma[SEP][CLS]lichen disease","0"
"Krabbe Disease[SEP][CLS]retinoblastoma","0"
"Childhood Oligodendroglioma[SEP][CLS]basal cell carcinoma","0"
"Expressive Language Disorder[SEP][CLS]language disorder","1"
"Lung Mucous Gland Adenoma[SEP][CLS]B-lymphoblastic leukemia/lymphoma","0"
"Diabetic Vascular Disorder[SEP][CLS]optic nerve disease","0"
"Fungal Infection[SEP][CLS]testicular yolk sac tumor","0"
"Secondary Polycythemia[SEP][CLS]sphingolipidosis","0"
"Tetanic Cataract[SEP][CLS]fallopian tube carcinosarcoma","0"
"Adrenal Gland Disorder[SEP][CLS]osteochondrodysplasia","0"
"Tenosynovial Giant Cell Tumor, Diffuse Type[SEP][CLS]hypopituitarism","0"
"Asbestos-Related Lung Carcinoma[SEP][CLS]craniosynostosis","0"
"Sarcomatoid Renal Cell Carcinoma[SEP][CLS]retinoblastoma","0"
"Carcinoma In Situ[SEP][CLS]myxoid chondrosarcoma","0"
"Benign Lymphoepithelial Lesion of the Salivary Gland[SEP][CLS]dendritic cell sarcoma","0"
"Endocardial Fibroelastosis[SEP][CLS]endocardium disease","1"
"Cribriform Carcinoma[SEP][CLS]inherited metabolic disorder","0"
"Ovarian Small Cell Carcinoma, Pulmonary-Type[SEP][CLS]breast adenocarcinoma","0"
"Lymphoid Leukemia[SEP][CLS]thyroid sarcoma","0"
"Subvalvular Aortic Stenosis[SEP][CLS]skin benign neoplasm","0"
"Arteriolosclerosis[SEP][CLS]hypersensitivity reaction type IV disease","0"
"Tuberculous Laryngitis[SEP][CLS]hemangioma","0"
"Childhood Brain Germinoma[SEP][CLS]gastritis","0"
"Benign Pericytic Neoplasm[SEP][CLS]cranial nerve malignant neoplasm","0"
"Pyothorax[SEP][CLS]skin benign neoplasm","0"
"Solitary Mastocytoma of the Skin[SEP][CLS]primary hyperoxaluria","0"
"Gastric Cronkhite Canada Polyposis[SEP][CLS]mature teratoma of the ovary","0"
"Nasopharyngeal Disorder[SEP][CLS]postgastrectomy syndrome","0"
"Klinefelter Syndrome[SEP][CLS]carbohydrate metabolic disorder","0"
"Non-Proliferative Diabetic Retinopathy[SEP][CLS]sebaceous carcinoma","0"
"Ovarian Monodermal Teratoma[SEP][CLS]ovarian germ cell teratoma","1"
"Neuroendocrine Carcinoma[SEP][CLS]prostate cancer","0"
"Melkersson-Rosenthal Syndrome[SEP][CLS]lymphangioma","0"
"Peroxisomal Disorder[SEP][CLS]facial nerve disease","0"
"Childhood Acute Megakaryoblastic Leukemia[SEP][CLS]gallbladder disease","0"
"Juvenile Breast Papillomatosis[SEP][CLS]testicular yolk sac tumor","0"
"Whipple Disease[SEP][CLS]psychotic disorder","0"
"Breast Fibrosis[SEP][CLS]peripheral nerve schwannoma","0"
"Granular Cell Leiomyosarcoma[SEP][CLS]dysgammaglobulinemia","0"
"Lens Disorder[SEP][CLS]pituitary gland disease","0"
"Acquired Hemangioma[SEP][CLS]upper respiratory tract disease","0"
"Bartholin Gland Neoplasm[SEP][CLS]B-cell acute lymphoblastic leukemia","0"
"Osteosarcoma[SEP][CLS]specific developmental disorder","0"
"Hypoplastic Right Heart Syndrome[SEP][CLS]viral exanthem","0"
"Proliferative Diabetic Retinopathy[SEP][CLS]anus adenocarcinoma","0"
"Jugular Foramen Schwannoma[SEP][CLS]chondrosarcoma","0"
"Nerve Root Neoplasm[SEP][CLS]nerve compression syndrome","0"
"Superior Mesenteric Artery Syndrome[SEP][CLS]urinary system disease","0"
"Barrett Esophagus[SEP][CLS]intestinal benign neoplasm","0"
"Ependymoma[SEP][CLS]breast benign neoplasm","0"
"Dentatorubral-Pallidoluysian Atrophy[SEP][CLS]uterine ligament adenocarcinoma","0"
"Cystitis[SEP][CLS]refractive error","0"
"Acute Myeloid Leukemia with KMT2A Rearrangement[SEP][CLS]lipomatosis","0"
"Verruca Plantaris[SEP][CLS]parasitic protozoa infectious disease","0"
"Childhood Extraocular Retinoblastoma[SEP][CLS]infancy electroclinical syndrome","0"
"Bulbomembranous Urethral Malignant Neoplasm[SEP][CLS]vascular disease","0"
"Multicentric Castleman Disease[SEP][CLS]liposarcoma","0"
"Miller Fisher Syndrome[SEP][CLS]intestinal cancer","0"
"Accessory Nerve Neoplasm[SEP][CLS]urethral benign neoplasm","0"
"Uterine Corpus Apoplectic Leiomyoma[SEP][CLS]salivary gland cancer","0"
"Appendicitis[SEP][CLS]familial hyperlipidemia","0"
"MELAS Syndrome[SEP][CLS]pneumoconiosis","0"
"Hartnup Disease[SEP][CLS]amino acid metabolic disorder","1"
"Macular Edema[SEP][CLS]retinal edema","1"
"Peripheral Sensory Neuropathy[SEP][CLS]ovarian germ cell cancer","0"
"Malignant Postcricoid Neoplasm[SEP][CLS]invasive bladder transitional cell carcinoma","0"
"Fucosidosis[SEP][CLS]primary bacterial infectious disease","0"
"Placental Site Trophoblastic Tumor[SEP][CLS]spindle cell thymoma","0"
"Meckel Diverticulitis[SEP][CLS]urea cycle disorder","0"
"Polycystic Ovary Syndrome[SEP][CLS]breast carcinoma in situ","0"
"Proliferative Diabetic Retinopathy[SEP][CLS]male reproductive organ benign neoplasm","0"
"Uveal Mixed Cell Melanoma[SEP][CLS]craniopharyngioma","0"
"Bone Liposarcoma[SEP][CLS]in situ carcinoma","0"
"Transient Global Amnesia[SEP][CLS]neurofibromatosis","0"
"Klippel-Trenaunay-Weber Syndrome[SEP][CLS]uterine ligament adenocarcinoma","0"
"Trichinosis[SEP][CLS]conjunctival disease","0"
"Stiff Person Syndrome[SEP][CLS]neuroendocrine tumor","0"
"Vestibular Schwannoma[SEP][CLS]melanoma","0"
"Primary Hyperparathyroidism[SEP][CLS]ovarian cystadenocarcinoma","0"
"Cervical Endometriosis[SEP][CLS]hemangioma","0"
"Hair Follicle Neoplasm[SEP][CLS]skin benign neoplasm","1"
"Supratentorial Ependymoma, ZFTA-RELA Fusion-Positive[SEP][CLS]central nervous system adult germ cell tumor","0"
"Ovarian Clear Cell Cystadenofibroma[SEP][CLS]synovitis","0"
"Asperger Syndrome[SEP][CLS]cervical squamous cell carcinoma","0"
"Musculoskeletal Disorder[SEP][CLS]carcinoma","0"
"Breast Hypertrophy[SEP][CLS]lung adenocarcinoma","0"
"Anterior Urethral Malignant Neoplasm[SEP][CLS]myocardial infarction","0"
"Undescended Testes[SEP][CLS]esophageal disease","0"
"Breast Leiomyoma[SEP][CLS]paranasal sinus benign neoplasm","0"
"Endometrioid Tumor[SEP][CLS]tooth disease","0"
"External Ear Disorder[SEP][CLS]viral infectious disease","0"
"Endocardial Fibroelastosis[SEP][CLS]skin carcinoma","0"
"Frontal Sinus Papilloma[SEP][CLS]intracranial hypertension","0"
"Benign Vaginal Mixed Tumor[SEP][CLS]lymphomatoid granulomatosis","0"
"Ovarian Leiomyosarcoma[SEP][CLS]acute myeloid leukemia","0"
"Twin-Twin Transfusion Syndrome[SEP][CLS]myocardial infarction","0"
"Spinal Muscular Atrophy Type 3[SEP][CLS]primary bacterial infectious disease","0"
"Nodal Marginal Zone Lymphoma[SEP][CLS]cervical squamous cell carcinoma","0"
"Salpingo-Oophoritis[SEP][CLS]refractory hematologic cancer","0"
"Essential Tremor[SEP][CLS]acute porphyria","0"
"Glomangiomatosis[SEP][CLS]skin melanoma","0"
"Breast Lipid-Rich Carcinoma[SEP][CLS]osteosclerosis","0"
"Ureterocele[SEP][CLS]peripheral nerve schwannoma","0"
"Ependymoma[SEP][CLS]parasitic protozoa infectious disease","0"
"Bronchopulmonary Dysplasia[SEP][CLS]pancreatic intraductal papillary-colloid carcinoma","0"
"Pancreatic Signet Ring Cell Carcinoma[SEP][CLS]muscular dystrophy","0"
"Mediastinal Synovial Sarcoma[SEP][CLS]synovial sarcoma","1"
"Polycystic Ovary Syndrome[SEP][CLS]pigmentation disease","0"
"Pelvic Lipomatosis[SEP][CLS]spastic cerebral palsy","0"
"Pinta[SEP][CLS]meningioma","0"
"Inclusion Body Myositis[SEP][CLS]carbohydrate metabolic disorder","0"
"Lower Clivus Meningioma[SEP][CLS]liver carcinoma","0"
"Breast Inflammatory Carcinoma[SEP][CLS]ovarian serous adenofibroma","0"
"Baritosis[SEP][CLS]chromophobe renal cell carcinoma","0"
"Vulvar Glandular Neoplasm[SEP][CLS]cholangitis","0"
"Penile Papillary Carcinoma[SEP][CLS]myelodysplastic/myeloproliferative neoplasm","0"
"Cutaneous Schwannoma[SEP][CLS]skin benign neoplasm","1"
"Skin Signet Ring Cell Basal Cell Carcinoma[SEP][CLS]spinal cancer","0"
"Childhood Visual Pathway Glioma[SEP][CLS]penile disease","0"
"EBV Infection[SEP][CLS]oral cavity cancer","0"
"Rhabdoid Tumor[SEP][CLS]small intestine cancer","0"
"Epidermolytic Ichthyosis[SEP][CLS]ovary adenocarcinoma","0"
"Polycystic Ovary Syndrome[SEP][CLS]pineal gland cancer","0"
"Huntington's Disease[SEP][CLS]chronic meningitis","0"
"Childhood Vaginal Botryoid-Type Embryonal Rhabdomyosarcoma[SEP][CLS]cytochrome-c oxidase deficiency disease","0"
"Ascending Cholangitis[SEP][CLS]connective tissue cancer","0"
"Hepatoblastoma[SEP][CLS]liver cancer","1"
"Spindle Cell Hemangioma[SEP][CLS]orofacial cleft","0"
"Esophageal Melanoma[SEP][CLS]pulmonary hypertension","0"
"Dental Agenesis[SEP][CLS]tooth disease","1"
"Breast Lobular Neoplasia[SEP][CLS]breast carcinoma in situ","1"
"Angle Closure Glaucoma[SEP][CLS]acute myeloid leukemia","0"
"Papillary Glioneuronal Tumor[SEP][CLS]central nervous system benign neoplasm","1"
"Breast Solid Papillary Carcinoma[SEP][CLS]breast carcinoma","1"
"Spinal Cord Astrocytoma[SEP][CLS]brain meningioma","0"
"Lung Clear Cell Tumor[SEP][CLS]cerebrum cancer","0"
"Endocardial Fibroelastosis[SEP][CLS]cervix endometrial stromal tumor","0"
"Proctitis[SEP][CLS]malignant astrocytoma","0"
"Labia Minora Carcinoma[SEP][CLS]carcinoma","0"
"Papillary Transitional Cell Carcinoma[SEP][CLS]cavernous hemangioma","0"
"Breast Myoepithelial Tumor[SEP][CLS]ovarian endodermal sinus tumor","0"
"Uterine Carcinosarcoma[SEP][CLS]hydrocephalus","0"
"Metachromatic Leukodystrophy[SEP][CLS]cranial nerve III tumor","0"
"Osteopetrosis[SEP][CLS]osteosclerosis","1"
"Darier Disease[SEP][CLS]conventional osteosarcoma","0"
"Primary Intracranial Sarcoma, DICER1-Mutant[SEP][CLS]parasitic helminthiasis infectious disease","0"
"Multiple Intraspinal Meningiomas[SEP][CLS]pancreas disease","0"
"Hypercalcemic Sarcoidosis[SEP][CLS]sarcoidosis","1"
"Aortitis[SEP][CLS]Bartholin's gland disease","0"
"Chondroid Chordoma[SEP][CLS]dengue disease","0"
"Bladder Obstruction[SEP][CLS]acute erythroid leukemia","0"
"Epithelial Predominant Pulmonary Blastoma[SEP][CLS]pulmonary blastoma","1"
"Juvenile Myoclonic Epilepsy[SEP][CLS]urethra squamous cell carcinoma","0"
"Ovarian Leiomyosarcoma[SEP][CLS]central nervous system lipoma","0"
"Malignant Ethmoid Sinus Neoplasm[SEP][CLS]skin benign neoplasm","0"
"Steroid Lipomatosis[SEP][CLS]lymphoma","0"
"Testicular Yolk Sac Tumor, Papillary Pattern[SEP][CLS]myeloproliferative neoplasm","0"
"Thyrotroph Pituitary Neuroendocrine Tumor[SEP][CLS]endocrine organ benign neoplasm","0"
"Optic Neuritis[SEP][CLS]brain germinoma","0"
"Partial Retinal Arterial Occlusion[SEP][CLS]nephritis","0"
"Acute Salpingitis[SEP][CLS]intraocular retinoblastoma","0"
"Mastocytoma[SEP][CLS]lacrimal system cancer","0"
"Ovarian Mucinous Cystadenocarcinoma[SEP][CLS]amino acid metabolic disorder","0"
"Hypoplastic Right Heart Syndrome[SEP][CLS]Hodgkin's lymphoma","0"
"Infant-Type Hemispheric Glioma[SEP][CLS]papilloma","0"
"Dependent Personality Disorder[SEP][CLS]personality disorder","1"
"Cutaneous Diphtheria[SEP][CLS]normocytic anemia","0"
"Intratubular Non-Seminoma[SEP][CLS]acute myeloid leukemia","0"
"Skin Leiomyoma[SEP][CLS]lung non-small cell carcinoma","0"
"Tracheal Stenosis[SEP][CLS]intrahepatic cholestasis","0"
"Gallbladder Obstruction[SEP][CLS]female reproductive system disease","0"
"Bursitis[SEP][CLS]keratitis","0"
"Spinal Muscular Atrophy[SEP][CLS]intestinal benign neoplasm","0"
"Jugular Foramen Schwannoma[SEP][CLS]peripheral nerve schwannoma","1"
"Hypertensive Heart Disease[SEP][CLS]childhood spinal muscular atrophy","0"
"Multiple Skull Base Meningiomas[SEP][CLS]skull base meningioma","1"
"Russell-Silver Syndrome[SEP][CLS]parathyroid adenoma","0"
"Oral Cavity Hairy Leukoplakia[SEP][CLS]prostate rhabdomyosarcoma","0"
"Endocervicitis[SEP][CLS]lung non-small cell carcinoma","0"
"Ureteric Orifice[SEP][CLS]female reproductive system disease","0"
"Ebola Hemorrhagic Fever[SEP][CLS]congenital heart disease","0"
"Granular Cell Tumor of the Sellar Region[SEP][CLS]amino acid metabolic disorder","0"
"Testicular Yolk Sac Tumor, Myxomatous Pattern[SEP][CLS]acute myeloid leukemia","0"
"Breast Atypical Papilloma[SEP][CLS]orbit rhabdomyosarcoma","0"
"Metachromatic Leukodystrophy[SEP][CLS]skin melanoma","0"
"Childhood Infratentorial Ependymoma[SEP][CLS]secondary Parkinson disease","0"
"Testicular Thecoma[SEP][CLS]penile disease","0"
"Extraosseous Plasmacytoma[SEP][CLS]thyroid gland disease","0"
"Cervical Mucinous Adenocarcinoma, Intestinal-Type[SEP][CLS]gastritis","0"
"Subacute Thyroiditis[SEP][CLS]biliary tract disease","0"
"Gastroesophageal Junction Adenocarcinoma[SEP][CLS]gastroesophageal adenocarcinoma","1"
"Congenital Infundibular Stenosis[SEP][CLS]ocular motility disease","0"
"Lysosomal Storage Disease[SEP][CLS]long bone adamantinoma","0"
"Giant Cell Glioblastoma[SEP][CLS]glioblastoma","1"
"Intestinal Neuroendocrine Neoplasm[SEP][CLS]salpingitis","0"
"Adult Extraskeletal Osteosarcoma[SEP][CLS]osteosarcoma","1"
"Gastric Signet Ring Cell Adenocarcinoma[SEP][CLS]lipomatosis","0"
"Dental Agenesis[SEP][CLS]fasciitis","0"
"Liddle Syndrome[SEP][CLS]mature teratoma of the ovary","0"
"Diffuse Cerebral Sclerosis of Schilder[SEP][CLS]spinal cancer","0"
"Villoglandular Endometrial Endometrioid Adenocarcinoma[SEP][CLS]polycythemia","0"
"Hemolytic Uremic Syndrome[SEP][CLS]congenital mesoblastic nephroma","0"
"Non-Proliferative Diabetic Retinopathy[SEP][CLS]lip disease","0"
"Favus[SEP][CLS]pancreatic intraductal papillary-colloid carcinoma","0"
"Breast Columnar Cell Mucinous Carcinoma[SEP][CLS]gastric outlet obstruction","0"
"Vulvar Granular Cell Tumor[SEP][CLS]esophageal disease","0"
"Hypertensive Encephalopathy[SEP][CLS]endocardium disease","0"
"Thyroid Gland Angiosarcoma[SEP][CLS]hepatic vascular disease","0"
"Cervical Adenomyoma, Mesonephric-Type[SEP][CLS]central nervous system teratoma","0"
"Hidrocystoma[SEP][CLS]breast carcinoma","0"
"Mixed Endometrial Stromal and Smooth Muscle Neoplasm[SEP][CLS]meningioma","0"
"Malignant Frontal Sinus Neoplasm[SEP][CLS]hypertension","0"
"Intrahepatic Cholestasis[SEP][CLS]cervical carcinosarcoma","0"
"Chronic Sphenoidal Sinusitis[SEP][CLS]myositis","0"
"Giant Cell Tumor of Bone[SEP][CLS]artery disease","0"
"Spiradenocarcinoma[SEP][CLS]prostatic urethral cancer","0"
"Paronychia[SEP][CLS]retinoblastoma","0"
"Selective IgG Immunodeficiency[SEP][CLS]dysgammaglobulinemia","1"
"Renovascular Hypertension[SEP][CLS]B-lymphoblastic leukemia/lymphoma","0"
"Pituicytoma[SEP][CLS]sex cord-gonadal stromal tumor","0"
"Spinal Meningioma[SEP][CLS]acute porphyria","0"
"Refractory Hematologic Malignancy[SEP][CLS]lipoma","0"
"Atherosclerosis[SEP][CLS]leukemia","0"
"Uveomeningoencephalitic Syndrome[SEP][CLS]non-proliferative fibrocystic change of the breast","0"
"Dengue Hemorrhagic Fever[SEP][CLS]bile duct disease","0"
"Meckel Diverticulum[SEP][CLS]female urethral cancer","0"
"Ovarian Endometrioid Adenocarcinoma[SEP][CLS]malignant choroid melanoma","0"
"Uterine Ligament Papillary Cystadenoma Associated with von Hippel-Lindau Disease[SEP][CLS]heart sarcoma","0"
"Childhood Oligodendroglioma[SEP][CLS]acute lymphoblastic leukemia","0"
"Epidermolysis Bullosa Dystrophica[SEP][CLS]lysosomal storage disease","0"
"Dartoic Leiomyoma[SEP][CLS]pulmonary hypertension","0"
"Diffuse Sclerosing Variant Thyroid Gland Papillary Carcinoma[SEP][CLS]retinal degeneration","0"
"Neuroendocrine Neoplasm[SEP][CLS]connective tissue disease","0"
"Ehlers-Danlos Syndrome, Type III[SEP][CLS]chronic leukemia","0"
"Ovarian Serous Cystadenocarcinoma[SEP][CLS]salivary gland disease","0"
"Ethmoidal Sinusitis[SEP][CLS]chronic cystitis","0"
"Dermatosis Papulosa Nigra[SEP][CLS]eye disease","0"
"Bladder Clear Cell Adenocarcinoma[SEP][CLS]skin disease","0"
"Porocarcinoma[SEP][CLS]tic disorder","0"
"Embryonal Rhabdomyosarcoma[SEP][CLS]urinary bladder cancer","0"
"Fallopian Tube Adenosarcoma[SEP][CLS]retinal degeneration","0"
"Scimitar Syndrome[SEP][CLS]bile duct adenocarcinoma","0"
"Acute Myocardial Infarction[SEP][CLS]hemangioma","0"
"Vulvar Angiokeratoma[SEP][CLS]uveal disease","0"
"Giant Papillary Conjunctivitis[SEP][CLS]oral cavity cancer","0"
"Ornithine Carbamoyltransferase Deficiency Disease[SEP][CLS]autoimmune disease of endocrine system","0"
"Uveal Intermediate Cell Type Melanoma[SEP][CLS]disorder of sexual development","0"
"Meningeal Melanomatosis[SEP][CLS]central nervous system melanocytic neoplasm","1"
"Colon Leiomyoma[SEP][CLS]myositis","0"
"Chronic Eosinophilic Pneumonia[SEP][CLS]Griscelli syndrome","0"
"Vaginal Glandular Neoplasm[SEP][CLS]corneal disease","0"
"Chicken Pox[SEP][CLS]peripheral osteosarcoma","0"
"Multicentric Thyroid Gland Papillary Carcinoma[SEP][CLS]external ear disease","0"
"Bladder Enteric Type Adenocarcinoma[SEP][CLS]gastritis","0"
"Pseudohypoaldosteronism[SEP][CLS]vaginal cancer","0"
"AIDS Phobia[SEP][CLS]human immunodeficiency virus infectious disease","0"
"B Lymphoblastic Leukemia/Lymphoma with Intrachromosomal Amplification of Chromosome 21[SEP][CLS]alopecia","0"
"Macular Degeneration[SEP][CLS]acute kidney failure","0"
"Dry Eye Syndrome[SEP][CLS]skin sarcoma","0"
"Ovarian Teratoma[SEP][CLS]polycythemia","0"
"Acanthoma[SEP][CLS]squamous cell neoplasm","1"
"Smith-Lemli-Opitz Syndrome[SEP][CLS]viral infectious disease","0"
"Communication Disorder[SEP][CLS]parasitic ectoparasitic infectious disease","0"
"Vaginal Endometrioid Stromal and Related Neoplasms[SEP][CLS]gastritis","0"
"Malignant Melanotic Psammomatous Peripheral Nerve Sheath Tumor[SEP][CLS]malignant melanocytic neoplasm of the peripheral nerve sheath","1"
"Congenital Combined Immunodeficiency[SEP][CLS]pineoblastoma","0"
"Thyroid Hormone Resistance Syndrome[SEP][CLS]lens disease","0"
"Hemopericardium[SEP][CLS]pericardial effusion","1"
"Cervical Lymphadenitis[SEP][CLS]steroid inherited metabolic disorder","0"
"Spinal Cord Neuroblastoma[SEP][CLS]spinal cord primitive neuroectodermal neoplasm","1"
"Subclavian Steal Syndrome[SEP][CLS]anencephaly","0"
"Urethral Obstruction[SEP][CLS]synovium cancer","0"
"Short Bowel Syndrome[SEP][CLS]plasmacytoma","0"
"Early Gastric Cancer[SEP][CLS]dysgammaglobulinemia","0"
"Cheilitis[SEP][CLS]lip disease","1"
"Tracheal Calcification[SEP][CLS]myxoid chondrosarcoma","0"
"Babesiosis[SEP][CLS]primary bacterial infectious disease","0"
"Rete Testis Neoplasm[SEP][CLS]neuroma","0"
"Epithelioid Mesothelioma[SEP][CLS]psychotic disorder","0"
"Microphthalmos[SEP][CLS]cerebrum cancer","0"
"Glycogen Storage Disease[SEP][CLS]glycogen metabolism disorder","1"
"Porphyria[SEP][CLS]inherited metabolic disorder","1"
"Panuveitis[SEP][CLS]hairy cell leukemia","0"
"Hidradenitis[SEP][CLS]legionellosis","0"
"Gastric Body Carcinoma[SEP][CLS]adenoma","0"
"Acute Periodontitis[SEP][CLS]familial hyperlipidemia","0"
"Legionellosis[SEP][CLS]hepatitis","0"
"Bullous Keratopathy[SEP][CLS]corneal edema","1"
"Bone Marrow Disorder[SEP][CLS]sexual dysfunction","0"
"Melanocytic Medulloblastoma[SEP][CLS]hemangiopericytoma","0"
"Adult Botryoid-Type Embryonal Rhabdomyosarcoma[SEP][CLS]corneal disease","0"
"Malignant Cardiac Hemangiopericytoma[SEP][CLS]phobic disorder","0"
"Metanephric Adenofibroma[SEP][CLS]prion disease","0"
"Thyroid Gland Microfollicular Adenoma[SEP][CLS]leiomyosarcoma","0"
"Thymoma Type AB[SEP][CLS]familial hyperlipidemia","0"
"Conus Medullaris Neoplasm[SEP][CLS]brain disease","0"
"Malignant Melanotic Psammomatous Peripheral Nerve Sheath Tumor[SEP][CLS]syndrome","0"
"Hallermann Syndrome[SEP][CLS]squamous cell carcinoma","0"
"Anhidrotic Ectodermal Dysplasia 1[SEP][CLS]lymphatic system disease","0"
"Malignant Pylorus Neoplasm[SEP][CLS]uterine corpus sarcoma","0"
"Pituitary Gland Hypoplasia[SEP][CLS]Goodpasture syndrome","0"
"Venezuelan Equine Fever[SEP][CLS]adenomyoma of uterine corpus","0"
"Signet Ring Cell Intrahepatic Cholangiocarcinoma[SEP][CLS]macrocytic anemia","0"
"Small Cell Intermediate Cell Carcinoma[SEP][CLS]carcinoma","1"
"Lens Subluxation[SEP][CLS]congenital hemolytic anemia","0"
"Childhood Testicular Mixed Embryonal Carcinoma and Teratoma[SEP][CLS]chronic lymphocytic leukemia/small lymphocytic lymphoma","0"
"Narcolepsy[SEP][CLS]EWSR1-negative small round cell tumor","0"
"Neuroma[SEP][CLS]nervous system benign neoplasm","1"
"Hypertensive Encephalopathy[SEP][CLS]metabolic acidosis","0"
"Scirrhous Adenocarcinoma[SEP][CLS]syndrome","0"
"Plasmacytoma[SEP][CLS]cervical squamous cell carcinoma","0"
"Secondary Parkinsonism[SEP][CLS]amino acid metabolic disorder","0"
"Pyothorax[SEP][CLS]specific developmental disorder","0"
"Nicotine Dependence[SEP][CLS]vulva carcinoma","0"
"Intramuscular Lipoma[SEP][CLS]uterine corpus cancer","0"
"Ovarian Sex Cord-Stromal Tumor[SEP][CLS]disease of cellular proliferation","0"
"Atrial Septal Defect[SEP][CLS]nervous system benign neoplasm","0"
"Dilated Cardiomyopathy[SEP][CLS]thymus adenocarcinoma","0"
"Complex Regional Pain Syndrome II[SEP][CLS]second-degree atrioventricular block","0"
"Epidermolytic Acanthoma[SEP][CLS]chromosomal duplication syndrome","0"
"Cerebral Palsy[SEP][CLS]myeloid neoplasm","0"
"Psychiatric Disorder[SEP][CLS]adult brain stem glioma","0"
"Ductal Eccrine Adenocarcinoma[SEP][CLS]interstitial lung disease","0"
"Breast Granular Cell Tumor[SEP][CLS]breast cancer","1"
"Irritable Bowel Syndrome[SEP][CLS]connective tissue cancer","0"
"Serous Surface Papilloma[SEP][CLS]papilloma","1"
"Meningeal Melanocytoma[SEP][CLS]endocrine system disease","0"
"Melanoma[SEP][CLS]lung small cell carcinoma","0"
"Oculomotor Nerve Disorder[SEP][CLS]glioblastoma","0"
"Cyclic Neutropenia[SEP][CLS]nephroblastoma","0"
"Extrahepatic Bile Duct Intraductal Papillary Neoplasm[SEP][CLS]hypogonadotropic hypogonadism","0"
"Schizophreniform Disorder[SEP][CLS]urinary tract obstruction","0"
"Hereditary Fructose Intolerance[SEP][CLS]acute lymphoblastic leukemia","0"
"Childhood Ovarian Choriocarcinoma[SEP][CLS]von Willebrand's disease","0"
"Nut Allergy[SEP][CLS]thyroiditis","0"
"Lung Acinar Adenocarcinoma[SEP][CLS]personality disorder","0"
"Plexiform Schwannoma[SEP][CLS]glomerulonephritis","0"
"Hepatoerythropoietic Porphyria[SEP][CLS]upper respiratory tract disease","0"
"Dysthymic Disorder[SEP][CLS]upper respiratory tract disease","0"
"Vulvar Melanoma[SEP][CLS]infancy electroclinical syndrome","0"
"Ciliary Motility Defect[SEP][CLS]male reproductive organ benign neoplasm","0"
"Composite Ganglioneuroblastoma, Schwannian Stroma-Rich and Stroma-Poor[SEP][CLS]pemphigus","0"
"Idiopathic Granulomatous Myositis[SEP][CLS]hormone producing pituitary cancer","0"
"Follicular Dendritic Cell Sarcoma[SEP][CLS]hyperthyroidism","0"
"Lewy Body Dementia[SEP][CLS]Bartholin's gland carcinoma","0"
"Retinal Tear[SEP][CLS]glaucoma","0"
"Jejunal Neoplasm[SEP][CLS]von Willebrand's disease","0"
"Ornithine Carbamoyltransferase Deficiency Disease[SEP][CLS]anxiety disorder","0"
"Bagassosis[SEP][CLS]retinal detachment","0"
"Mononeuritis Multiplex[SEP][CLS]rheumatic disease","0"
"Huntington's Disease[SEP][CLS]angiomyolipoma","0"
"Skin Clear Cell Squamous Cell Carcinoma[SEP][CLS]lung squamous cell carcinoma","0"
"Lymphocyte-Depleted Classic Hodgkin Lymphoma[SEP][CLS]Hodgkin's lymphoma","1"
"Non-Neoplastic Urinary System Disorder[SEP][CLS]connective tissue cancer","0"
"Gastric Leiomyoma[SEP][CLS]benign mesothelioma","0"
"Ovarian Endometrioid Adenocarcinoma[SEP][CLS]tic disorder","0"
"Preeclampsia[SEP][CLS]hypertension","1"
"Cervical Lymphadenitis[SEP][CLS]thiamine deficiency disease","0"
"Migraine[SEP][CLS]pilocytic astrocytoma","0"
"Primary Sclerosing Cholangitis[SEP][CLS]orofacial cleft","0"
"Primary Open Angle Glaucoma[SEP][CLS]connective tissue disease","0"
"Posterior Foramen Magnum Meningioma[SEP][CLS]foramen magnum meningioma","1"
"Glanzmann Thrombasthenia[SEP][CLS]diverticulitis","0"
"Liver Solitary Fibrous Tumor[SEP][CLS]liver sarcoma","0"
"Asynchronous Multifocal Osteosarcoma[SEP][CLS]autoimmune disease of skin and connective tissue","0"
"Temporal Lobe Neoplasm[SEP][CLS]cerebrum cancer","1"
"Idiopathic Crescentic Glomerulonephritis[SEP][CLS]melanoma","0"
"Neuroblastoma[SEP][CLS]cerebellum cancer","0"
"Malignant Giant Cell Neoplasm[SEP][CLS]neurofibroma","0"
"Acute Diffuse Glomerulonephritis[SEP][CLS]small cell sarcoma","0"
"Hereditary Meningioma[SEP][CLS]uterine cancer","0"
"Adult Botryoid-Type Embryonal Rhabdomyosarcoma[SEP][CLS]goiter","0"
"Macular Degeneration[SEP][CLS]embryonal testis carcinoma","0"
"Thymoma Type B1[SEP][CLS]penis squamous cell carcinoma","0"
"Glomus Tumor[SEP][CLS]cerebrum cancer","0"
"Smith-Lemli-Opitz Syndrome[SEP][CLS]malignant peripheral nerve sheath tumor","0"
"Hairy Cell Leukemia Variant[SEP][CLS]hairy cell leukemia","1"
"Vagus Nerve Disorder[SEP][CLS]glossopharyngeal nerve disease","1"
"Maxillary Sinus Neoplasm[SEP][CLS]paranasal sinus benign neoplasm","1"
"Fructose-1,6-Bisphosphatase Deficiency[SEP][CLS]epilepsy","0"
"Protein S Deficiency Disease[SEP][CLS]acute lymphoblastic leukemia","0"
"Thalamic Disease[SEP][CLS]epithelial and subepithelial dystrophy","0"
"Systemic Scleroderma[SEP][CLS]vein disease","0"
"Neuronal Ceroid Lipofuscinosis[SEP][CLS]cataract","0"
"Meckel Diverticulitis[SEP][CLS]thyroid gland disease","0"
"Vulvar Apocrine Adenocarcinoma[SEP][CLS]thyroid gland disease","0"
"Ovarian Carcinosarcoma[SEP][CLS]gastrointestinal system disease","0"
"Small Cell Osteosarcoma[SEP][CLS]meningeal melanoma","0"
"Pancreatic Acinar Cell Cystadenocarcinoma[SEP][CLS]chronic lymphocytic leukemia/small lymphocytic lymphoma","0"
"Acute Myeloid Leukemia with inv(3)(q21.3;q26.2) or t(3;3)(q21.3;q26.2); GATA2, MECOM[SEP][CLS]systemic mastocytosis","0"
"Hairy Tongue[SEP][CLS]pyloric stenosis","0"
"Cervical Adenomyoma, Endocervical-Type[SEP][CLS]thyroid gland papillary carcinoma","0"
"Color Blindness[SEP][CLS]blindness","1"
"Dacryoadenitis[SEP][CLS]glucose metabolism disease","0"
"Myeloid/Lymphoid Neoplasms with FGFR1 Rearrangement[SEP][CLS]metal metabolism disorder","0"
"Urticaria Pigmentosa/Maculopapular Cutaneous Mastocytosis[SEP][CLS]meningioma","0"
"Splenic Disorder[SEP][CLS]primary bacterial infectious disease","0"
"Vaginal Tubulovillous Adenoma[SEP][CLS]penile disease","0"
"Mixed Phenotype Acute Leukemia with KMT2A Rearrangement[SEP][CLS]colon adenocarcinoma","0"
"Polycythemia Vera[SEP][CLS]pneumoconiosis","0"
"Epithelioid Hemangioma[SEP][CLS]hemangioma","1"
"Acute Leukemia[SEP][CLS]lymphoid leukemia","1"
"Type II Acrocephalopolysyndactyly[SEP][CLS]dermatitis","0"
"Amino Acid Metabolism Disorder[SEP][CLS]inherited metabolic disorder","1"
"Phobia[SEP][CLS]hemangioma","0"
"Thyroid Gland Well-Differentiated Tumor of Uncertain Malignant Potential[SEP][CLS]oral cavity cancer","0"
"Subependymoma[SEP][CLS]laryngeal benign neoplasm","0"
"Parasitic Endophthalmitis[SEP][CLS]communication disorder","0"
"Subacute Thyroiditis[SEP][CLS]thyroiditis","1"
"Skin Basosquamous Cell Carcinoma[SEP][CLS]colonic disease","0"
"Chronic Maxillary Sinusitis[SEP][CLS]sweat gland disease","0"
"Non-Functioning Pituitary Neuroendocrine Tumor[SEP][CLS]nerve plexus neoplasm","0"
"Ileus[SEP][CLS]tuberculosis","0"
"Thymoma Type B3[SEP][CLS]sinusitis","0"
"Neonatal Thyrotoxicosis[SEP][CLS]encephalitis","0"
"Arthus Reaction[SEP][CLS]granulosa cell tumor","0"
"Submandibular Lymphadenitis[SEP][CLS]colonic disease","0"
"Gastric Small Cell Neuroendocrine Carcinoma[SEP][CLS]stomach carcinoma","1"
"Aortitis[SEP][CLS]aortic disease","1"
"Subglottic Verrucous Carcinoma[SEP][CLS]proteinuria","0"
"Ovarian Malignant Mesothelioma[SEP][CLS]syndrome","0"
"Nasal Cavity and Paranasal Sinus Lethal Midline Granuloma[SEP][CLS]heart lipoma","0"
"Chronic Maxillary Sinusitis[SEP][CLS]thyrotoxicosis","0"
"Peroneal Nerve Paralysis[SEP][CLS]prostate sarcoma","0"
"Acute Myeloid Leukemia[SEP][CLS]urinary system disease","0"
"GM2-Gangliosidosis, AB Variant[SEP][CLS]fallopian tube adenofibroma","0"
"Bartholin Gland Small Cell Neuroendocrine Carcinoma[SEP][CLS]brain stem cancer","0"
"Mixed Tumor of the Salivary Gland[SEP][CLS]autoimmune disease of gastrointestinal tract","0"
"Squamous Cell Neoplasm[SEP][CLS]stomach cancer","0"
"Epicardial Lipoma[SEP][CLS]uterine corpus sarcoma","0"
"Sphenoid Sinus Neoplasm[SEP][CLS]embryonal tumor with multilayered rosettes","0"
"Graves Disease[SEP][CLS]cerebellopontine angle tumor","0"
"Metachronous Osteosarcoma[SEP][CLS]endocrine system disease","0"
"Gastric Neuroendocrine Neoplasm[SEP][CLS]primary bacterial infectious disease","0"
"Pineal Region Choriocarcinoma[SEP][CLS]glycogen-rich carcinoma","0"
"Gastric Gastrin-Producing Neuroendocrine Tumor[SEP][CLS]small cell sarcoma","0"
"Brain Extraskeletal Myxoid Chondrosarcoma[SEP][CLS]small intestine benign neoplasm","0"
"Non-Invasive Urothelial Neoplasm[SEP][CLS]primary systemic mycosis","0"
"Ischemic Neuropathy[SEP][CLS]ectodermal dysplasia","0"
"Blepharoconjunctivitis[SEP][CLS]pharynx cancer","0"
"Pyloric Stenosis[SEP][CLS]papilloma","0"
"Vulvar Sarcoma[SEP][CLS]vulva cancer","1"
"Squamous Cell Carcinoma[SEP][CLS]viral infectious disease","0"
"Maple Syrup Urine Disease[SEP][CLS]vulvar benign neoplasm","0"
"Childhood Testicular Germ Cell Tumor[SEP][CLS]skin disease","0"
"Diffuse Cutaneous Mastocytosis[SEP][CLS]vesiculobullous skin disease","0"
"Childhood Cerebral Astrocytoma[SEP][CLS]long bone adamantinoma","0"
"Twin-Twin Transfusion Syndrome[SEP][CLS]ovarian serous adenofibroma","0"
"Human Papillomavirus-Independent Cervical Adenocarcinoma, Gastric-Type[SEP][CLS]viral infectious disease","0"
"Dissociative Identity Disorder[SEP][CLS]heart valve disease","0"
"Vaginitis[SEP][CLS]ovarian carcinosarcoma","0"
"Necatoriasis[SEP][CLS]dental pulp disease","0"
"Contact Dermatitis[SEP][CLS]interstitial lung disease","0"
"Hyperuricemia[SEP][CLS]parasitic protozoa infectious disease","0"
"Myositis Ossificans[SEP][CLS]cervix disease","0"
"Malignant Glomus Tumor[SEP][CLS]IDH-mutant anaplastic astrocytoma","0"
"Small Cell Intermediate Cell Carcinoma[SEP][CLS]inherited metabolic disorder","0"
"Bizarre Leiomyoma[SEP][CLS]malignant dermis tumor","0"
"Childhood Extraocular Retinoblastoma[SEP][CLS]amino acid metabolic disorder","0"
"Empty Sella Syndrome[SEP][CLS]peripheral vascular disease","0"
"Angioleiomyoma[SEP][CLS]acute myeloid leukemia","0"
"Teratoma[SEP][CLS]overnutrition","0"
"Mediastinal Leiomyosarcoma[SEP][CLS]lymphopenia","0"
"Malignant Ovarian Brenner Tumor[SEP][CLS]uterine fibroid","0"
"Potassium Deficiency Disorder[SEP][CLS]acute asthma","0"
"Aspergillosis[SEP][CLS]viral gastritis","0"
"Invasive Bladder Nested Urothelial Carcinoma[SEP][CLS]bone osteosarcoma","0"
"Amelanotic Melanoma[SEP][CLS]hepatoblastoma","0"
"Hunter Syndrome[SEP][CLS]bladder adenocarcinoma","0"
"Synovitis[SEP][CLS]medulloblastoma","0"
"Invasive Renal Pelvis and Ureter Urothelial Carcinoma[SEP][CLS]primary bacterial infectious disease","0"
"Megaloblastic Anemia[SEP][CLS]acquired polycythemia","0"
"Cerebral Palsy[SEP][CLS]nutritional deficiency disease","0"
"Adult Malignant Mesenchymoma[SEP][CLS]familial hyperlipidemia","0"
"Rabies[SEP][CLS]cutaneous mycosis","0"
"Spinal Meningioma[SEP][CLS]liposarcoma","0"
"Combined Lung Small Cell and Squamous Cell Carcinoma[SEP][CLS]collagen disease","0"
"Childhood Germ Cell Tumor[SEP][CLS]skin benign neoplasm","0"
"Silent Myocardial Infarction[SEP][CLS]myocardial infarction","1"
"Extrahepatic Bile Duct Clear Cell Adenocarcinoma[SEP][CLS]renal pelvis benign neoplasm","0"
"Posterior Fossa Ependymoma, Group B (PFB)[SEP][CLS]fasciitis","0"
"Supratentorial Ependymoma ZFTA Fusion-Positive[SEP][CLS]hyperostosis","0"
"Ovarian Yolk Sac Tumor, Hepatoid Pattern[SEP][CLS]benign mesothelioma","0"
"Myopathy[SEP][CLS]malignant peripheral nerve sheath tumor","0"
"Alopecia[SEP][CLS]chronic leukemia","0"
"Hidradenoma Papilliferum[SEP][CLS]agammaglobulinemia","0"
"Acute Hemorrhagic Leukoencephalitis[SEP][CLS]differentiated thyroid gland carcinoma","0"
"Acute Tubular Necrosis[SEP][CLS]differentiated thyroid gland carcinoma","0"
"Pulmonary Edema[SEP][CLS]cranial nerve malignant neoplasm","0"
"Bladder Signet Ring Cell Adenocarcinoma[SEP][CLS]breast fibroadenoma","0"
"Glomus Tumor[SEP][CLS]myopia","0"
"Blomstrand Type Chondrodysplasia[SEP][CLS]autism spectrum disorder","0"
"Multiple Acyl-CoA Dehydrogenase Deficiency[SEP][CLS]clear cell meningioma","0"
"Ovarian Papillary Cystadenoma[SEP][CLS]ovarian papillary neoplasm","1"
"Core Binding Factor Acute Myeloid Leukemia[SEP][CLS]cerebrum cancer","0"
"Hemochromatosis[SEP][CLS]skull base meningioma","0"
"Metachronous Osteosarcoma[SEP][CLS]peptic ulcer disease","0"
"Synovial Sarcoma[SEP][CLS]skin disease","0"
"Rhabdoid Tumor of the Kidney[SEP][CLS]neurilemmoma","0"
"Progressive Multifocal Leukoencephalopathy[SEP][CLS]panuveitis","0"
"Brown-Sequard Syndrome[SEP][CLS]paraplegia","1"
"Trigeminal Schwannoma[SEP][CLS]pericardial effusion","0"
"Unstable Angina[SEP][CLS]artery disease","0"
"Parasitic Endophthalmitis[SEP][CLS]thyroiditis","0"
"Parathyroid Gland Oncocytic Adenoma[SEP][CLS]hypersensitivity reaction type IV disease","0"
"Differentiated Thyroid Gland Carcinoma[SEP][CLS]osteosarcoma","0"
"Pancreatic Serous Neoplasm[SEP][CLS]sigmoid neoplasm","0"
"Polyarteritis Nodosa[SEP][CLS]ovary epithelial cancer","0"
"Skin Nodular Basal Cell Carcinoma[SEP][CLS]breast myoepitheliosis","0"
"Childhood Conventional Osteosarcoma[SEP][CLS]trichothiodystrophy","0"
"Ovarian Mucinous Adenocarcinofibroma[SEP][CLS]meningioma","0"
"Diffuse Pulmonary Fibrosis[SEP][CLS]pyelonephritis","0"
"Salpingitis Isthmica Nodosa[SEP][CLS]chronic salpingitis","1"
"Lymph Node Disorder[SEP][CLS]ovarian biphasic or triphasic teratoma","0"
"Peroxisomal Acyl-CoA Oxidase Deficiency[SEP][CLS]acute myeloid leukemia","0"
"Duane Syndrome[SEP][CLS]gonadal disease","0"
"Ovarian Leiomyosarcoma[SEP][CLS]leiomyosarcoma","1"
"Comedo-Type Adenocarcinoma[SEP][CLS]myocarditis","0"
"Post-Traumatic Stress Disorder[SEP][CLS]diabetes mellitus","0"
"Testicular Yolk Sac Tumor, Hepatoid Pattern[SEP][CLS]lymphatic system disease","0"
"Axonal Neuropathy[SEP][CLS]stomach disease","0"
"Paracoccidioidomycosis[SEP][CLS]papilloma","0"
"Gallbladder Signet Ring Cell Carcinoma[SEP][CLS]gallbladder adenocarcinoma","1"
"Ovarian Small Cell Carcinoma, Hypercalcemic Type[SEP][CLS]splenic disease","0"
"Small Cell Sarcoma[SEP][CLS]rhabdoid cancer","0"
"Choroid Disorder[SEP][CLS]vulva cancer","0"
"Breast Malignant Myoepithelioma[SEP][CLS]primary bacterial infectious disease","0"
"Breast Sarcoma[SEP][CLS]Hodgkin's lymphoma","0"
"Dextrocardia[SEP][CLS]osteochondrosis","0"
"Cervical Mucinous Adenocarcinoma, Intestinal-Type[SEP][CLS]lipoma","0"
"Macular Dystrophy, Retinal, 1[SEP][CLS]retinal macular dystrophy","1"
"Type 2 Diabetes Mellitus[SEP][CLS]brain disease","0"
"Epithelial Predominant Pulmonary Blastoma[SEP][CLS]nodular ganglioneuroblastoma","0"
"Potter Syndrome[SEP][CLS]congenital heart disease","0"
"Childhood Astrocytic Tumor[SEP][CLS]eye disease","0"
"Breast Liposarcoma[SEP][CLS]vascular disease","0"
"Thymoma Type AB[SEP][CLS]dermatophytosis","0"
"De Sanctis-Cacchione Syndrome[SEP][CLS]opportunistic mycosis","0"
"Meningitis[SEP][CLS]ovarian endometrioid adenofibroma","0"
"Adrenal Gland Ganglioneuroblastoma[SEP][CLS]adrenal gland cancer","1"
"Retroperitoneal Germ Cell Tumor[SEP][CLS]lipid storage disease","0"
"Chronic Monocytic Leukemia[SEP][CLS]aortic aneurysm","0"
"Primary Lymphedema[SEP][CLS]gastrointestinal system benign neoplasm","0"
"Exhibitionism[SEP][CLS]microglandular adenosis","0"
"Laryngeal Verrucous Carcinoma[SEP][CLS]idiopathic interstitial pneumonia","0"
"Epithelial-Myoepithelial Carcinoma[SEP][CLS]sclerosing cholangitis","0"
"Mixed Cell Type Kidney Wilms Tumor[SEP][CLS]skin melanoma","0"
"Adult Central Nervous System Teratoma[SEP][CLS]posterior pituitary gland neoplasm","0"
"X-Linked Centronuclear Myopathy[SEP][CLS]medulloblastoma","0"
"Breast Apocrine Adenosis[SEP][CLS]hemangioma","0"
"Fasciolopsiasis[SEP][CLS]lung benign neoplasm","0"
"Invasive Bladder Clear Cell (Glycogen-Rich) Urothelial Carcinoma[SEP][CLS]chorioretinitis","0"
"Breast Intraductal Neoplasm[SEP][CLS]gangliosidosis","0"
"Pleural Disorder[SEP][CLS]intrinsic cardiomyopathy","0"
"Endosalpingiosis[SEP][CLS]acute myeloid leukemia","0"
"Invasive Bladder Micropapillary Urothelial Carcinoma[SEP][CLS]keratosis","0"
"Tenosynovial Giant Cell Tumor, Diffuse Type[SEP][CLS]testicular yolk sac tumor","0"
"Axillary Lymphadenitis[SEP][CLS]hormone producing pituitary cancer","0"
"Chronic Frontal Sinusitis[SEP][CLS]acute megakaryocytic leukemia","0"
"Inflammatory Bowel Disease[SEP][CLS]lichen disease","0"
"Waterhouse-Friderichsen Syndrome[SEP][CLS]nephrotic syndrome","0"
"Filariasis[SEP][CLS]sarcoma","0"
"Metabolic Syndrome[SEP][CLS]abdominal obesity-metabolic syndrome","1"
"Diverticulitis[SEP][CLS]bone benign neoplasm","0"
"Penile Basaloid Squamous Cell Carcinoma[SEP][CLS]bladder clear cell adenocarcinoma","0"
"Griscelli Syndrome Type 2[SEP][CLS]thymoma","0"
"Diabetic Vascular Disorder[SEP][CLS]uterine corpus cellular leiomyoma","0"
"Cellular Schwannoma[SEP][CLS]bone osteosarcoma","0"
"Subacute Bacterial Endocarditis[SEP][CLS]fallopian tube cancer","0"
"Uveomeningoencephalitic Syndrome[SEP][CLS]autoimmune disease of skin and connective tissue","1"
"Myositis Ossificans[SEP][CLS]bone remodeling disease","0"
"Situs Inversus[SEP][CLS]chronic lymphocytic leukemia/small lymphocytic lymphoma","0"
"Mediastinal Liposarcoma[SEP][CLS]embryonal rhabdomyosarcoma","0"
"Migraine Without Aura[SEP][CLS]syndrome","0"
"Lecithin Acyltransferase Deficiency[SEP][CLS]benign vaginal carcinosarcoma","0"
"Conventional Fibrosarcoma[SEP][CLS]systemic scleroderma","0"
"Chronic Salpingitis[SEP][CLS]rhabdomyosarcoma","0"
"Petroclival Meningioma[SEP][CLS]renal cell carcinoma","0"
"Demyelinating Disorder[SEP][CLS]bone marrow disease","0"
"Central Retinal Vein Occlusion[SEP][CLS]thymoma type B","0"
"Polymorphous Low Grade Neuroepithelial Tumor of the Young[SEP][CLS]ovarian cystadenocarcinoma","0"
"Uterine Ligament Serous Adenocarcinoma[SEP][CLS]strabismus","0"
"Malignant Granular Cell Tumor[SEP][CLS]prostate sarcoma","0"
"Oncocytic Adenoma[SEP][CLS]urinary system disease","0"
"Porphyria[SEP][CLS]balanitis","0"
"Rectal Sarcomatoid Carcinoma[SEP][CLS]male urethral cancer","0"
"Fibrolamellar Carcinoma[SEP][CLS]hepatocellular carcinoma","1"
"Sarcomatoid Mesothelioma[SEP][CLS]lipid-rich carcinoma","0"
"Olfactory Groove Meningioma[SEP][CLS]tricuspid valve disease","0"
"Scabies[SEP][CLS]motor neuron disease","0"
"Testicular Torsion[SEP][CLS]colonic benign neoplasm","0"
"Cervical Endometriosis[SEP][CLS]sarcoma","0"
"Intraneural Perineurioma[SEP][CLS]breast benign neoplasm","0"
"Testicular Seminoma, Tubular Variant[SEP][CLS]testis seminoma","1"
"Testicular Mixed Germ Cell Tumor[SEP][CLS]melancholic depression","0"
"Hemoglobinopathy[SEP][CLS]chondrosarcoma","0"
"Zollinger Ellison Syndrome[SEP][CLS]meningioma","0"
"Vulvar Alveolar Soft Part Sarcoma[SEP][CLS]vulvar sarcoma","1"
"Primary Parapharyngeal Meningioma[SEP][CLS]speech disorder","0"
"Endometritis[SEP][CLS]endometrial disease","1"
"Tolosa-Hunt Syndrome[SEP][CLS]hypertension","0"
"Osteomalacia[SEP][CLS]skull base cancer","0"
"Intraneural Perineurioma[SEP][CLS]vagina botryoid rhabdomyosarcoma","0"
"Anal Canal Cloacogenic Carcinoma[SEP][CLS]cystadenocarcinoma","0"
"Rhabdoid Meningioma[SEP][CLS]skin disease","0"
"Primary Hyperoxaluria[SEP][CLS]carbohydrate metabolic disorder","1"
"Ischemia[SEP][CLS]leiomyosarcoma","0"
"Bronchopneumonia[SEP][CLS]cholangiocarcinoma","0"
"Cerebral Malaria[SEP][CLS]myeloid and lymphoid neoplasms with eosinophilia and abnormalities of PDGFRA, PDGFRB, and FGFR1","0"
"Oligohydramnios[SEP][CLS]vulvar sarcoma","0"
"Posterior Foramen Magnum Meningioma[SEP][CLS]intracranial hypertension","0"
"Acute Necrotizing Encephalitis[SEP][CLS]angiomyolipoma","0"
"Reticulosarcoma[SEP][CLS]pituitary gland disease","0"
"Sea-Blue Histiocyte Syndrome[SEP][CLS]synucleinopathy","0"
"Nervous System Disorder[SEP][CLS]heart conduction disease","0"
"Diffuse Idiopathic Skeletal Hyperostosis[SEP][CLS]brain disease","0"
"Acneiform Dermatitis[SEP][CLS]testicular cancer","0"
"Trichomonas Infection[SEP][CLS]fasciitis","0"
"Extranodal Marginal Zone Lymphoma of Mucosa-Associated Lymphoid Tissue[SEP][CLS]obstructive lung disease","0"
"Atypical Polypoid Adenomyoma[SEP][CLS]urinary bladder cancer","0"
"Wolf-Hirschhorn Syndrome[SEP][CLS]pituitary gland disease","0"
"Aspartylglycosaminuria[SEP][CLS]cerebral ventricle cancer","0"
"Bacillary Angiomatosis[SEP][CLS]abdominal obesity-metabolic syndrome","0"
"Acquired Keratoderma[SEP][CLS]cauda equina neoplasm","0"
"Malignancy in Giant Cell Tumor of Bone[SEP][CLS]malignant giant cell tumor","1"
"Rete Ovarii Cystadenoma[SEP][CLS]viral infectious disease","0"
"Testicular Fibroma[SEP][CLS]agnosia","0"
"Mediastinal Synovial Sarcoma[SEP][CLS]multifocal osteogenic sarcoma","0"
"Orbit Rhabdomyosarcoma[SEP][CLS]calcium metabolism disease","0"
"Spina Bifida[SEP][CLS]gingival overgrowth","0"
"Colon Neuroendocrine Neoplasm[SEP][CLS]vagina sarcoma","0"
"Legionella Pneumonia[SEP][CLS]glossopharyngeal nerve disease","0"
"Falx Cerebri Meningioma[SEP][CLS]hepatobiliary disease","0"
"Agoraphobia[SEP][CLS]coccidiosis","0"
"Agnosia[SEP][CLS]epilepsy","0"
"Chordoma[SEP][CLS]gastritis","0"
"Central Retinal Artery Occlusion[SEP][CLS]severe combined immunodeficiency","0"
"Liver Fibrosarcoma[SEP][CLS]congenital heart disease","0"
"Angelman Syndrome[SEP][CLS]glycogen storage disease","0"
"Diffuse Pediatric-Type High Grade Glioma, H3-Wildtype and IDH-Wildtype[SEP][CLS]high grade glioma","1"
"Orbit Hemangioma[SEP][CLS]malignant pineal area germ cell neoplasm","0"
"Rete Testis Neoplasm[SEP][CLS]kidney sarcoma","0"
"Penile Leukoplakia[SEP][CLS]sex cord-gonadal stromal tumor","0"
"Pseudohermaphroditism[SEP][CLS]collagen disease","0"
"Pineal Region Yolk Sac Tumor[SEP][CLS]breast cancer","0"
"Gallbladder Small Cell Neuroendocrine Carcinoma[SEP][CLS]non-Langerhans-cell histiocytosis","0"
"Parasagittal Meningioma[SEP][CLS]arthropathy","0"
"Breast Central Papilloma[SEP][CLS]glycogen storage disease","0"
"Diffuse Cutaneous Mastocytosis[SEP][CLS]ovarian papillary neoplasm","0"
"Classic Variant of Chromophobe Renal Cell Carcinoma[SEP][CLS]multiple carboxylase deficiency","0"
"Duodenal Somatostatin-Producing Neuroendocrine Tumor[SEP][CLS]bacterial conjunctivitis","0"
"Intratubular Non-Seminoma[SEP][CLS]adenocarcinoma","0"
"Cardiac Sarcoma[SEP][CLS]heart cancer","1"
"Glottis Verrucous Carcinoma[SEP][CLS]bone resorption disease","0"
"Cystitis Glandularis[SEP][CLS]bone remodeling disease","0"
"Telangiectatic Glomangioma[SEP][CLS]paraplegia","0"
"Lysosomal Storage Disease[SEP][CLS]lymphoma","0"
"Schizoid Personality Disorder[SEP][CLS]Hodgkin's lymphoma","0"
"Breast Flat Ductal Epithelial Atypia[SEP][CLS]breast intraductal proliferative lesion","1"
"Keratitis[SEP][CLS]breast adenocarcinoma","0"
"Adult Astrocytic Tumor[SEP][CLS]hidradenoma","0"
"Corneal Edema[SEP][CLS]corneal disease","1"
"Aniridia[SEP][CLS]vagina botryoid rhabdomyosarcoma","0"
"Thoracic Aortic Aneurysm[SEP][CLS]aortic aneurysm","1"
"Stomach Disorder[SEP][CLS]breast adenocarcinoma","0"
"Bird Fancier's Lung[SEP][CLS]glycogen storage disease","0"
"Childhood Infratentorial Neoplasm[SEP][CLS]bilateral breast cancer","0"
"Myopia[SEP][CLS]anencephaly","0"
"Biphasic Pulmonary Blastoma[SEP][CLS]embryonal testis carcinoma","0"
"Steroid Lipomatosis[SEP][CLS]viral infectious disease","0"
"Acute Myeloid Leukemia with KMT2A Rearrangement[SEP][CLS]adenoma","0"
"Hypochondriasis[SEP][CLS]supraglottis squamous cell carcinoma","0"
"Croup[SEP][CLS]liver sarcoma","0"
"Secondary Parkinsonism[SEP][CLS]renal cell carcinoma","0"
"Ileal Neoplasm[SEP][CLS]trichothiodystrophy","0"
"Chondroid Lipoma[SEP][CLS]pervasive developmental disorder","0"
"Cervical Small Cell Neuroendocrine Carcinoma[SEP][CLS]skull base meningioma","0"
"Partial Retinal Vein Occlusion[SEP][CLS]in situ carcinoma","0"
"Macular Hole[SEP][CLS]cholangitis","0"
"Extraventricular Neurocytoma[SEP][CLS]cerebral ventricle cancer","1"
"Ovarian Mucinous Cystadenoma[SEP][CLS]ectodermal dysplasia","0"
"Thyroid Gland Oncocytic Carcinoma[SEP][CLS]hereditary renal cell carcinoma","0"
"Pseudohypoaldosteronism[SEP][CLS]pulmonary fibrosis","0"
"Bacterial Infection[SEP][CLS]disease by infectious agent","1"
"Breast Carcinoma[SEP][CLS]breast cancer","1"
"Lactic Acidosis[SEP][CLS]metabolic acidosis","1"
"Generalized Anxiety Disorder[SEP][CLS]paranasal sinus benign neoplasm","0"
"Pleomorphic Lipoma[SEP][CLS]arthropathy","0"
"WDHA Syndrome[SEP][CLS]central nervous system benign neoplasm","0"
"Malignant Smooth Muscle Neoplasm[SEP][CLS]muscle cancer","1"
"Combined Lung Small Cell Carcinoma[SEP][CLS]lung small cell carcinoma","1"
"Holocarboxylase Synthetase Deficiency[SEP][CLS]heart cancer","0"
"Nodular Goiter[SEP][CLS]ovarian germ cell cancer","0"
"Fibroblastic Liposarcoma[SEP][CLS]liposarcoma","1"
"Systemic Mastocytosis with an Associated Myeloid Neoplasm[SEP][CLS]mineral metabolism disease","0"
"Carnitine Palmitoyltransferase II Deficiency[SEP][CLS]endometrial disease","0"
"Conventional Malignant Hemangiopericytoma[SEP][CLS]breast sarcoma","0"
"Adult Brain Stem Mixed Glioma[SEP][CLS]male infertility","0"
"Carotid Artery Stenosis[SEP][CLS]carotid artery disease","1"
"Extrahepatic Bile Duct Adenocarcinoma[SEP][CLS]spinal muscular atrophy","0"
"Testicular Yolk Sac Tumor[SEP][CLS]testicular non-seminomatous germ cell cancer","1"
"Rectal Prolapse[SEP][CLS]cholangitis","0"
"Breast Leiomyoma[SEP][CLS]physical urticaria","0"
"Hypertropia[SEP][CLS]hyperpituitarism","0"
"Ovarian Clear Cell Adenocarcinofibroma[SEP][CLS]primary ciliary dyskinesia","0"
"Melanomatosis[SEP][CLS]hepatic vascular disease","0"
"Minimally Invasive Lung Adenocarcinoma[SEP][CLS]splenic disease","0"
"Seizure Disorder[SEP][CLS]carcinosarcoma","0"
"Tuberculous Laryngitis[SEP][CLS]primary bacterial infectious disease","0"
"Actinic Keratosis[SEP][CLS]connective tissue cancer","0"
"Sialic Acid Storage Disease[SEP][CLS]pre-eclampsia","0"
"Myoepithelial Tumor[SEP][CLS]ovarian germ cell cancer","0"
"Diffuse Leptomeningeal Glioneuronal Tumor[SEP][CLS]anaplastic astrocytoma","0"
"Hypoglossal Nerve Disorder[SEP][CLS]leiomyosarcoma","0"
"Aleukemic Leukemia[SEP][CLS]autoimmune disease of musculoskeletal system","0"
"Skin Squamous Papilloma[SEP][CLS]parathyroid adenoma","0"
"Mixed Phenotype Acute Leukemia, B/Myeloid[SEP][CLS]macrocytic anemia","0"
"Meckel Diverticulitis[SEP][CLS]eye disease","0"
"Epithelioid Angiomyolipoma[SEP][CLS]cystadenocarcinoma","0"
"B Acute Lymphoblastic Leukemia with t(v;11q23.3); KMT2A Rearranged[SEP][CLS]eating disorder","0"
"Bartholin Gland Adenosquamous Carcinoma[SEP][CLS]thymus gland disease","0"
"Mediastinal Melanotic Schwannoma[SEP][CLS]meningioma","0"
"Dacryoadenitis[SEP][CLS]bile duct cystadenoma","0"
"Squamous Cell Neoplasm[SEP][CLS]cell type benign neoplasm","1"
"Inflammatory Atypical Lipomatous Tumor/Well Differentiated Liposarcoma[SEP][CLS]brain disease","0"
"Glaucoma[SEP][CLS]cerebral ventricle cancer","0"
"Diabetes Insipidus[SEP][CLS]glomerulosclerosis","0"
"Cardiovascular Disorder[SEP][CLS]prostate cancer","0"
"Remnant Hyperlipidemia[SEP][CLS]squamous cell carcinoma","0"
"Duodenal Ulcer[SEP][CLS]follicular adenoma","0"
"Brain Extraskeletal Myxoid Chondrosarcoma[SEP][CLS]hemangioma","0"
"Breast Melanoma[SEP][CLS]syndrome","0"
"Pericarditis[SEP][CLS]leukodystrophy","0"
"Kernicterus Related to Isoimmunization[SEP][CLS]cervical cancer","0"
"Acute Myeloid Leukemia with Maturation[SEP][CLS]endometrial adenocarcinoma","0"
"Alopecia Mucinosa[SEP][CLS]myopathy","0"
"Mixed Germ Cell Tumor[SEP][CLS]meningioma","0"
"Bladder Diverticulum[SEP][CLS]ureter transitional cell carcinoma","0"
"Myeloid/Lymphoid Neoplasms with Eosinophilia and Tyrosine Kinase Gene Fusions[SEP][CLS]myeloid neoplasm","1"
"Gynatresia[SEP][CLS]female reproductive system disease","1"
"Trichothiodystrophy[SEP][CLS]spastic cerebral palsy","0"
"Ovarian Mucinous Adenocarcinofibroma[SEP][CLS]spleen cancer","0"
"Maxillary Sinus Adenoid Cystic Carcinoma[SEP][CLS]trigeminal nerve neoplasm","0"
"Childhood Ovarian Mature Teratoma[SEP][CLS]mature teratoma of the ovary","1"
"Hemolytic Anemia[SEP][CLS]pseudohypoparathyroidism","0"
"Porocarcinoma[SEP][CLS]lower respiratory tract disease","0"
"Testicular Infarction[SEP][CLS]bladder disease","0"
"Occult Lung Large Cell Carcinoma[SEP][CLS]uremia","0"
"Vaginal Glandular Neoplasm[SEP][CLS]hypersensitivity reaction type III disease","0"
"Malignant Adult Hemangiopericytoma[SEP][CLS]thiamine deficiency disease","0"
"Pyruvate Carboxylase Deficiency[SEP][CLS]gonadal dysgenesis","0"
"Werdnig-Hoffmann Disease[SEP][CLS]hemangioma","0"
"Skin Basal Cell Carcinoma with Sarcomatoid Differentiation[SEP][CLS]neonatal period electroclinical syndrome","0"
"Breast Signet Ring Cell Carcinoma[SEP][CLS]psychotic disorder","0"
"Paraplegia[SEP][CLS]vascular disease","0"
"Hyperlipoproteinemia, Type IIb[SEP][CLS]teeth hard tissue disease","0"
"Urea Cycle Metabolism Disorder[SEP][CLS]peripheral vascular disease","0"
"Food Allergy[SEP][CLS]histiocytoma","0"
"Hypertrophic Cardiomyopathy[SEP][CLS]vulva carcinoma","0"
"Venous Insufficiency[SEP][CLS]parasitic ectoparasitic infectious disease","0"
"Complete Androgen Insensitivity Syndrome[SEP][CLS]androgen insensitivity syndrome","1"
"Language Disorder[SEP][CLS]myopathy","0"
"Malignant Ovarian Brenner Tumor[SEP][CLS]malignant ovarian surface epithelial-stromal neoplasm","1"
"Eosinophilic Pneumonia[SEP][CLS]central nervous system benign neoplasm","0"
"Dehydration Polycythemia[SEP][CLS]vulva squamous cell carcinoma","0"
"Childhood Conventional Osteosarcoma[SEP][CLS]neutropenia","0"
"Gastric Leiomyoma[SEP][CLS]gastrointestinal system benign neoplasm","1"
"Metachronous Osteosarcoma[SEP][CLS]lung non-small cell carcinoma","0"
"Oral Cavity Disorder[SEP][CLS]proliferative type fibrocystic change of breast","0"
"Duodenitis[SEP][CLS]renal cell carcinoma","0"
"Skull Base Neoplasm[SEP][CLS]polycythemia","0"
"Gingival Recession[SEP][CLS]spinal cord glioma","0"
"N1 Diffuse Large B-Cell Lymphoma[SEP][CLS]pancreatic adenocarcinoma","0"
"Gastroesophageal Reflux Disease[SEP][CLS]myopathy","0"
"Esophageal Achalasia[SEP][CLS]esophageal disease","1"
"Epidural Spinal Canal Meningioma[SEP][CLS]psychotic disorder","0"
"Giant Cell Tumor[SEP][CLS]male urethral cancer","0"
"Metastatic Somatotroph Pituitary Neuroendocrine Tumor[SEP][CLS]hormone producing pituitary cancer","1"
"Meningitis[SEP][CLS]disorder of sexual development","0"
"Persistent Hyperplastic Primary Vitreous[SEP][CLS]ductal carcinoma in situ","0"
"Autoimmune Lymphoproliferative Syndrome[SEP][CLS]choroid disease","0"
"Leukemia[SEP][CLS]gastric adenocarcinoma","0"
"Skin Vascular Disorder[SEP][CLS]tracheal disease","0"
"Unilateral Retinoblastoma[SEP][CLS]prostate rhabdomyosarcoma","0"
"Alpha Thalassemia[SEP][CLS]parasitic protozoa infectious disease","0"
"Spiradenocarcinoma[SEP][CLS]eccrine sweat gland cancer","1"
"Fallopian Tube Teratoma[SEP][CLS]uterine ligament adenocarcinoma","0"
"Peripheral Primitive Neuroectodermal Tumor of Soft Tissues[SEP][CLS]collagen disease","0"
"Supratentorial Ependymoma, ZFTA-RELA Fusion-Positive[SEP][CLS]supratentorial ependymoma","1"
"EZB Diffuse Large B-Cell Lymphoma[SEP][CLS]psoriasis","0"
"Hepatocellular Carcinoma[SEP][CLS]pleural disease","0"
"Ectodermal Dysplasia[SEP][CLS]uterine body mixed cancer","0"
"Cellular Congenital Mesoblastic Nephroma[SEP][CLS]sebaceous gland disease","0"
"Nocardiosis[SEP][CLS]epithelial and subepithelial dystrophy","0"
"Choroideremia[SEP][CLS]thyroid gland disease","0"
"Childhood Vaginal Botryoid-Type Embryonal Rhabdomyosarcoma[SEP][CLS]neuropathy","0"
"Chronic Lymphoproliferative Disorder of NK-Cells[SEP][CLS]bone cancer","0"
"Spinal Muscular Atrophy of Childhood[SEP][CLS]glomerulonephritis","0"
"Pancreatic Ductal Adenocarcinoma[SEP][CLS]skin melanoma","0"
"Leuteoma of Pregnancy[SEP][CLS]uterine corpus sarcoma","0"
"Encephalomyelitis[SEP][CLS]primary bacterial infectious disease","0"
"Telangiectatic Osteosarcoma[SEP][CLS]angiomyolipoma","0"
"Extrahepatic Bile Duct Mucinous Cystic Neoplasm[SEP][CLS]ovary adenocarcinoma","0"
"Sphenocavernous Meningioma[SEP][CLS]teeth hard tissue disease","0"
"Gastric Cronkhite Canada Polyposis[SEP][CLS]central nervous system germ cell tumor","0"
"Bladder Papillary Urothelial Neoplasm[SEP][CLS]hyperostosis","0"
"Male Urethral Malignant Neoplasm[SEP][CLS]neurofibroma","0"
"Nevoid Basal Cell Carcinoma Syndrome[SEP][CLS]autoimmune disease of gastrointestinal tract","0"
"Adult Brain Stem Astrocytoma[SEP][CLS]adult brain stem glioma","1"
"Lung Mucous Gland Adenoma[SEP][CLS]liposarcoma","0"
"Testicular Pure Germ Cell Tumor[SEP][CLS]pyelonephritis","0"
"Breast Rhabdomyosarcoma[SEP][CLS]encephalomalacia","0"
"Endocrine System Disorder[SEP][CLS]central nervous system benign neoplasm","0"
"Breast Malignant Myoepithelioma[SEP][CLS]epithelioid sarcoma","0"
"Acute Erythroid Leukemia[SEP][CLS]cervical adenocarcinoma","0"
"Esophageal Adenoid Cystic Carcinoma[SEP][CLS]glomerulonephritis","0"
"Subacute Glomerulonephritis[SEP][CLS]lipomatosis","0"
"Ovarian Biphasic or Triphasic Teratoma[SEP][CLS]stomach disease","0"
"Darier Disease[SEP][CLS]dermatophytosis","0"
"Intestinal Atresia[SEP][CLS]colitis","0"
"Secondary Polycythemia[SEP][CLS]acanthoma","0"
"Testicular Germ Cell Tumor[SEP][CLS]basal cell carcinoma","0"
"Sphenoidal Sinusitis[SEP][CLS]intestinal obstruction","0"
"Gallbladder Obstruction[SEP][CLS]bladder squamous cell carcinoma","0"
"Thymus Disorder[SEP][CLS]infancy electroclinical syndrome","0"
"Chordoid Meningioma[SEP][CLS]female reproductive system disease","0"
"Mucinous Tubular and Spindle Cell Carcinoma of the Kidney[SEP][CLS]hematopoietic system disease","0"
"Wolffian Tumor[SEP][CLS]arteriosclerotic cardiovascular disease","0"
"Mucinous Tubular and Spindle Cell Carcinoma of the Kidney[SEP][CLS]cataract","0"
"Benign Mucous Membrane Pemphigoid[SEP][CLS]acute porphyria","0"
"Nasopharyngitis[SEP][CLS]vitreous disease","0"
"Adamantinomatous Craniopharyngioma[SEP][CLS]viral infectious disease","0"
"Hereditary Retinoblastoma[SEP][CLS]ureteral benign neoplasm","0"
"Childhood Oligodendroglioma[SEP][CLS]mixed cell type cancer","0"
"HIV Infection[SEP][CLS]gastrointestinal system benign neoplasm","0"
"Childhood Adrenal Gland Pheochromocytoma[SEP][CLS]adrenal gland pheochromocytoma","1"
"Mitral Valve Disorder[SEP][CLS]peripheral nerve sheath neoplasm","0"
"Alcoholic Polyneuropathy[SEP][CLS]chronic conjunctivitis","0"
"Classic Variant of Chromophobe Renal Cell Carcinoma[SEP][CLS]ovarian germ cell cancer","0"
"Adult Malignant Mesenchymoma[SEP][CLS]thymic carcinoma","0"
"Liposarcoma[SEP][CLS]pharynx cancer","0"
"Liposarcoma[SEP][CLS]third cranial nerve disease","0"
"Spinal Cord Neuroblastoma[SEP][CLS]non-Langerhans-cell histiocytosis","0"
"Minimal Change Glomerulonephritis[SEP][CLS]apocrine sweat gland neoplasm","0"
"Central Sleep Apnea[SEP][CLS]restrictive cardiomyopathy","0"
"Pyromania[SEP][CLS]autoimmune disease of skin and connective tissue","0"
"Uterine Corpus Myxoid Leiomyosarcoma[SEP][CLS]uterus leiomyosarcoma","1"
"Tracheal Calcification[SEP][CLS]invasive bladder transitional cell carcinoma","0"
"Mycobacterium Avium Infection[SEP][CLS]neuroendocrine tumor","0"
"Mediastinal Ganglioneuroblastoma[SEP][CLS]gestational choriocarcinoma","0"
"Jejunal Neoplasm[SEP][CLS]malignant pleural mesothelioma","0"
"Kidney Extraskeletal Osteosarcoma[SEP][CLS]kidney sarcoma","1"
"Extrahepatic Bile Duct Mucinous Cystic Neoplasm[SEP][CLS]salpingitis","0"
"Sphenocavernous Meningioma[SEP][CLS]hematologic cancer","0"
"Developmental Coordination Disorder[SEP][CLS]monocytic leukemia","0"
"Ceruminous Adenoma[SEP][CLS]hypohidrosis","0"
"Vaginal Disorder[SEP][CLS]female reproductive system disease","1"
"Exostosis[SEP][CLS]craniopharyngioma","0"
"Parachordoma[SEP][CLS]cystic teratoma","0"
"Keratoconus[SEP][CLS]carcinosarcoma","0"
"Typhoid Fever[SEP][CLS]retinoblastoma","0"
"Uterine Corpus Leiomyoma[SEP][CLS]non-Hodgkin lymphoma","0"
"Ovarian Cystadenocarcinoma[SEP][CLS]spastic cerebral palsy","0"
"Fanconi Anemia[SEP][CLS]pancreatic adenocarcinoma","0"
"Bladder Small Cell Neuroendocrine Carcinoma[SEP][CLS]bladder carcinoma","1"
"Tubular Adenocarcinoma[SEP][CLS]adenocarcinoma","1"
"Hartnup Disease[SEP][CLS]tetanus","0"
"Cervical Endometriosis[SEP][CLS]central nervous system melanocytic neoplasm","0"
"Sphingolipidosis[SEP][CLS]peroxisomal disease","0"
"Erectile Dysfunction[SEP][CLS]sexual dysfunction","1"
"Ovarian Small Cell Carcinoma, Pulmonary-Type[SEP][CLS]opportunistic mycosis","0"
"Retrograde Amnesia[SEP][CLS]bone development disease","0"
"Blastomycosis[SEP][CLS]acute myeloid leukemia","0"
"Tenosynovial Giant Cell Tumor[SEP][CLS]third cranial nerve disease","0"
"Megacolon[SEP][CLS]primary hyperaldosteronism","0"
"Krabbe Disease[SEP][CLS]paraphilia disorder","0"
"Childhood Extraocular Retinoblastoma[SEP][CLS]meningioma","0"
"Lacrimal Gland Adenoid Cystic Carcinoma[SEP][CLS]meningioma","0"
"Wolffian Tumor[SEP][CLS]esophageal disease","0"
"Melioidosis[SEP][CLS]male infertility","0"
"Vaginal Tubulovillous Adenoma[SEP][CLS]hyperglycemia","0"
"Childhood Renal Cell Carcinoma[SEP][CLS]obesity","0"
"Cervical Verrucous Carcinoma[SEP][CLS]sweat gland disease","0"
"Partial Motor Seizure[SEP][CLS]adenoma","0"
"Schwannoma[SEP][CLS]impulse control disorder","0"
"Acanthoma[SEP][CLS]sclerosing cholangitis","0"
"Cerebellopontine Angle Neoplasm[SEP][CLS]periodontal disease","0"
"Secretory Meningioma[SEP][CLS]parasitic protozoa infectious disease","0"
"Lupus Erythematosus[SEP][CLS]sphingolipidosis","0"
"Rhinitis[SEP][CLS]nasal cavity disease","1"
"Benign Ovarian Sex Cord-Stromal Tumor[SEP][CLS]skin disease","0"
"Monkeypox[SEP][CLS]pemphigoid","0"
"Medulloblastoma, SHH-Activated[SEP][CLS]anterior cranial fossa meningioma","0"
"Intravenous Leiomyomatosis[SEP][CLS]vascular disease","1"
"Comedo-Type Adenocarcinoma[SEP][CLS]cervical squamous cell carcinoma","0"
"Paracoccidioidomycosis[SEP][CLS]language disorder","0"
"Chronic Obstructive Pulmonary Disease[SEP][CLS]thyroiditis","0"
"Gastroesophageal Reflux Disease[SEP][CLS]acute myeloid leukemia","0"
"Congenital Dyserythropoietic Anemia[SEP][CLS]muscle cancer","0"
"Acute Laryngitis[SEP][CLS]meningioma","0"
"Lung Large Cell Carcinoma with Rhabdoid Phenotype[SEP][CLS]lung large cell carcinoma","1"
"Substance-Related Disorder[SEP][CLS]nutritional deficiency disease","0"
"B Lymphoblastic Leukemia/Lymphoma with t(9;22)(q34.1;q11.2); BCR-ABL1[SEP][CLS]eye disease","0"
"Breast Spiradenoma[SEP][CLS]subglottis squamous cell carcinoma","0"
"Acquired Color Blindness[SEP][CLS]pituitary gland disease","0"
"Beckwith-Wiedemann Syndrome[SEP][CLS]posterior pituitary gland neoplasm","0"
"Disseminated Intravascular Coagulation[SEP][CLS]skull cancer","0"
"Prostate Angiosarcoma[SEP][CLS]paraphilia disorder","0"
"Primary Peritoneal Serous Papillary Adenocarcinoma[SEP][CLS]pulmonary fibrosis","0"
"Kidney Oncocytoma[SEP][CLS]supratentorial ependymoma","0"
"Meningothelial Cell Neoplasm[SEP][CLS]thyroid gland disease","0"
"Well Differentiated Papillary Mesothelial Tumor[SEP][CLS]benign mesothelioma","1"
"Necrotizing Fasciitis[SEP][CLS]female reproductive system disease","0"
"Visual Cortex Disorder[SEP][CLS]meningioma","0"
"Uterine Disorder[SEP][CLS]amino acid metabolic disorder","0"
"Benign Granular Cell Tumor[SEP][CLS]adrenal gland cancer","0"
"Ovarian Clear Cell Adenocarcinofibroma[SEP][CLS]placenta disease","0"
"Glanders[SEP][CLS]benign ependymoma","0"
"Ovarian Serous Cystadenocarcinoma[SEP][CLS]dermatitis","0"
"Amyotrophic Lateral Sclerosis[SEP][CLS]pulmonary valve stenosis","0"
"Arthropathy in Behcet's Syndrome[SEP][CLS]arthropathy","1"
"Composite Ganglioneuroblastoma, Stroma-Dominant and Stroma-Poor[SEP][CLS]autosomal recessive cerebellar ataxia","0"
"Intracerebral Cystic Meningioma[SEP][CLS]cerebral ventricle cancer","0"
"Intussusception[SEP][CLS]blindness","0"
"Cryptophthalmia[SEP][CLS]physical disorder","1"
"Neurodermatitis[SEP][CLS]dermatitis","1"
"Breast Hemangiopericytoma[SEP][CLS]primary bacterial infectious disease","0"
"Myxofibrosarcoma[SEP][CLS]peripheral vascular disease","0"
"Medulloblastoma, SHH-Activated, TP53-Mutant[SEP][CLS]sinusitis","0"
"Uterine Polyp[SEP][CLS]brain disease","0"
"Dissociative Amnesia[SEP][CLS]breast sarcoma","0"
"Gilbert Syndrome[SEP][CLS]acute conjunctivitis","0"
"Digestive System Neuroendocrine Neoplasm[SEP][CLS]gastrointestinal system benign neoplasm","1"
"Male Urethral Malignant Neoplasm[SEP][CLS]pituitary gland disease","0"
"Retinitis[SEP][CLS]peripheral nervous system disease","0"
"Hereditary Retinal Dystrophy[SEP][CLS]lacrimal system cancer","0"
"Thyroid Gland Medullary Carcinoma[SEP][CLS]thyroid gland carcinoma","1"
"Xerophthalmia[SEP][CLS]malignant mesothelioma","0"
"Learning Disorder[SEP][CLS]central nervous system mature teratoma","0"
"Disseminated Intravascular Coagulation[SEP][CLS]glomerulonephritis","0"
"Purpura[SEP][CLS]hemorrhagic disease","1"
"Hyperkalemic Periodic Paralysis[SEP][CLS]cranial nerve malignant neoplasm","0"
"Bladder Tubulo-Cystic Clear Cell Adenocarcinoma[SEP][CLS]autosomal dominant intellectual developmental disorder","0"
"Mixed Phenotype Acute Leukemia, B/Myeloid[SEP][CLS]ocular motility disease","0"
"Intramuscular Lipoma[SEP][CLS]syndrome","0"
"Lewy Body Dementia[SEP][CLS]skin glomangioma","0"
"Periosteal Chondroma[SEP][CLS]vascular disease","0"
"Malignant Glottis Neoplasm[SEP][CLS]larynx cancer","1"
"Uterine Disorder[SEP][CLS]non-Hodgkin lymphoma","0"
"Intrahepatic Bile Duct Mucinous Cystic Neoplasm[SEP][CLS]acute lymphoblastic leukemia","0"
"Pharyngoconjunctival Fever[SEP][CLS]rectum adenocarcinoma","0"
"Childhood Pleomorphic Rhabdomyosarcoma[SEP][CLS]aplastic anemia","0"
"Childhood Mediastinal Neurogenic Neoplasm[SEP][CLS]optic nerve disease","0"
"Farmer's Lung[SEP][CLS]familial hyperlipidemia","0"
"Neuroleptic Malignant Syndrome[SEP][CLS]bile duct adenoma","0"
"Ampulla of Vater Small Cell Neuroendocrine Carcinoma[SEP][CLS]kidney disease","0"
"Vulvar Keratinizing Squamous Cell Carcinoma[SEP][CLS]conventional osteosarcoma","0"
"Glaucoma[SEP][CLS]eye disease","1"
"Actinic Keratosis[SEP][CLS]vaginal disease","0"
"Gastric Teratoma[SEP][CLS]stomach cancer","1"
"Childhood Cerebellar Neoplasm[SEP][CLS]sphingolipidosis","0"
"Vulvar Nodular Hidradenoma[SEP][CLS]ovarian germ cell teratoma","0"
"Lateral Wall of the Bladder[SEP][CLS]amino acid metabolic disorder","0"
"Colon Leiomyoma[SEP][CLS]thymus gland disease","0"
"Necrotizing Fasciitis[SEP][CLS]fasciitis","1"
"Dissociative Amnesia[SEP][CLS]personality disorder","0"
"Teratoma with Somatic-Type Malignancy[SEP][CLS]teratoma","1"
"Acrofacial Dysostosis[SEP][CLS]acrofacial dysostosis","1"
"Lymph Node Disorder[SEP][CLS]viral infectious disease","0"
"Periodontitis[SEP][CLS]cervical adenomyoma","0"
"Adenoid Cystic Carcinoma[SEP][CLS]motor neuritis","0"
"Small Cell Neuroendocrine Carcinoma[SEP][CLS]pericardial effusion","0"
"Acute Periodontitis[SEP][CLS]breast adenocarcinoma","0"
"Broad Ligament Adenocarcinoma[SEP][CLS]familial hyperlipidemia","0"
"Plantar Verrucous Carcinoma[SEP][CLS]testicular malignant germ cell cancer","0"
"Hepatorenal Syndrome[SEP][CLS]high grade glioma","0"
"Homocystinuria[SEP][CLS]extrahepatic bile duct adenocarcinoma","0"
"Pyomyositis[SEP][CLS]lung non-small cell carcinoma","0"
"Endobronchial Leiomyoma[SEP][CLS]skin benign neoplasm","0"
"Eosinophilic Gastritis[SEP][CLS]syndrome","0"
"Renal Papillary Adenoma[SEP][CLS]interstitial lung disease","0"
"Alastrim[SEP][CLS]cervical cancer","0"
"X-Linked Centronuclear Myopathy[SEP][CLS]vulva carcinoma","0"
"Peripheral Primitive Neuroectodermal Tumor of Bone[SEP][CLS]parachordoma","0"
"Trigeminal Schwannoma[SEP][CLS]sexual health disorder","0"
"Melkersson-Rosenthal Syndrome[SEP][CLS]autoimmune disease of skin and connective tissue","0"
"Tinea Versicolor[SEP][CLS]uterine benign neoplasm","0"
"Alpha-Mannosidosis[SEP][CLS]chromosomal deletion syndrome","0"
"Pancreatic Ductal Adenocarcinoma[SEP][CLS]supratentorial cancer","0"
"Complete Trisomy 18 Syndrome[SEP][CLS]cholestasis","0"
"Salpingo-Oophoritis[SEP][CLS]central nervous system cancer","0"
"B-Cell Prolymphocytic Leukemia[SEP][CLS]diabetes insipidus","0"
"Myeloid/Lymphoid Neoplasms with Eosinophilia and Tyrosine Kinase Gene Fusions[SEP][CLS]disease of mental health","0"
"Penile Sarcomatoid Carcinoma[SEP][CLS]breast sarcoma","0"
"Striatonigral Degeneration[SEP][CLS]embryonal tumor with multilayered rosettes","0"
"Expressive Language Disorder[SEP][CLS]amino acid metabolic disorder","0"
"Aseptic Meningitis[SEP][CLS]thyroiditis","0"
"Cutaneous Ganglioneuroma[SEP][CLS]skin benign neoplasm","1"
"Hallermann Syndrome[SEP][CLS]testicular germ cell cancer","0"
"Acute Myocarditis[SEP][CLS]myocarditis","1"
"Central Nervous System Mature Teratoma[SEP][CLS]cervical adenocarcinoma","0"
"Eosinophilic Variant of Chromophobe Renal Cell Carcinoma[SEP][CLS]macular retinal edema","0"
"Blastema Predominant Kidney Wilms Tumor[SEP][CLS]sphingolipidosis","0"
"Papillary Carcinoma[SEP][CLS]carcinoma","1"
"Breast Myoepitheliosis[SEP][CLS]parasitic protozoa infectious disease","0"
"Thrombocytosis[SEP][CLS]lipoma","0"
"Testicular Monophasic Choriocarcinoma[SEP][CLS]ethmoidal sinus benign neoplasm","0"
"Squamous Papillomatosis[SEP][CLS]urea cycle disorder","0"
"Clear Cell Cystadenofibroma[SEP][CLS]gallbladder carcinoma","0"
"Cerebellopontine Angle Schwannoma[SEP][CLS]infratentorial cancer","0"
"Lymphocele[SEP][CLS]central nervous system sarcoma","0"
"Retinal Melanoma[SEP][CLS]spinal canal and spinal cord meningioma","0"
"Colon Neuroendocrine Neoplasm[SEP][CLS]conjunctival degeneration","0"
"Osteosarcoma Arising in Paget Disease of Bone[SEP][CLS]B-lymphoblastic leukemia/lymphoma","0"
"Childhood Mesenchymal Chondrosarcoma[SEP][CLS]chorioretinitis","0"
"Substance-Related Disorder[SEP][CLS]dermatitis","0"
"Breast Mixed Epithelial/Mesenchymal Metaplastic Carcinoma[SEP][CLS]ovarian benign neoplasm","0"
"Spinal Cord Disorder[SEP][CLS]central nervous system disease","1"
"Tanycytic Ependymoma[SEP][CLS]hypopharynx cancer","0"
"Myxoid Glioneuronal Tumor[SEP][CLS]kidney disease","0"
"Ovarian Mucinous Cystadenofibroma[SEP][CLS]malignant mesothelioma","0"
"Salpingitis Isthmica Nodosa[SEP][CLS]artery disease","0"
"Lysosomal Storage Disease[SEP][CLS]anxiety disorder","0"
"Schizoid Personality Disorder[SEP][CLS]keratosis","0"
"Colon Lymphangioma[SEP][CLS]skin disease","0"
"Cerebrotendinous Xanthomatosis[SEP][CLS]monocytic leukemia","0"
"Extraskeletal Osteosarcoma[SEP][CLS]connective tissue cancer","0"
"Sarcomatosis[SEP][CLS]leiomyoma","0"
"Panic Disorder[SEP][CLS]thymoma","0"
"Anthracosilicosis[SEP][CLS]pre-malignant neoplasm","0"
"Broad Ligament Endometrioid Adenocarcinoma[SEP][CLS]acquired polycythemia","0"
"Thyroid Gland Follicular Carcinoma[SEP][CLS]uterine benign neoplasm","0"
"Deep Leiomyoma[SEP][CLS]microcytic anemia","0"
"Malignant Buccal Mucosa Neoplasm[SEP][CLS]viral infectious disease","0"
"Testicular Monophasic Choriocarcinoma[SEP][CLS]well-differentiated liposarcoma","0"
"Pituitary Gland Infarction[SEP][CLS]rhabdoid cancer","0"
"Ileitis[SEP][CLS]neurodegenerative disease","0"
"Craniosynostosis[SEP][CLS]breast benign neoplasm","0"
"Ethmoidal Sinusitis[SEP][CLS]sinusitis","1"
"Multifocal Osteosarcoma[SEP][CLS]vaginal benign neoplasm","0"
"Vulvar Melanoma[SEP][CLS]immature teratoma of ovary","0"
"Essential Thrombocythemia[SEP][CLS]adenofibroma","0"
"Plantar Verrucous Carcinoma[SEP][CLS]retinal edema","0"
"Vulvar Non-Keratinizing Squamous Cell Carcinoma[SEP][CLS]hypothyroidism","0"
"Undifferentiated Pleomorphic Sarcoma with Osteoclast-Like Giant Cells[SEP][CLS]mixed testicular germ cell tumor","0"
"Breast Engorgement in Newborn[SEP][CLS]meningioma","0"
"Clear Cell Acanthoma[SEP][CLS]mucolipidosis","0"
"Cavernous Hemangioma of the Face[SEP][CLS]conventional osteosarcoma","0"
"Childhood Pleomorphic Rhabdomyosarcoma[SEP][CLS]cervical adenocarcinoma","0"
"Prostate Acinar Adenocarcinoma[SEP][CLS]non-Langerhans-cell histiocytosis","0"
"Giant Cell Tumor of Bone[SEP][CLS]benign giant cell tumor","1"
"Landau-Kleffner Syndrome[SEP][CLS]cognitive disorder","0"
"Solitary Mastocytoma of the Skin[SEP][CLS]mast cell neoplasm","1"
"Acute Myeloid Leukemia, Myelodysplasia-Related[SEP][CLS]hypersensitivity reaction type IV disease","0"
"Breast Melanoma[SEP][CLS]transitional cell carcinoma","0"
"1p36 Deletion Syndrome[SEP][CLS]cervical mucinous adenocarcinoma","0"
"Epiretinal Membrane[SEP][CLS]degeneration of macula and posterior pole","1"
"Malignant Skeletal Muscle Neoplasm[SEP][CLS]mature T-cell and NK-cell lymphoma","0"
"Brain Stem Astrocytoma[SEP][CLS]sella turcica neoplasm","0"
"Malignant Cardiac Hemangiopericytoma[SEP][CLS]dermatitis","0"
"Cerebral Infarction[SEP][CLS]bone development disease","0"
"Intermittent Explosive Disorder[SEP][CLS]impulse control disorder","1"
"Adult Testicular Granulosa Cell Tumor[SEP][CLS]skin melanoma","0"
"Breast Sclerosing Papilloma[SEP][CLS]plasma cell neoplasm","0"
"Solitary Breast Cyst[SEP][CLS]lipomatosis","0"
"Myxosarcoma[SEP][CLS]liver sarcoma","0"
"Thymic Dysplasia[SEP][CLS]testicular disease","0"
"West Syndrome[SEP][CLS]stomach cancer","0"
"Chronic Eosinophilic Pneumonia[SEP][CLS]third cranial nerve disease","0"
"Trichothiodystrophy[SEP][CLS]trichothiodystrophy","1"
"Congenital Infundibular Stenosis[SEP][CLS]disorder of sexual development","0"
"Myocardial Infarction[SEP][CLS]sphingolipidosis","0"
"Histiocytic Sarcoma[SEP][CLS]childhood brain stem glioma","0"
"Collagenous Colitis[SEP][CLS]mouth disease","0"
"Cervical Symmetrical Lipomatosis[SEP][CLS]angiokeratoma","0"
"Testicular Infarction[SEP][CLS]testicular disease","1"
"Epithelioid Malignant Peripheral Nerve Sheath Tumor[SEP][CLS]in situ carcinoma","0"
"Extrahepatic Bile Duct Small Cell Neuroendocrine Carcinoma[SEP][CLS]syndrome","0"
"Breast Hypertrophy[SEP][CLS]encephalitis","0"
"Endometrial Mixed Cell Adenocarcinoma[SEP][CLS]primary systemic mycosis","0"
"Nodal Marginal Zone Lymphoma[SEP][CLS]disease by infectious agent","0"
"Gastric Papillary Adenocarcinoma[SEP][CLS]somatoform disorder","0"
"Childhood Supratentorial Embryonal Tumor with Multilayered Rosettes, C19MC-Altered[SEP][CLS]thyroid gland papillary carcinoma","0"
"Chronic Maxillary Sinusitis[SEP][CLS]carbohydrate metabolic disorder","0"
"Cystadenoma[SEP][CLS]meningioma","0"
"Childhood Angiosarcoma[SEP][CLS]intraductal breast benign neoplasm","0"
"Acute Promyelocytic Leukemia with t(15;17)(q24.1;q21.2); PML-RARA[SEP][CLS]marginal zone lymphoma","0"
"Fox-Fordyce Disease[SEP][CLS]adrenal gland disease","0"
"Retinitis Pigmentosa[SEP][CLS]osteosarcoma","0"
"Psammomatous Meningioma[SEP][CLS]brain cancer","0"
"Androgen Insensitivity Syndrome[SEP][CLS]gastrointestinal system disease","0"
"Peripheral Primitive Neuroectodermal Tumor of Soft Tissues[SEP][CLS]thyroiditis","0"
"Brain Glioblastoma[SEP][CLS]uterine fibroid","0"
"Melanotic Neuroectodermal Tumor[SEP][CLS]dissociative disorder","0"
"Lymphocytic Gastritis[SEP][CLS]gastritis","1"
"Subendocardial Myocardial Infarction by ECG Finding[SEP][CLS]optic nerve glioma","0"
"Nephrogenic Diabetes Insipidus[SEP][CLS]diabetes insipidus","1"
"Sick Sinus Syndrome[SEP][CLS]sinoatrial node disease","1"
"Dilated Cardiomyopathy[SEP][CLS]nipple carcinoma","0"
"Vulvar Glandular Neoplasm[SEP][CLS]islet cell tumor","0"
"Multiple Skull Base Meningiomas[SEP][CLS]distal arthrogryposis","0"
"Erythromelalgia[SEP][CLS]gastrointestinal system disease","0"
"Measles[SEP][CLS]non-Hodgkin lymphoma","0"
"Enamel Hypoplasia[SEP][CLS]Ehlers-Danlos syndrome","0"
"Cystitis Cystica[SEP][CLS]xanthomatosis","0"
"Autoimmune Lymphoproliferative Syndrome[SEP][CLS]skin benign neoplasm","0"
"Spinocerebellar Ataxia Type 3[SEP][CLS]autosomal dominant cerebellar ataxia","1"
"Primary Lateral Sclerosis[SEP][CLS]malignant peripheral nerve sheath tumor","0"
"Fibrous Synovial Sarcoma[SEP][CLS]brain disease","0"
"Melorheostosis[SEP][CLS]mature teratoma of the ovary","0"
"Vitiligo[SEP][CLS]trachea carcinoma","0"
"Ovarian Fetiform Teratoma[SEP][CLS]cervix disease","0"
"Gout[SEP][CLS]glomerulonephritis","0"
"Tick-Borne Relapsing Fever[SEP][CLS]idiopathic interstitial pneumonia","0"
"Optic Nerve Sheath Meningioma[SEP][CLS]ovarian mucinous adenofibroma","0"
"Spindle Cell Synovial Sarcoma[SEP][CLS]renal tubular transport disease","0"
"Polycythemia[SEP][CLS]calcinosis","0"
"Menkes Disease[SEP][CLS]penile disease","0"
"Ovarian Solid Teratoma[SEP][CLS]multiple system atrophy","0"
"Brain Liposarcoma[SEP][CLS]coccidiosis","0"
"Glycogen Storage Disease Type I[SEP][CLS]hemangioma","0"
"Mongolian Spot[SEP][CLS]arthropathy","0"
"Sclera Disorder[SEP][CLS]hemangioma","0"
"Skin Appendage Neoplasm[SEP][CLS]cervical adenomyoma","0"
"Ampulla of Vater Signet Ring Cell Carcinoma[SEP][CLS]syndrome","0"
"Malignant Nasolacrimal Duct Neoplasm[SEP][CLS]brain disease","0"
"Retinal Melanoma[SEP][CLS]heart disease","0"
"Pulmonary Fibrosis[SEP][CLS]dermatitis","0"
"Celiac Disease[SEP][CLS]infancy electroclinical syndrome","0"
"Astrocytoma, IDH-Mutant, Grade 4[SEP][CLS]ovarian primitive germ cell tumor","0"
"Cervical Small Cell Neuroendocrine Carcinoma[SEP][CLS]cervix carcinoma","1"
"Myeloid/Lymphoid Neoplasms with PDGFRB Rearrangement[SEP][CLS]leiomyoma","0"
"Adult Malignant Mesenchymoma[SEP][CLS]organic acidemia","0"
"Croup[SEP][CLS]splenic disease","0"
"Ovarian Gestational Choriocarcinoma[SEP][CLS]hepatoblastoma","0"
"Vasculitis[SEP][CLS]skin melanoma","0"
"Fallopian Tube Teratoma[SEP][CLS]fallopian tube cancer","1"
"Female Urethral Malignant Neoplasm[SEP][CLS]pre-malignant neoplasm","0"
"Diabetic Ketoacidosis[SEP][CLS]disease","0"
"Periodontal Disorder[SEP][CLS]mucopolysaccharidosis","0"
"Cellular Neurofibroma[SEP][CLS]larynx cancer","0"
"Spiradenoma[SEP][CLS]chondroma","0"
"Microscopic Colitis[SEP][CLS]pyoderma","0"
"Evans Syndrome[SEP][CLS]glomerulonephritis","0"
"Lymphocyte-Rich Classic Hodgkin Lymphoma[SEP][CLS]autoimmune disease of peripheral nervous system","0"
"Neonatal Diabetes Mellitus[SEP][CLS]diffuse astrocytoma","0"
"Cholestasis[SEP][CLS]bile duct disease","1"
"Bone Angiosarcoma[SEP][CLS]pancreatic intraductal papillary-colloid carcinoma","0"
"Chronic Renal Failure[SEP][CLS]pyoderma","0"
"Onchocerciasis[SEP][CLS]thyroid gland disease","0"
"Communication Disorder[SEP][CLS]nose disease","0"
"Papillary Carcinoma[SEP][CLS]chromosomal disease","0"
"Pineal Region Dysgerminoma[SEP][CLS]polyneuropathy","0"
"Ovarian Large Cell Neuroendocrine Carcinoma[SEP][CLS]obstructive lung disease","0"
"Verrucous Carcinoma[SEP][CLS]adrenal gland disease","0"
"Lipoma-Like Atypical Lipomatous Tumor/Well Differentiated Liposarcoma[SEP][CLS]liposarcoma","1"
"Testicular Leukemia[SEP][CLS]keratoacanthoma","0"
"Aleukemic Monocytic Leukemia Cutis[SEP][CLS]interstitial lung disease","0"
"Citrullinemia[SEP][CLS]colonic disease","0"
"Rete Ovarii Neoplasm[SEP][CLS]breast lobular carcinoma","0"
"Sertoli Cell-Only Syndrome[SEP][CLS]male infertility","1"
"Rectal Signet Ring Cell Adenocarcinoma[SEP][CLS]familial hyperlipidemia","0"
"Galactosemia[SEP][CLS]uterine corpus cellular leiomyoma","0"
"POEMS Syndrome[SEP][CLS]posterior pituitary gland neoplasm","0"
"Ovarian Mucinous Adenocarcinofibroma[SEP][CLS]epithelioid sarcoma","0"
"Hepatobiliary Neoplasm[SEP][CLS]skin benign neoplasm","0"
"Histiocytoma[SEP][CLS]epilepsy","0"
"Huntington's Disease[SEP][CLS]lung carcinoma","0"
"Familial Hypertrophic Cardiomyopathy[SEP][CLS]B-lymphoblastic leukemia/lymphoma","0"
"Interstitial Myocarditis[SEP][CLS]smallpox","0"
"Proliferative Glomerulonephritis[SEP][CLS]diabetic retinopathy","0"
"Breast Squamous Cell Carcinoma, Spindle Cell Variant[SEP][CLS]skin disease","0"
"Subglottic Carcinoma[SEP][CLS]syndrome","0"
"Hereditary Fallopian Tube Carcinoma[SEP][CLS]fallopian tube carcinoma","1"
"Actinic Keratosis[SEP][CLS]carbohydrate metabolic disorder","0"
"Adult Fibrosarcoma[SEP][CLS]diabetes mellitus","0"
"Aorta Disease[SEP][CLS]ovarian disease","0"
"Osteoporosis[SEP][CLS]testicular yolk sac tumor","0"
"Occupational Dermatitis[SEP][CLS]contact dermatitis","1"
"Primary Hyperparathyroidism[SEP][CLS]neuroma","0"
"Mucin-Rich Endometrial Endometrioid Adenocarcinoma[SEP][CLS]synostosis","0"
"Pilocytic Astrocytoma[SEP][CLS]acanthoma","0"
"Cocaine Dependence[SEP][CLS]well-differentiated liposarcoma","0"
"Gynatresia[SEP][CLS]nipple benign neoplasm","0"
"Microcystic/Reticular Schwannoma[SEP][CLS]central nervous system benign neoplasm","0"
"Verrucous Carcinoma[SEP][CLS]skin disease","0"
"Posterior Pituitary Gland Neoplasm[SEP][CLS]retinal cell cancer","0"
"Lung Basaloid Large Cell Carcinoma[SEP][CLS]dermatophytosis","0"
"Nasopharyngeal Disorder[SEP][CLS]eye disease","0"
"Calcification[SEP][CLS]malignant pineal area germ cell neoplasm","0"
"Multiple Skull Base Meningiomas[SEP][CLS]breast fibrocystic disease","0"
"Aortic Valve Insufficiency[SEP][CLS]retinal disease","0"
"Acute Alcoholic Hepatitis[SEP][CLS]mixed cell type cancer","0"
"Localized Osteosarcoma[SEP][CLS]syndrome","0"
"Laryngeal Stenosis[SEP][CLS]vein disease","0"
"Mixed Germ Cell Tumor[SEP][CLS]retinal disease","0"
"Rosette-Forming Glioneuronal Tumor[SEP][CLS]spinal canal and spinal cord meningioma","0"
"Mucinous Cystadenofibroma[SEP][CLS]pericardium disease","0"
"Autonomic Neuropathy[SEP][CLS]autonomic nervous system disease","1"
"Myxoid Glioneuronal Tumor[SEP][CLS]anus adenocarcinoma","0"
"Breast Angiosarcoma[SEP][CLS]sex cord-gonadal stromal tumor","0"
"Nipple Carcinoma[SEP][CLS]non-proliferative fibrocystic change of the breast","0"
"Congenital Dyserythropoietic Anemia[SEP][CLS]variable age at onset electroclinical syndrome","0"
"Hypospadias[SEP][CLS]lymphoproliferative syndrome","0"
"Hepatoid Adenocarcinoma[SEP][CLS]brain disease","0"
"Angiolipoma[SEP][CLS]ischemic bone disease","0"
"Breast Giant Fibroadenoma[SEP][CLS]physical urticaria","0"
"Autism[SEP][CLS]cell type benign neoplasm","0"
"Cardiac Leiomyosarcoma[SEP][CLS]intestinal obstruction","0"
"Pancreatic Mucinous-Cystic Neoplasm with an Associated Invasive Carcinoma[SEP][CLS]skull base cancer","0"
"Hydronephrosis[SEP][CLS]cervicitis","0"
"Pityriasis Rosea[SEP][CLS]cornea cancer","0"
"Malignant Spermatic Cord Neoplasm[SEP][CLS]nutritional deficiency disease","0"
"Post-Traumatic Stress Disorder[SEP][CLS]skull base meningioma","0"
"Vasculitis[SEP][CLS]psychotic disorder","0"
"Myiasis[SEP][CLS]hyperparathyroidism","0"
"Central Nervous System Melanocytic Neoplasm[SEP][CLS]reproductive organ benign neoplasm","0"
"Desquamative Interstitial Pneumonia[SEP][CLS]skin disease","0"
"Lichen Planus[SEP][CLS]posterior pituitary gland neoplasm","0"
"Localized Scleroderma[SEP][CLS]mature teratoma of the ovary","0"
"Early Yaws[SEP][CLS]neuroendocrine tumor","0"
"Nodular Goiter[SEP][CLS]hypersensitivity reaction type IV disease","0"
"Refractory Malignant Testicular Germ Cell Tumor[SEP][CLS]testis seminoma","0"
"Craniopharyngioma[SEP][CLS]parasitic helminthiasis infectious disease","0"
"Angle Closure Glaucoma[SEP][CLS]glaucoma","1"
"Pancreatic Foamy Gland Adenocarcinoma[SEP][CLS]muscular dystrophy","0"
"Spindle Cell Oncocytoma[SEP][CLS]breast fibroadenoma","0"
"Mesothelioma[SEP][CLS]lung carcinoma","0"
"Malignant Supraglottis Neoplasm[SEP][CLS]cystadenocarcinoma","0"
"B-Cell Prolymphocytic Leukemia[SEP][CLS]colonic disease","0"
"Metanephric Adenofibroma[SEP][CLS]pericardium disease","0"
"Drug Induced Lupus Erythematosus[SEP][CLS]parathyroid gland disease","0"
"Central Nervous System Neuroblastoma[SEP][CLS]skin benign neoplasm","0"
"Hemoglobinuria[SEP][CLS]proteinuria","1"
"Gangliocytoma[SEP][CLS]laryngeal squamous cell carcinoma","0"
"Childhood Kidney Angiomyolipoma[SEP][CLS]childhood leukemia","0"
"Mitral Valve Prolapse[SEP][CLS]inflammatory and toxic neuropathy","0"
"Epidural Spinal Canal Meningioma[SEP][CLS]spinal canal and spinal cord meningioma","1"
"Corneal Ulcer[SEP][CLS]spindle cell thymoma","0"
"Colon Lymphangioma[SEP][CLS]hypertension","0"
"Angelman Syndrome[SEP][CLS]familial hyperlipidemia","0"
"Spinal Muscular Atrophy Type 3[SEP][CLS]lymphatic system disease","0"
"Mediastinal Soft Tissue Neoplasm[SEP][CLS]lipid metabolism disorder","0"
"Interdigitating Dendritic Cell Sarcoma[SEP][CLS]syndrome","0"
"Benign Breast Adenomyoepithelioma[SEP][CLS]impulse control disorder","0"
"Hypopituitarism[SEP][CLS]phobic disorder","0"
"Gynatresia[SEP][CLS]cystadenocarcinoma","0"
"Breast Melanoma[SEP][CLS]breast cancer","1"
"Telangiectasia[SEP][CLS]skin disease","0"
"Childhood Ovarian Embryonal Carcinoma[SEP][CLS]primary congenital glaucoma","0"
"Bladder Mucinous Adenocarcinoma[SEP][CLS]Goodpasture syndrome","0"
"Skin Leiomyoma[SEP][CLS]iris disease","0"
"Papillary Ependymoma[SEP][CLS]Griscelli syndrome","0"
"Lipodystrophy[SEP][CLS]central nervous system benign neoplasm","0"
"Endometritis[SEP][CLS]phimosis","0"
"Eyelid Disorder[SEP][CLS]skin disease","1"
"Ovarian Endometrioid Stromal and Related Neoplasms[SEP][CLS]osteochondrodysplasia","0"
"Uterine Corpus Epithelioid Leiomyoma[SEP][CLS]peripheral nervous system neoplasm","0"
"Vulvar Clear Cell Hidradenocarcinoma[SEP][CLS]cystadenocarcinoma","0"
"Cervical Endometrioid Stromal and Related Neoplasms[SEP][CLS]obesity","0"
"Diffuse Large B-Cell Lymphoma, Not Otherwise Specified[SEP][CLS]anus benign neoplasm","0"
"Ophthalmoplegia[SEP][CLS]Joubert syndrome","0"
"Clear Cell Adenoma[SEP][CLS]high grade glioma","0"
"Mixed Epithelial and Mesenchymal Hepatoblastoma[SEP][CLS]male reproductive organ benign neoplasm","0"
"Rabies[SEP][CLS]esophageal carcinoma","0"
"Tick-Borne Relapsing Fever[SEP][CLS]carcinoma","0"
"Psammomatous Meningioma[SEP][CLS]meningioma","1"
"Pericarditis[SEP][CLS]renal cell carcinoma","0"
"Epiphora[SEP][CLS]malaria","0"
"Freeman-Sheldon Syndrome[SEP][CLS]viral infectious disease","0"
"Liver Sarcoma[SEP][CLS]amnestic disorder","0"
"Parathyroid Gland Clear Cell Adenoma[SEP][CLS]esophageal carcinoma","0"
"Chordoid Meningioma[SEP][CLS]epilepsy","0"
"Fibroosseous Pseudotumor of Digits[SEP][CLS]bone benign neoplasm","1"
"Dermatographism[SEP][CLS]meningioma","0"
"Neuritis[SEP][CLS]male infertility","0"
"Skeletal Muscle Neoplasm[SEP][CLS]gastric adenocarcinoma","0"
"Tay-Sachs Disease[SEP][CLS]ovarian embryonal carcinoma","0"
"Chronic Cervicitis[SEP][CLS]anal squamous cell carcinoma","0"
"Malignant Exocrine Pancreas Neoplasm[SEP][CLS]prion disease","0"
"Ear Disorder[SEP][CLS]laryngitis","0"
"Rectal Cloacogenic Carcinoma[SEP][CLS]rectum squamous cell carcinoma","1"
"Dermatophytosis of Groin and Perianal Area[SEP][CLS]dermatophytosis","1"
"Angioma Serpiginosum[SEP][CLS]hepatitis","0"
"Hairy Tongue[SEP][CLS]Bartholin's gland disease","0"
"Fibrous Meningioma[SEP][CLS]meningioma","1"
"Scirrhous Adenocarcinoma[SEP][CLS]brain disease","0"
"Prostate Angiosarcoma[SEP][CLS]radiculopathy","0"
"Hair Follicle Neoplasm[SEP][CLS]migraine","0"
"Gaucher Disease[SEP][CLS]retinoblastoma","0"
"Salivary Cyst[SEP][CLS]female reproductive system disease","0"
"Epithelioid Leiomyosarcoma[SEP][CLS]deep keratitis","0"
"Mature Ovarian Teratoma[SEP][CLS]central nervous system teratoma","0"
"Neuritis[SEP][CLS]central nervous system melanocytic neoplasm","0"
"Gastric Cronkhite Canada Polyposis[SEP][CLS]retroperitoneal sarcoma","0"
"Corpus Callosum Lipoma[SEP][CLS]kidney disease","0"
"Breast Fibrocystic Change[SEP][CLS]breast benign neoplasm","1"
"Parotitis[SEP][CLS]bronchial disease","0"
"Porokeratosis[SEP][CLS]rhinitis","0"
"Hydronephrosis[SEP][CLS]liposarcoma","0"
"Adult Central Nervous System Solitary Fibrous Tumor, Grade 3[SEP][CLS]thymus cancer","0"
"Bare Lymphocyte Syndrome[SEP][CLS]ethmoid sinus cancer","0"
"Intraventricular Brain Neoplasm[SEP][CLS]pre-malignant neoplasm","0"
"Adult Epithelioid Sarcoma[SEP][CLS]lipid metabolism disorder","0"
"Dubin-Johnson Syndrome[SEP][CLS]cervix disease","0"
"Polycythaemia due to Excess Erythropoetin Production[SEP][CLS]sweat gland benign neoplasm","0"
"Uterine Corpus Lipoleiomyoma[SEP][CLS]metal metabolism disorder","0"
"Polymorphous Low Grade Neuroepithelial Tumor of the Young[SEP][CLS]meningioma","0"
"Hereditary Retinoblastoma[SEP][CLS]breast adenocarcinoma","0"
"Megaloblastic Anemia[SEP][CLS]extraskeletal myxoid chondrosarcoma","0"
"Premature Menopause[SEP][CLS]retinal cancer","0"
"1p36 Deletion Syndrome[SEP][CLS]intestinal disease","0"
"Pick's Disease[SEP][CLS]ganglioneuroblastoma","0"
"Spinal Cord Neuroblastoma[SEP][CLS]opiate dependence","0"
"Platelet Disorder[SEP][CLS]blood coagulation disease","1"
"Apraxia[SEP][CLS]neuroma","0"
"Orbit Rhabdomyosarcoma[SEP][CLS]disease of anatomical entity","0"
"Dracunculiasis[SEP][CLS]primary cutaneous T-cell non-Hodgkin lymphoma","0"
"Cannabis Dependence[SEP][CLS]meningioma","0"
"Thymic Small Cell Neuroendocrine Carcinoma[SEP][CLS]renal pelvis transitional cell carcinoma","0"
"Threatened Abortion[SEP][CLS]urinary bladder cancer","0"
"Metastatic Corticotroph Pituitary Neuroendocrine Tumor[SEP][CLS]hormone producing pituitary cancer","1"
"Placental Site Trophoblastic Tumor[SEP][CLS]choriocarcinoma","1"
"Intestinal Pseudo-Obstruction[SEP][CLS]bone resorption disease","0"
"Round Cell Liposarcoma[SEP][CLS]adrenal cortex disease","0"
"Mesenteric Lymphadenitis[SEP][CLS]brain disease","0"
"Metachronous Osteosarcoma[SEP][CLS]osteosarcoma","1"
"Esophagitis[SEP][CLS]epilepsy","0"
"Chronic Monocytic Leukemia[SEP][CLS]uterine ligament cancer","0"
"Synovial Sarcoma[SEP][CLS]renal cell carcinoma","0"
"Testicular Yolk Sac Tumor, Microcystic Pattern[SEP][CLS]systemic mastocytosis","0"
"Transitional Cell Papilloma[SEP][CLS]syphilis","0"
"Testicular Yolk Sac Tumor, Solid Pattern[SEP][CLS]blood coagulation disease","0"
"Ear Disorder[SEP][CLS]malignant pineal area germ cell neoplasm","0"
"Vesicoureteral Reflux[SEP][CLS]lipomatosis","0"
"Wolfram Syndrome[SEP][CLS]glomus tumor","0"
"Refractive Error[SEP][CLS]sebaceous gland disease","0"
"Large Cell Medulloblastoma[SEP][CLS]malignant pineal area germ cell neoplasm","0"
"Acute Suppurative Thyroiditis[SEP][CLS]osteosclerosis","0"
"Mongolian Spot[SEP][CLS]skin disease","1"
"Acute Nasopharyngitis[SEP][CLS]hereditary lymphedema","0"
